                   BLNY           Nu_c           Nd_c           au_c           ad_c           bu_c           bd_c           Nu_T           Nd_T           au_T           ad_T           bu_T           bd_T
+BLNY -bu_c    2.43336e-02    2.61971e-01   -1.95220e-01    1.69586e+00    3.20601e-01   -1.34563e-01    3.61390e-03    8.54376e-01   -9.99999e-01    6.88367e-01    1.79434e+00    4.81953e-02    6.99676e+00
-BLNY -bu_c    2.28996e-02    2.61971e-01   -1.95220e-01    1.69586e+00    3.20601e-01   -1.34563e-01    3.61390e-03    8.54376e-01   -9.99999e-01    6.88367e-01    1.79434e+00    4.81953e-02    6.99676e+00
+Nu_c -bu_c    2.36166e-02    2.86625e-01   -1.95220e-01    1.69586e+00    3.20601e-01   -1.34563e-01    3.61390e-03    8.54376e-01   -9.99999e-01    6.88367e-01    1.79434e+00    4.81953e-02    6.99676e+00
-Nu_c -bu_c    2.36166e-02    2.37317e-01   -1.95220e-01    1.69586e+00    3.20601e-01   -1.34563e-01    3.61390e-03    8.54376e-01   -9.99999e-01    6.88367e-01    1.79434e+00    4.81953e-02    6.99676e+00
+Nd_c -bu_c    2.36166e-02    2.61971e-01   -1.88061e-01    1.69586e+00    3.20601e-01   -1.34563e-01    3.61390e-03    8.54376e-01   -9.99999e-01    6.88367e-01    1.79434e+00    4.81953e-02    6.99676e+00
-Nd_c -bu_c    2.36166e-02    2.61971e-01   -2.02379e-01    1.69586e+00    3.20601e-01   -1.34563e-01    3.61390e-03    8.54376e-01   -9.99999e-01    6.88367e-01    1.79434e+00    4.81953e-02    6.99676e+00
+au_c -bu_c    2.36166e-02    2.61971e-01   -1.95220e-01    1.70345e+00    3.20601e-01   -1.34563e-01    3.61390e-03    8.54376e-01   -9.99999e-01    6.88367e-01    1.79434e+00    4.81953e-02    6.99676e+00
-au_c -bu_c    2.36166e-02    2.61971e-01   -1.95220e-01    1.68827e+00    3.20601e-01   -1.34563e-01    3.61390e-03    8.54376e-01   -9.99999e-01    6.88367e-01    1.79434e+00    4.81953e-02    6.99676e+00
+ad_c -bu_c    2.36166e-02    2.61971e-01   -1.95220e-01    1.69586e+00    3.60717e-01   -1.34563e-01    3.61390e-03    8.54376e-01   -9.99999e-01    6.88367e-01    1.79434e+00    4.81953e-02    6.99676e+00
-ad_c -bu_c    2.36166e-02    2.61971e-01   -1.95220e-01    1.69586e+00    2.80485e-01   -1.34563e-01    3.61390e-03    8.54376e-01   -9.99999e-01    6.88367e-01    1.79434e+00    4.81953e-02    6.99676e+00
-bu_c +bu_c    2.36166e-02    2.61971e-01   -1.95220e-01    1.69586e+00    3.20601e-01   -1.34563e-01    3.61390e-03    8.54376e-01   -9.99999e-01    6.88367e-01    1.79434e+00    4.81953e-02    6.99676e+00
-bu_c -bu_c    2.36166e-02    2.61971e-01   -1.95220e-01    1.69586e+00    3.20601e-01   -1.34563e-01    3.61390e-03    8.54376e-01   -9.99999e-01    6.88367e-01    1.79434e+00    4.81953e-02    6.99676e+00
+bu_c -bd_c    2.36166e-02    2.61971e-01   -1.95220e-01    1.69586e+00    3.20601e-01    1.34565e-01   -1.94823e-01    8.54376e-01   -9.99999e-01    6.88367e-01    1.79434e+00    4.81953e-02    6.99676e+00
-bu_c +bd_c    2.36166e-02    2.61971e-01   -1.95220e-01    1.69586e+00    3.20601e-01   -1.34563e-01    2.02050e-01    8.54376e-01   -9.99999e-01    6.88367e-01    1.79434e+00    4.81953e-02    6.99676e+00
-bu_c -bd_c    2.36166e-02    2.61971e-01   -1.95220e-01    1.69586e+00    3.20601e-01   -1.34563e-01   -1.94823e-01    8.54376e-01   -9.99999e-01    6.88367e-01    1.79434e+00    4.81953e-02    6.99676e+00
-bu_c +Nu_T    2.36166e-02    2.61971e-01   -1.95220e-01    1.69586e+00    3.20601e-01   -1.34563e-01    3.61390e-03    9.40928e-01   -9.99999e-01    6.88367e-01    1.79434e+00    4.81953e-02    6.99676e+00
-bu_c -Nu_T    2.36166e-02    2.61971e-01   -1.95220e-01    1.69586e+00    3.20601e-01   -1.34563e-01    3.61390e-03    7.67824e-01   -9.99999e-01    6.88367e-01    1.79434e+00    4.81953e-02    6.99676e+00
-bu_c +Nd_T    2.36166e-02    2.61971e-01   -1.95220e-01    1.69586e+00    3.20601e-01   -1.34563e-01    3.61390e-03    8.54376e-01   -8.74845e-01    6.88367e-01    1.79434e+00    4.81953e-02    6.99676e+00
-bu_c -Nd_T    2.36166e-02    2.61971e-01   -1.95220e-01    1.69586e+00    3.20601e-01   -1.34563e-01    3.61390e-03    8.54376e-01   -1.12515e+00    6.88367e-01    1.79434e+00    4.81953e-02    6.99676e+00
-bu_c +au_T    2.36166e-02    2.61971e-01   -1.95220e-01    1.69586e+00    3.20601e-01   -1.34563e-01    3.61390e-03    8.54376e-01   -9.99999e-01    6.91077e-01    1.79434e+00    4.81953e-02    6.99676e+00
-bu_c -au_T    2.36166e-02    2.61971e-01   -1.95220e-01    1.69586e+00    3.20601e-01   -1.34563e-01    3.61390e-03    8.54376e-01   -9.99999e-01    6.85657e-01    1.79434e+00    4.81953e-02    6.99676e+00
-bu_c +ad_T    2.36166e-02    2.61971e-01   -1.95220e-01    1.69586e+00    3.20601e-01   -1.34563e-01    3.61390e-03    8.54376e-01   -9.99999e-01    6.88367e-01    1.83401e+00    4.81953e-02    6.99676e+00
-bu_c -ad_T    2.36166e-02    2.61971e-01   -1.95220e-01    1.69586e+00    3.20601e-01   -1.34563e-01    3.61390e-03    8.54376e-01   -9.99999e-01    6.88367e-01    1.75467e+00    4.81953e-02    6.99676e+00
-bu_c +bu_T    2.36166e-02    2.61971e-01   -1.95220e-01    1.69586e+00    3.20601e-01   -1.34563e-01    3.61390e-03    8.54376e-01   -9.99999e-01    6.88367e-01    1.79434e+00    5.06263e-02    6.99676e+00
-bu_c -bu_T    2.36166e-02    2.61971e-01   -1.95220e-01    1.69586e+00    3.20601e-01   -1.34563e-01    3.61390e-03    8.54376e-01   -9.99999e-01    6.88367e-01    1.79434e+00    4.57643e-02    6.99676e+00
-bu_c +bd_T    2.36166e-02    2.61971e-01   -1.95220e-01    1.69586e+00    3.20601e-01   -1.34563e-01    3.61390e-03    8.54376e-01   -9.99999e-01    6.88367e-01    1.79434e+00    4.81953e-02    7.16227e+00
-bu_c -bd_T    2.36166e-02    2.61971e-01   -1.95220e-01    1.69586e+00    3.20601e-01   -1.34563e-01    3.61390e-03    8.54376e-01   -9.99999e-01    6.88367e-01    1.79434e+00    4.81953e-02    6.83125e+00
-bd_c +bd_c    2.36166e-02    2.61971e-01   -1.95220e-01    1.69586e+00    3.20601e-01    1.46831e-06   -1.94823e-01    8.54376e-01   -9.99999e-01    6.88367e-01    1.79434e+00    4.81953e-02    6.99676e+00
-bd_c -bd_c    2.36166e-02    2.61971e-01   -1.95220e-01    1.69586e+00    3.20601e-01    1.46831e-06   -1.94823e-01    8.54376e-01   -9.99999e-01    6.88367e-01    1.79434e+00    4.81953e-02    6.99676e+00
-bd_c +Nu_T    2.36166e-02    2.61971e-01   -1.95220e-01    1.69586e+00    3.20601e-01    1.46831e-06   -1.94823e-01    9.40928e-01   -9.99999e-01    6.88367e-01    1.79434e+00    4.81953e-02    6.99676e+00
-bd_c -Nu_T    2.36166e-02    2.61971e-01   -1.95220e-01    1.69586e+00    3.20601e-01    1.46831e-06   -1.94823e-01    7.67824e-01   -9.99999e-01    6.88367e-01    1.79434e+00    4.81953e-02    6.99676e+00
-bd_c +Nd_T    2.36166e-02    2.61971e-01   -1.95220e-01    1.69586e+00    3.20601e-01    1.46831e-06   -1.94823e-01    8.54376e-01   -8.74845e-01    6.88367e-01    1.79434e+00    4.81953e-02    6.99676e+00
-bd_c -Nd_T    2.36166e-02    2.61971e-01   -1.95220e-01    1.69586e+00    3.20601e-01    1.46831e-06   -1.94823e-01    8.54376e-01   -1.12515e+00    6.88367e-01    1.79434e+00    4.81953e-02    6.99676e+00
-bd_c +au_T    2.36166e-02    2.61971e-01   -1.95220e-01    1.69586e+00    3.20601e-01    1.46831e-06   -1.94823e-01    8.54376e-01   -9.99999e-01    6.91077e-01    1.79434e+00    4.81953e-02    6.99676e+00
-bd_c -au_T    2.36166e-02    2.61971e-01   -1.95220e-01    1.69586e+00    3.20601e-01    1.46831e-06   -1.94823e-01    8.54376e-01   -9.99999e-01    6.85657e-01    1.79434e+00    4.81953e-02    6.99676e+00
-bd_c +ad_T    2.36166e-02    2.61971e-01   -1.95220e-01    1.69586e+00    3.20601e-01    1.46831e-06   -1.94823e-01    8.54376e-01   -9.99999e-01    6.88367e-01    1.83401e+00    4.81953e-02    6.99676e+00
-bd_c -ad_T    2.36166e-02    2.61971e-01   -1.95220e-01    1.69586e+00    3.20601e-01    1.46831e-06   -1.94823e-01    8.54376e-01   -9.99999e-01    6.88367e-01    1.75467e+00    4.81953e-02    6.99676e+00
-bd_c +bu_T    2.36166e-02    2.61971e-01   -1.95220e-01    1.69586e+00    3.20601e-01    1.46831e-06   -1.94823e-01    8.54376e-01   -9.99999e-01    6.88367e-01    1.79434e+00    5.06263e-02    6.99676e+00
-bd_c -bu_T    2.36166e-02    2.61971e-01   -1.95220e-01    1.69586e+00    3.20601e-01    1.46831e-06   -1.94823e-01    8.54376e-01   -9.99999e-01    6.88367e-01    1.79434e+00    4.57643e-02    6.99676e+00
-bd_c +bd_T    2.36166e-02    2.61971e-01   -1.95220e-01    1.69586e+00    3.20601e-01    1.46831e-06   -1.94823e-01    8.54376e-01   -9.99999e-01    6.88367e-01    1.79434e+00    4.81953e-02    7.16227e+00
-bd_c -bd_T    2.36166e-02    2.61971e-01   -1.95220e-01    1.69586e+00    3.20601e-01    1.46831e-06   -1.94823e-01    8.54376e-01   -9.99999e-01    6.88367e-01    1.79434e+00    4.81953e-02    6.83125e+00
+BLNY -bu_c    2.43336e-02    2.61971e-01   -1.95220e-01    1.69586e+00    3.20601e-01   -1.34563e-01    3.61390e-03    8.54376e-01   -9.99999e-01    6.88367e-01    1.79434e+00    4.81953e-02    6.99676e+00
-BLNY -bu_c    2.28996e-02    2.61971e-01   -1.95220e-01    1.69586e+00    3.20601e-01   -1.34563e-01    3.61390e-03    8.54376e-01   -9.99999e-01    6.88367e-01    1.79434e+00    4.81953e-02    6.99676e+00
+Nu_c -bu_c    2.36166e-02    2.86625e-01   -1.95220e-01    1.69586e+00    3.20601e-01   -1.34563e-01    3.61390e-03    8.54376e-01   -9.99999e-01    6.88367e-01    1.79434e+00    4.81953e-02    6.99676e+00
-Nu_c -bu_c    2.36166e-02    2.37317e-01   -1.95220e-01    1.69586e+00    3.20601e-01   -1.34563e-01    3.61390e-03    8.54376e-01   -9.99999e-01    6.88367e-01    1.79434e+00    4.81953e-02    6.99676e+00
+Nd_c -bu_c    2.36166e-02    2.61971e-01   -1.88061e-01    1.69586e+00    3.20601e-01   -1.34563e-01    3.61390e-03    8.54376e-01   -9.99999e-01    6.88367e-01    1.79434e+00    4.81953e-02    6.99676e+00
-Nd_c -bu_c    2.36166e-02    2.61971e-01   -2.02379e-01    1.69586e+00    3.20601e-01   -1.34563e-01    3.61390e-03    8.54376e-01   -9.99999e-01    6.88367e-01    1.79434e+00    4.81953e-02    6.99676e+00
+au_c -bu_c    2.36166e-02    2.61971e-01   -1.95220e-01    1.70345e+00    3.20601e-01   -1.34563e-01    3.61390e-03    8.54376e-01   -9.99999e-01    6.88367e-01    1.79434e+00    4.81953e-02    6.99676e+00
-au_c -bu_c    2.36166e-02    2.61971e-01   -1.95220e-01    1.68827e+00    3.20601e-01   -1.34563e-01    3.61390e-03    8.54376e-01   -9.99999e-01    6.88367e-01    1.79434e+00    4.81953e-02    6.99676e+00
+ad_c -bu_c    2.36166e-02    2.61971e-01   -1.95220e-01    1.69586e+00    3.60717e-01   -1.34563e-01    3.61390e-03    8.54376e-01   -9.99999e-01    6.88367e-01    1.79434e+00    4.81953e-02    6.99676e+00
-ad_c -bu_c    2.36166e-02    2.61971e-01   -1.95220e-01    1.69586e+00    2.80485e-01   -1.34563e-01    3.61390e-03    8.54376e-01   -9.99999e-01    6.88367e-01    1.79434e+00    4.81953e-02    6.99676e+00
-bu_c +bu_c    2.36166e-02    2.61971e-01   -1.95220e-01    1.69586e+00    3.20601e-01   -1.34563e-01    3.61390e-03    8.54376e-01   -9.99999e-01    6.88367e-01    1.79434e+00    4.81953e-02    6.99676e+00
-bu_c -bu_c    2.36166e-02    2.61971e-01   -1.95220e-01    1.69586e+00    3.20601e-01   -1.34563e-01    3.61390e-03    8.54376e-01   -9.99999e-01    6.88367e-01    1.79434e+00    4.81953e-02    6.99676e+00
-bu_c +bd_c    2.36166e-02    2.61971e-01   -1.95220e-01    1.69586e+00    3.20601e-01   -1.34563e-01    2.02050e-01    8.54376e-01   -9.99999e-01    6.88367e-01    1.79434e+00    4.81953e-02    6.99676e+00
-bu_c -bd_c    2.36166e-02    2.61971e-01   -1.95220e-01    1.69586e+00    3.20601e-01   -1.34563e-01   -1.94823e-01    8.54376e-01   -9.99999e-01    6.88367e-01    1.79434e+00    4.81953e-02    6.99676e+00
-bu_c +Nu_T    2.36166e-02    2.61971e-01   -1.95220e-01    1.69586e+00    3.20601e-01   -1.34563e-01    3.61390e-03    9.40928e-01   -9.99999e-01    6.88367e-01    1.79434e+00    4.81953e-02    6.99676e+00
-bu_c -Nu_T    2.36166e-02    2.61971e-01   -1.95220e-01    1.69586e+00    3.20601e-01   -1.34563e-01    3.61390e-03    7.67824e-01   -9.99999e-01    6.88367e-01    1.79434e+00    4.81953e-02    6.99676e+00
-bu_c +Nd_T    2.36166e-02    2.61971e-01   -1.95220e-01    1.69586e+00    3.20601e-01   -1.34563e-01    3.61390e-03    8.54376e-01   -8.74845e-01    6.88367e-01    1.79434e+00    4.81953e-02    6.99676e+00
-bu_c -Nd_T    2.36166e-02    2.61971e-01   -1.95220e-01    1.69586e+00    3.20601e-01   -1.34563e-01    3.61390e-03    8.54376e-01   -1.12515e+00    6.88367e-01    1.79434e+00    4.81953e-02    6.99676e+00
-bu_c +au_T    2.36166e-02    2.61971e-01   -1.95220e-01    1.69586e+00    3.20601e-01   -1.34563e-01    3.61390e-03    8.54376e-01   -9.99999e-01    6.91077e-01    1.79434e+00    4.81953e-02    6.99676e+00
-bu_c -au_T    2.36166e-02    2.61971e-01   -1.95220e-01    1.69586e+00    3.20601e-01   -1.34563e-01    3.61390e-03    8.54376e-01   -9.99999e-01    6.85657e-01    1.79434e+00    4.81953e-02    6.99676e+00
-bu_c +ad_T    2.36166e-02    2.61971e-01   -1.95220e-01    1.69586e+00    3.20601e-01   -1.34563e-01    3.61390e-03    8.54376e-01   -9.99999e-01    6.88367e-01    1.83401e+00    4.81953e-02    6.99676e+00
-bu_c -ad_T    2.36166e-02    2.61971e-01   -1.95220e-01    1.69586e+00    3.20601e-01   -1.34563e-01    3.61390e-03    8.54376e-01   -9.99999e-01    6.88367e-01    1.75467e+00    4.81953e-02    6.99676e+00
-bu_c +bu_T    2.36166e-02    2.61971e-01   -1.95220e-01    1.69586e+00    3.20601e-01   -1.34563e-01    3.61390e-03    8.54376e-01   -9.99999e-01    6.88367e-01    1.79434e+00    5.06263e-02    6.99676e+00
-bu_c -bu_T    2.36166e-02    2.61971e-01   -1.95220e-01    1.69586e+00    3.20601e-01   -1.34563e-01    3.61390e-03    8.54376e-01   -9.99999e-01    6.88367e-01    1.79434e+00    4.57643e-02    6.99676e+00
-bu_c +bd_T    2.36166e-02    2.61971e-01   -1.95220e-01    1.69586e+00    3.20601e-01   -1.34563e-01    3.61390e-03    8.54376e-01   -9.99999e-01    6.88367e-01    1.79434e+00    4.81953e-02    7.16227e+00
-bu_c -bd_T    2.36166e-02    2.61971e-01   -1.95220e-01    1.69586e+00    3.20601e-01   -1.34563e-01    3.61390e-03    8.54376e-01   -9.99999e-01    6.88367e-01    1.79434e+00    4.81953e-02    6.83125e+00
+BLNY -bu_c    2.43336e-02    2.61971e-01   -1.95220e-01    1.69586e+00    3.20601e-01   -1.34563e-01    3.61390e-03    8.54376e-01   -9.99999e-01    6.88367e-01    1.79434e+00    4.81953e-02    6.99676e+00
-BLNY -bu_c    2.28996e-02    2.61971e-01   -1.95220e-01    1.69586e+00    3.20601e-01   -1.34563e-01    3.61390e-03    8.54376e-01   -9.99999e-01    6.88367e-01    1.79434e+00    4.81953e-02    6.99676e+00
+Nu_c -bu_c    2.36166e-02    2.86625e-01   -1.95220e-01    1.69586e+00    3.20601e-01   -1.34563e-01    3.61390e-03    8.54376e-01   -9.99999e-01    6.88367e-01    1.79434e+00    4.81953e-02    6.99676e+00
-Nu_c -bu_c    2.36166e-02    2.37317e-01   -1.95220e-01    1.69586e+00    3.20601e-01   -1.34563e-01    3.61390e-03    8.54376e-01   -9.99999e-01    6.88367e-01    1.79434e+00    4.81953e-02    6.99676e+00
+Nd_c -bu_c    2.36166e-02    2.61971e-01   -1.88061e-01    1.69586e+00    3.20601e-01   -1.34563e-01    3.61390e-03    8.54376e-01   -9.99999e-01    6.88367e-01    1.79434e+00    4.81953e-02    6.99676e+00
-Nd_c -bu_c    2.36166e-02    2.61971e-01   -2.02379e-01    1.69586e+00    3.20601e-01   -1.34563e-01    3.61390e-03    8.54376e-01   -9.99999e-01    6.88367e-01    1.79434e+00    4.81953e-02    6.99676e+00
+au_c -bu_c    2.36166e-02    2.61971e-01   -1.95220e-01    1.70345e+00    3.20601e-01   -1.34563e-01    3.61390e-03    8.54376e-01   -9.99999e-01    6.88367e-01    1.79434e+00    4.81953e-02    6.99676e+00
-au_c -bu_c    2.36166e-02    2.61971e-01   -1.95220e-01    1.68827e+00    3.20601e-01   -1.34563e-01    3.61390e-03    8.54376e-01   -9.99999e-01    6.88367e-01    1.79434e+00    4.81953e-02    6.99676e+00
+ad_c -bu_c    2.36166e-02    2.61971e-01   -1.95220e-01    1.69586e+00    3.60717e-01   -1.34563e-01    3.61390e-03    8.54376e-01   -9.99999e-01    6.88367e-01    1.79434e+00    4.81953e-02    6.99676e+00
-ad_c -bu_c    2.36166e-02    2.61971e-01   -1.95220e-01    1.69586e+00    2.80485e-01   -1.34563e-01    3.61390e-03    8.54376e-01   -9.99999e-01    6.88367e-01    1.79434e+00    4.81953e-02    6.99676e+00
-bu_c +bu_c    2.36166e-02    2.61971e-01   -1.95220e-01    1.69586e+00    3.20601e-01   -1.34563e-01    3.61390e-03    8.54376e-01   -9.99999e-01    6.88367e-01    1.79434e+00    4.81953e-02    6.99676e+00
-bu_c -bu_c    2.36166e-02    2.61971e-01   -1.95220e-01    1.69586e+00    3.20601e-01   -1.34563e-01    3.61390e-03    8.54376e-01   -9.99999e-01    6.88367e-01    1.79434e+00    4.81953e-02    6.99676e+00
-bu_c +bd_c    2.36166e-02    2.61971e-01   -1.95220e-01    1.69586e+00    3.20601e-01   -1.34563e-01    2.02050e-01    8.54376e-01   -9.99999e-01    6.88367e-01    1.79434e+00    4.81953e-02    6.99676e+00
-bu_c -bd_c    2.36166e-02    2.61971e-01   -1.95220e-01    1.69586e+00    3.20601e-01   -1.34563e-01   -1.94823e-01    8.54376e-01   -9.99999e-01    6.88367e-01    1.79434e+00    4.81953e-02    6.99676e+00
-bu_c +Nu_T    2.36166e-02    2.61971e-01   -1.95220e-01    1.69586e+00    3.20601e-01   -1.34563e-01    3.61390e-03    9.40928e-01   -9.99999e-01    6.88367e-01    1.79434e+00    4.81953e-02    6.99676e+00
-bu_c -Nu_T    2.36166e-02    2.61971e-01   -1.95220e-01    1.69586e+00    3.20601e-01   -1.34563e-01    3.61390e-03    7.67824e-01   -9.99999e-01    6.88367e-01    1.79434e+00    4.81953e-02    6.99676e+00
-bu_c +Nd_T    2.36166e-02    2.61971e-01   -1.95220e-01    1.69586e+00    3.20601e-01   -1.34563e-01    3.61390e-03    8.54376e-01   -8.74845e-01    6.88367e-01    1.79434e+00    4.81953e-02    6.99676e+00
-bu_c -Nd_T    2.36166e-02    2.61971e-01   -1.95220e-01    1.69586e+00    3.20601e-01   -1.34563e-01    3.61390e-03    8.54376e-01   -1.12515e+00    6.88367e-01    1.79434e+00    4.81953e-02    6.99676e+00
-bu_c +au_T    2.36166e-02    2.61971e-01   -1.95220e-01    1.69586e+00    3.20601e-01   -1.34563e-01    3.61390e-03    8.54376e-01   -9.99999e-01    6.91077e-01    1.79434e+00    4.81953e-02    6.99676e+00
-bu_c -au_T    2.36166e-02    2.61971e-01   -1.95220e-01    1.69586e+00    3.20601e-01   -1.34563e-01    3.61390e-03    8.54376e-01   -9.99999e-01    6.85657e-01    1.79434e+00    4.81953e-02    6.99676e+00
-bu_c +ad_T    2.36166e-02    2.61971e-01   -1.95220e-01    1.69586e+00    3.20601e-01   -1.34563e-01    3.61390e-03    8.54376e-01   -9.99999e-01    6.88367e-01    1.83401e+00    4.81953e-02    6.99676e+00
-bu_c -ad_T    2.36166e-02    2.61971e-01   -1.95220e-01    1.69586e+00    3.20601e-01   -1.34563e-01    3.61390e-03    8.54376e-01   -9.99999e-01    6.88367e-01    1.75467e+00    4.81953e-02    6.99676e+00
-bu_c +bu_T    2.36166e-02    2.61971e-01   -1.95220e-01    1.69586e+00    3.20601e-01   -1.34563e-01    3.61390e-03    8.54376e-01   -9.99999e-01    6.88367e-01    1.79434e+00    5.06263e-02    6.99676e+00
-bu_c -bu_T    2.36166e-02    2.61971e-01   -1.95220e-01    1.69586e+00    3.20601e-01   -1.34563e-01    3.61390e-03    8.54376e-01   -9.99999e-01    6.88367e-01    1.79434e+00    4.57643e-02    6.99676e+00
-bu_c +bd_T    2.36166e-02    2.61971e-01   -1.95220e-01    1.69586e+00    3.20601e-01   -1.34563e-01    3.61390e-03    8.54376e-01   -9.99999e-01    6.88367e-01    1.79434e+00    4.81953e-02    7.16227e+00
-bu_c -bd_T    2.36166e-02    2.61971e-01   -1.95220e-01    1.69586e+00    3.20601e-01   -1.34563e-01    3.61390e-03    8.54376e-01   -9.99999e-01    6.88367e-01    1.79434e+00    4.81953e-02    6.83125e+00
+BLNY -bu_c    2.43336e-02    2.61971e-01   -1.95220e-01    1.69586e+00    3.20601e-01   -1.34563e-01    3.61390e-03    8.54376e-01   -9.99999e-01    6.88367e-01    1.79434e+00    4.81953e-02    6.99676e+00
-BLNY -bu_c    2.28996e-02    2.61971e-01   -1.95220e-01    1.69586e+00    3.20601e-01   -1.34563e-01    3.61390e-03    8.54376e-01   -9.99999e-01    6.88367e-01    1.79434e+00    4.81953e-02    6.99676e+00
+Nu_c -bu_c    2.36166e-02    2.86625e-01   -1.95220e-01    1.69586e+00    3.20601e-01   -1.34563e-01    3.61390e-03    8.54376e-01   -9.99999e-01    6.88367e-01    1.79434e+00    4.81953e-02    6.99676e+00
-Nu_c -bu_c    2.36166e-02    2.37317e-01   -1.95220e-01    1.69586e+00    3.20601e-01   -1.34563e-01    3.61390e-03    8.54376e-01   -9.99999e-01    6.88367e-01    1.79434e+00    4.81953e-02    6.99676e+00
+Nd_c -bu_c    2.36166e-02    2.61971e-01   -1.88061e-01    1.69586e+00    3.20601e-01   -1.34563e-01    3.61390e-03    8.54376e-01   -9.99999e-01    6.88367e-01    1.79434e+00    4.81953e-02    6.99676e+00
-Nd_c -bu_c    2.36166e-02    2.61971e-01   -2.02379e-01    1.69586e+00    3.20601e-01   -1.34563e-01    3.61390e-03    8.54376e-01   -9.99999e-01    6.88367e-01    1.79434e+00    4.81953e-02    6.99676e+00
+au_c -bu_c    2.36166e-02    2.61971e-01   -1.95220e-01    1.70345e+00    3.20601e-01   -1.34563e-01    3.61390e-03    8.54376e-01   -9.99999e-01    6.88367e-01    1.79434e+00    4.81953e-02    6.99676e+00
-au_c -bu_c    2.36166e-02    2.61971e-01   -1.95220e-01    1.68827e+00    3.20601e-01   -1.34563e-01    3.61390e-03    8.54376e-01   -9.99999e-01    6.88367e-01    1.79434e+00    4.81953e-02    6.99676e+00
+ad_c -bu_c    2.36166e-02    2.61971e-01   -1.95220e-01    1.69586e+00    3.60717e-01   -1.34563e-01    3.61390e-03    8.54376e-01   -9.99999e-01    6.88367e-01    1.79434e+00    4.81953e-02    6.99676e+00
-ad_c -bu_c    2.36166e-02    2.61971e-01   -1.95220e-01    1.69586e+00    2.80485e-01   -1.34563e-01    3.61390e-03    8.54376e-01   -9.99999e-01    6.88367e-01    1.79434e+00    4.81953e-02    6.99676e+00
-bu_c +bu_c    2.36166e-02    2.61971e-01   -1.95220e-01    1.69586e+00    3.20601e-01   -1.34563e-01    3.61390e-03    8.54376e-01   -9.99999e-01    6.88367e-01    1.79434e+00    4.81953e-02    6.99676e+00
-bu_c -bu_c    2.36166e-02    2.61971e-01   -1.95220e-01    1.69586e+00    3.20601e-01   -1.34563e-01    3.61390e-03    8.54376e-01   -9.99999e-01    6.88367e-01    1.79434e+00    4.81953e-02    6.99676e+00
-bu_c +bd_c    2.36166e-02    2.61971e-01   -1.95220e-01    1.69586e+00    3.20601e-01   -1.34563e-01    2.02050e-01    8.54376e-01   -9.99999e-01    6.88367e-01    1.79434e+00    4.81953e-02    6.99676e+00
-bu_c -bd_c    2.36166e-02    2.61971e-01   -1.95220e-01    1.69586e+00    3.20601e-01   -1.34563e-01   -1.94823e-01    8.54376e-01   -9.99999e-01    6.88367e-01    1.79434e+00    4.81953e-02    6.99676e+00
-bu_c +Nu_T    2.36166e-02    2.61971e-01   -1.95220e-01    1.69586e+00    3.20601e-01   -1.34563e-01    3.61390e-03    9.40928e-01   -9.99999e-01    6.88367e-01    1.79434e+00    4.81953e-02    6.99676e+00
-bu_c -Nu_T    2.36166e-02    2.61971e-01   -1.95220e-01    1.69586e+00    3.20601e-01   -1.34563e-01    3.61390e-03    7.67824e-01   -9.99999e-01    6.88367e-01    1.79434e+00    4.81953e-02    6.99676e+00
-bu_c +Nd_T    2.36166e-02    2.61971e-01   -1.95220e-01    1.69586e+00    3.20601e-01   -1.34563e-01    3.61390e-03    8.54376e-01   -8.74845e-01    6.88367e-01    1.79434e+00    4.81953e-02    6.99676e+00
-bu_c -Nd_T    2.36166e-02    2.61971e-01   -1.95220e-01    1.69586e+00    3.20601e-01   -1.34563e-01    3.61390e-03    8.54376e-01   -1.12515e+00    6.88367e-01    1.79434e+00    4.81953e-02    6.99676e+00
-bu_c +au_T    2.36166e-02    2.61971e-01   -1.95220e-01    1.69586e+00    3.20601e-01   -1.34563e-01    3.61390e-03    8.54376e-01   -9.99999e-01    6.91077e-01    1.79434e+00    4.81953e-02    6.99676e+00
-bu_c -au_T    2.36166e-02    2.61971e-01   -1.95220e-01    1.69586e+00    3.20601e-01   -1.34563e-01    3.61390e-03    8.54376e-01   -9.99999e-01    6.85657e-01    1.79434e+00    4.81953e-02    6.99676e+00
-bu_c +ad_T    2.36166e-02    2.61971e-01   -1.95220e-01    1.69586e+00    3.20601e-01   -1.34563e-01    3.61390e-03    8.54376e-01   -9.99999e-01    6.88367e-01    1.83401e+00    4.81953e-02    6.99676e+00
-bu_c -ad_T    2.36166e-02    2.61971e-01   -1.95220e-01    1.69586e+00    3.20601e-01   -1.34563e-01    3.61390e-03    8.54376e-01   -9.99999e-01    6.88367e-01    1.75467e+00    4.81953e-02    6.99676e+00
-bu_c +bu_T    2.36166e-02    2.61971e-01   -1.95220e-01    1.69586e+00    3.20601e-01   -1.34563e-01    3.61390e-03    8.54376e-01   -9.99999e-01    6.88367e-01    1.79434e+00    5.06263e-02    6.99676e+00
-bu_c -bu_T    2.36166e-02    2.61971e-01   -1.95220e-01    1.69586e+00    3.20601e-01   -1.34563e-01    3.61390e-03    8.54376e-01   -9.99999e-01    6.88367e-01    1.79434e+00    4.57643e-02    6.99676e+00
-bu_c +bd_T    2.36166e-02    2.61971e-01   -1.95220e-01    1.69586e+00    3.20601e-01   -1.34563e-01    3.61390e-03    8.54376e-01   -9.99999e-01    6.88367e-01    1.79434e+00    4.81953e-02    7.16227e+00
-bu_c -bd_T    2.36166e-02    2.61971e-01   -1.95220e-01    1.69586e+00    3.20601e-01   -1.34563e-01    3.61390e-03    8.54376e-01   -9.99999e-01    6.88367e-01    1.79434e+00    4.81953e-02    6.83125e+00
+BLNY -bu_c    2.43336e-02    2.61971e-01   -1.95220e-01    1.69586e+00    3.20601e-01   -1.34563e-01    3.61390e-03    8.54376e-01   -9.99999e-01    6.88367e-01    1.79434e+00    4.81953e-02    6.99676e+00
-BLNY -bu_c    2.28996e-02    2.61971e-01   -1.95220e-01    1.69586e+00    3.20601e-01   -1.34563e-01    3.61390e-03    8.54376e-01   -9.99999e-01    6.88367e-01    1.79434e+00    4.81953e-02    6.99676e+00
+Nu_c -bu_c    2.36166e-02    2.86625e-01   -1.95220e-01    1.69586e+00    3.20601e-01   -1.34563e-01    3.61390e-03    8.54376e-01   -9.99999e-01    6.88367e-01    1.79434e+00    4.81953e-02    6.99676e+00
-Nu_c -bu_c    2.36166e-02    2.37317e-01   -1.95220e-01    1.69586e+00    3.20601e-01   -1.34563e-01    3.61390e-03    8.54376e-01   -9.99999e-01    6.88367e-01    1.79434e+00    4.81953e-02    6.99676e+00
+Nd_c -bu_c    2.36166e-02    2.61971e-01   -1.88061e-01    1.69586e+00    3.20601e-01   -1.34563e-01    3.61390e-03    8.54376e-01   -9.99999e-01    6.88367e-01    1.79434e+00    4.81953e-02    6.99676e+00
-Nd_c -bu_c    2.36166e-02    2.61971e-01   -2.02379e-01    1.69586e+00    3.20601e-01   -1.34563e-01    3.61390e-03    8.54376e-01   -9.99999e-01    6.88367e-01    1.79434e+00    4.81953e-02    6.99676e+00
+au_c -bu_c    2.36166e-02    2.61971e-01   -1.95220e-01    1.70345e+00    3.20601e-01   -1.34563e-01    3.61390e-03    8.54376e-01   -9.99999e-01    6.88367e-01    1.79434e+00    4.81953e-02    6.99676e+00
-au_c -bu_c    2.36166e-02    2.61971e-01   -1.95220e-01    1.68827e+00    3.20601e-01   -1.34563e-01    3.61390e-03    8.54376e-01   -9.99999e-01    6.88367e-01    1.79434e+00    4.81953e-02    6.99676e+00
+ad_c -bu_c    2.36166e-02    2.61971e-01   -1.95220e-01    1.69586e+00    3.60717e-01   -1.34563e-01    3.61390e-03    8.54376e-01   -9.99999e-01    6.88367e-01    1.79434e+00    4.81953e-02    6.99676e+00
-ad_c -bu_c    2.36166e-02    2.61971e-01   -1.95220e-01    1.69586e+00    2.80485e-01   -1.34563e-01    3.61390e-03    8.54376e-01   -9.99999e-01    6.88367e-01    1.79434e+00    4.81953e-02    6.99676e+00
-bu_c +bu_c    2.36166e-02    2.61971e-01   -1.95220e-01    1.69586e+00    3.20601e-01   -1.34563e-01    3.61390e-03    8.54376e-01   -9.99999e-01    6.88367e-01    1.79434e+00    4.81953e-02    6.99676e+00
-bu_c -bu_c    2.36166e-02    2.61971e-01   -1.95220e-01    1.69586e+00    3.20601e-01   -1.34563e-01    3.61390e-03    8.54376e-01   -9.99999e-01    6.88367e-01    1.79434e+00    4.81953e-02    6.99676e+00
-bu_c +bd_c    2.36166e-02    2.61971e-01   -1.95220e-01    1.69586e+00    3.20601e-01   -1.34563e-01    2.02050e-01    8.54376e-01   -9.99999e-01    6.88367e-01    1.79434e+00    4.81953e-02    6.99676e+00
-bu_c -bd_c    2.36166e-02    2.61971e-01   -1.95220e-01    1.69586e+00    3.20601e-01   -1.34563e-01   -1.94823e-01    8.54376e-01   -9.99999e-01    6.88367e-01    1.79434e+00    4.81953e-02    6.99676e+00
-bu_c +Nu_T    2.36166e-02    2.61971e-01   -1.95220e-01    1.69586e+00    3.20601e-01   -1.34563e-01    3.61390e-03    9.40928e-01   -9.99999e-01    6.88367e-01    1.79434e+00    4.81953e-02    6.99676e+00
-bu_c -Nu_T    2.36166e-02    2.61971e-01   -1.95220e-01    1.69586e+00    3.20601e-01   -1.34563e-01    3.61390e-03    7.67824e-01   -9.99999e-01    6.88367e-01    1.79434e+00    4.81953e-02    6.99676e+00
-bu_c +Nd_T    2.36166e-02    2.61971e-01   -1.95220e-01    1.69586e+00    3.20601e-01   -1.34563e-01    3.61390e-03    8.54376e-01   -8.74845e-01    6.88367e-01    1.79434e+00    4.81953e-02    6.99676e+00
-bu_c -Nd_T    2.36166e-02    2.61971e-01   -1.95220e-01    1.69586e+00    3.20601e-01   -1.34563e-01    3.61390e-03    8.54376e-01   -1.12515e+00    6.88367e-01    1.79434e+00    4.81953e-02    6.99676e+00
-bu_c +au_T    2.36166e-02    2.61971e-01   -1.95220e-01    1.69586e+00    3.20601e-01   -1.34563e-01    3.61390e-03    8.54376e-01   -9.99999e-01    6.91077e-01    1.79434e+00    4.81953e-02    6.99676e+00
-bu_c -au_T    2.36166e-02    2.61971e-01   -1.95220e-01    1.69586e+00    3.20601e-01   -1.34563e-01    3.61390e-03    8.54376e-01   -9.99999e-01    6.85657e-01    1.79434e+00    4.81953e-02    6.99676e+00
-bu_c +ad_T    2.36166e-02    2.61971e-01   -1.95220e-01    1.69586e+00    3.20601e-01   -1.34563e-01    3.61390e-03    8.54376e-01   -9.99999e-01    6.88367e-01    1.83401e+00    4.81953e-02    6.99676e+00
-bu_c -ad_T    2.36166e-02    2.61971e-01   -1.95220e-01    1.69586e+00    3.20601e-01   -1.34563e-01    3.61390e-03    8.54376e-01   -9.99999e-01    6.88367e-01    1.75467e+00    4.81953e-02    6.99676e+00
-bu_c +bu_T    2.36166e-02    2.61971e-01   -1.95220e-01    1.69586e+00    3.20601e-01   -1.34563e-01    3.61390e-03    8.54376e-01   -9.99999e-01    6.88367e-01    1.79434e+00    5.06263e-02    6.99676e+00
-bu_c -bu_T    2.36166e-02    2.61971e-01   -1.95220e-01    1.69586e+00    3.20601e-01   -1.34563e-01    3.61390e-03    8.54376e-01   -9.99999e-01    6.88367e-01    1.79434e+00    4.57643e-02    6.99676e+00
-bu_c +bd_T    2.36166e-02    2.61971e-01   -1.95220e-01    1.69586e+00    3.20601e-01   -1.34563e-01    3.61390e-03    8.54376e-01   -9.99999e-01    6.88367e-01    1.79434e+00    4.81953e-02    7.16227e+00
-bu_c -bd_T    2.36166e-02    2.61971e-01   -1.95220e-01    1.69586e+00    3.20601e-01   -1.34563e-01    3.61390e-03    8.54376e-01   -9.99999e-01    6.88367e-01    1.79434e+00    4.81953e-02    6.83125e+00
+BLNY -bu_c    2.43336e-02    2.61971e-01   -1.95220e-01    1.69586e+00    3.20601e-01   -1.34563e-01    3.61390e-03    8.54376e-01   -9.99999e-01    6.88367e-01    1.79434e+00    4.81953e-02    6.99676e+00
-BLNY -bu_c    2.28996e-02    2.61971e-01   -1.95220e-01    1.69586e+00    3.20601e-01   -1.34563e-01    3.61390e-03    8.54376e-01   -9.99999e-01    6.88367e-01    1.79434e+00    4.81953e-02    6.99676e+00
+Nu_c -bu_c    2.36166e-02    2.86625e-01   -1.95220e-01    1.69586e+00    3.20601e-01   -1.34563e-01    3.61390e-03    8.54376e-01   -9.99999e-01    6.88367e-01    1.79434e+00    4.81953e-02    6.99676e+00
-Nu_c -bu_c    2.36166e-02    2.37317e-01   -1.95220e-01    1.69586e+00    3.20601e-01   -1.34563e-01    3.61390e-03    8.54376e-01   -9.99999e-01    6.88367e-01    1.79434e+00    4.81953e-02    6.99676e+00
+Nd_c -bu_c    2.36166e-02    2.61971e-01   -1.88061e-01    1.69586e+00    3.20601e-01   -1.34563e-01    3.61390e-03    8.54376e-01   -9.99999e-01    6.88367e-01    1.79434e+00    4.81953e-02    6.99676e+00
-Nd_c -bu_c    2.36166e-02    2.61971e-01   -2.02379e-01    1.69586e+00    3.20601e-01   -1.34563e-01    3.61390e-03    8.54376e-01   -9.99999e-01    6.88367e-01    1.79434e+00    4.81953e-02    6.99676e+00
+au_c -bu_c    2.36166e-02    2.61971e-01   -1.95220e-01    1.70345e+00    3.20601e-01   -1.34563e-01    3.61390e-03    8.54376e-01   -9.99999e-01    6.88367e-01    1.79434e+00    4.81953e-02    6.99676e+00
-au_c -bu_c    2.36166e-02    2.61971e-01   -1.95220e-01    1.68827e+00    3.20601e-01   -1.34563e-01    3.61390e-03    8.54376e-01   -9.99999e-01    6.88367e-01    1.79434e+00    4.81953e-02    6.99676e+00
+ad_c -bu_c    2.36166e-02    2.61971e-01   -1.95220e-01    1.69586e+00    3.60717e-01   -1.34563e-01    3.61390e-03    8.54376e-01   -9.99999e-01    6.88367e-01    1.79434e+00    4.81953e-02    6.99676e+00
-ad_c -bu_c    2.36166e-02    2.61971e-01   -1.95220e-01    1.69586e+00    2.80485e-01   -1.34563e-01    3.61390e-03    8.54376e-01   -9.99999e-01    6.88367e-01    1.79434e+00    4.81953e-02    6.99676e+00
-bu_c +bu_c    2.36166e-02    2.61971e-01   -1.95220e-01    1.69586e+00    3.20601e-01   -1.34563e-01    3.61390e-03    8.54376e-01   -9.99999e-01    6.88367e-01    1.79434e+00    4.81953e-02    6.99676e+00
-bu_c -bu_c    2.36166e-02    2.61971e-01   -1.95220e-01    1.69586e+00    3.20601e-01   -1.34563e-01    3.61390e-03    8.54376e-01   -9.99999e-01    6.88367e-01    1.79434e+00    4.81953e-02    6.99676e+00
-bu_c +bd_c    2.36166e-02    2.61971e-01   -1.95220e-01    1.69586e+00    3.20601e-01   -1.34563e-01    2.02050e-01    8.54376e-01   -9.99999e-01    6.88367e-01    1.79434e+00    4.81953e-02    6.99676e+00
-bu_c -bd_c    2.36166e-02    2.61971e-01   -1.95220e-01    1.69586e+00    3.20601e-01   -1.34563e-01   -1.94823e-01    8.54376e-01   -9.99999e-01    6.88367e-01    1.79434e+00    4.81953e-02    6.99676e+00
-bu_c +Nu_T    2.36166e-02    2.61971e-01   -1.95220e-01    1.69586e+00    3.20601e-01   -1.34563e-01    3.61390e-03    9.40928e-01   -9.99999e-01    6.88367e-01    1.79434e+00    4.81953e-02    6.99676e+00
-bu_c -Nu_T    2.36166e-02    2.61971e-01   -1.95220e-01    1.69586e+00    3.20601e-01   -1.34563e-01    3.61390e-03    7.67824e-01   -9.99999e-01    6.88367e-01    1.79434e+00    4.81953e-02    6.99676e+00
-bu_c +Nd_T    2.36166e-02    2.61971e-01   -1.95220e-01    1.69586e+00    3.20601e-01   -1.34563e-01    3.61390e-03    8.54376e-01   -8.74845e-01    6.88367e-01    1.79434e+00    4.81953e-02    6.99676e+00
-bu_c -Nd_T    2.36166e-02    2.61971e-01   -1.95220e-01    1.69586e+00    3.20601e-01   -1.34563e-01    3.61390e-03    8.54376e-01   -1.12515e+00    6.88367e-01    1.79434e+00    4.81953e-02    6.99676e+00
-bu_c +au_T    2.36166e-02    2.61971e-01   -1.95220e-01    1.69586e+00    3.20601e-01   -1.34563e-01    3.61390e-03    8.54376e-01   -9.99999e-01    6.91077e-01    1.79434e+00    4.81953e-02    6.99676e+00
-bu_c -au_T    2.36166e-02    2.61971e-01   -1.95220e-01    1.69586e+00    3.20601e-01   -1.34563e-01    3.61390e-03    8.54376e-01   -9.99999e-01    6.85657e-01    1.79434e+00    4.81953e-02    6.99676e+00
-bu_c +ad_T    2.36166e-02    2.61971e-01   -1.95220e-01    1.69586e+00    3.20601e-01   -1.34563e-01    3.61390e-03    8.54376e-01   -9.99999e-01    6.88367e-01    1.83401e+00    4.81953e-02    6.99676e+00
-bu_c -ad_T    2.36166e-02    2.61971e-01   -1.95220e-01    1.69586e+00    3.20601e-01   -1.34563e-01    3.61390e-03    8.54376e-01   -9.99999e-01    6.88367e-01    1.75467e+00    4.81953e-02    6.99676e+00
-bu_c +bu_T    2.36166e-02    2.61971e-01   -1.95220e-01    1.69586e+00    3.20601e-01   -1.34563e-01    3.61390e-03    8.54376e-01   -9.99999e-01    6.88367e-01    1.79434e+00    5.06263e-02    6.99676e+00
-bu_c -bu_T    2.36166e-02    2.61971e-01   -1.95220e-01    1.69586e+00    3.20601e-01   -1.34563e-01    3.61390e-03    8.54376e-01   -9.99999e-01    6.88367e-01    1.79434e+00    4.57643e-02    6.99676e+00
-bu_c +bd_T    2.36166e-02    2.61971e-01   -1.95220e-01    1.69586e+00    3.20601e-01   -1.34563e-01    3.61390e-03    8.54376e-01   -9.99999e-01    6.88367e-01    1.79434e+00    4.81953e-02    7.16227e+00
-bu_c -bd_T    2.36166e-02    2.61971e-01   -1.95220e-01    1.69586e+00    3.20601e-01   -1.34563e-01    3.61390e-03    8.54376e-01   -9.99999e-01    6.88367e-01    1.79434e+00    4.81953e-02    6.83125e+00
