6
0	8
0 	0 	0.424912 	1.14076 	0.139934 	0.0876023 	0.64575 	0.00598956 	9.61745e+06 	6.17847 	1.00038 	1.00075 	1.00075
0 	1 	0.422175 	1.19935 	0.124173 	0.104925 	0.570702 	0.00611301 	9.2329e+06 	6.28319 	1.03677 	1.02597 	1.02597
0 	2 	0.423344 	1.2734 	0.128502 	0.116027 	0.551596 	0.00600479 	9.56873e+06 	6.28319 	1.00001 	1.00164 	1.00164
0 	3 	0.425959 	1.324 	0.12179 	0.126504 	0.531795 	0.00627984 	8.74889e+06 	6.21337 	1.01107 	1.00584 	1.00584
0 	4 	0.426409 	1.42458 	0.124921 	0.137659 	0.526395 	0.00605377 	9.4145e+06 	6.28319 	1.00765 	1.00383 	1.00383
0 	5 	0.424734 	1.52228 	0.124936 	0.150598 	0.515804 	0.00622876 	8.89295e+06 	6.28319 	1.00425 	1.00297 	1.00297
0 	6 	0.424701 	1.66941 	0.126384 	0.172695 	0.495122 	0.00609369 	9.29155e+06 	6.28319 	1.00048 	1.00113 	1.00113
0 	7 	0.424365 	1.74566 	0.130116 	0.210593 	0.45202 	0.00737936 	6.33595e+06 	6.28319 	1.06703 	1.03488 	1.03488
1	8
1 	0 	0.424706 	1.11785 	0.306147 	0.0784905 	0.703614 	0.00526793 	1.24328e+07 	5.44543 	1.0055 	1.00463 	1.00463
1 	1 	0.425066 	1.2025 	0.294916 	0.0938821 	0.638518 	0.00542539 	1.17216e+07 	6.24828 	1.02926 	1.01489 	1.01489
1 	2 	0.424604 	1.25967 	0.290503 	0.104668 	0.604 	0.00538202 	1.19113e+07 	5.96903 	1.03436 	1.01755 	1.01755
1 	3 	0.425224 	1.36843 	0.291201 	0.116701 	0.59581 	0.00548413 	1.14718e+07 	6.21337 	1.06545 	1.03324 	1.03324
1 	4 	0.424059 	1.48138 	0.294124 	0.131655 	0.575315 	0.005318 	1.21998e+07 	6.28319 	1.06509 	1.03983 	1.03983
1 	5 	0.424759 	1.6032 	0.290602 	0.151841 	0.551856 	0.00550804 	1.13725e+07 	6.24828 	1.05307 	1.02727 	1.02727
1 	6 	0.425868 	1.5827 	0.298971 	0.180316 	0.467716 	0.00540332 	1.18176e+07 	6.28319 	1.00329 	1.00211 	1.00211
1 	7 	0.428449 	1.72961 	0.300236 	0.231975 	0.409092 	0.0060137 	9.54039e+06 	6.28319 	1.0184 	1.00929 	1.00929
2	8
2 	0 	0.423131 	1.11454 	0.498207 	0.0740383 	0.747715 	0.00599782 	9.59099e+06 	6.28319 	1.00271 	1.00286 	1.00286
2 	1 	0.425219 	1.22469 	0.498416 	0.0893773 	0.69348 	0.00627071 	8.77437e+06 	6.28319 	1.0049 	1.00332 	1.00332
2 	2 	0.424606 	1.31506 	0.495358 	0.102022 	0.656239 	0.00625269 	8.82503e+06 	6.28319 	1.00365 	1.00276 	1.00276
2 	3 	0.425035 	1.38808 	0.497896 	0.116298 	0.616242 	0.00593991 	9.77888e+06 	6.28319 	1.00013 	1.00013 	1.00013
2 	4 	0.424053 	1.49158 	0.502829 	0.131727 	0.600728 	0.00632389 	8.62742e+06 	6.28319 	1.00011 	1.00037 	1.00037
2 	5 	0.425306 	1.56065 	0.495571 	0.150058 	0.55695 	0.00614124 	9.14824e+06 	6.28319 	1.00521 	1.0038 	1.0038
2 	6 	0.424028 	1.54921 	0.493942 	0.176052 	0.479088 	0.00628616 	8.73129e+06 	6.28319 	1.01356 	1.00899 	1.00899
2 	7 	0.424055 	1.68818 	0.489648 	0.224779 	0.414774 	0.00722612 	6.60752e+06 	6.28319 	1.02745 	1.04505 	1.04505
3	8
3 	0 	0.424683 	1.1386 	0.686793 	0.0712131 	0.796119 	0.00830043 	5.00783e+06 	6.28319 	1.01319 	1.00729 	1.00729
3 	1 	0.42541 	1.22908 	0.681264 	0.0873797 	0.706196 	0.00839217 	4.89892e+06 	6.28319 	1.00847 	1.0044 	1.0044
3 	2 	0.423465 	1.32153 	0.686655 	0.0996406 	0.670946 	0.00842983 	4.85523e+06 	6.28319 	1.01475 	1.0174 	1.0174
3 	3 	0.425148 	1.39504 	0.682024 	0.11127 	0.638343 	0.00824963 	5.06969e+06 	6.28319 	1.01027 	1.02385 	1.02385
3 	4 	0.42525 	1.46395 	0.679197 	0.123478 	0.613161 	0.00849244 	4.78391e+06 	6.28319 	1.00862 	1.02184 	1.02184
3 	5 	0.424306 	1.53379 	0.679017 	0.138394 	0.577149 	0.00842525 	4.86053e+06 	6.28319 	1.01839 	1.01748 	1.01748
3 	6 	0.424904 	1.55949 	0.679329 	0.159574 	0.515407 	0.00848797 	4.78898e+06 	6.28319 	1.01441 	1.02042 	1.02042
3 	7 	0.426032 	1.69487 	0.674762 	0.204109 	0.444301 	0.00928017 	4.00625e+06 	4.85202 	1.00224 	1.01186 	1.01186
4	5
4 	0 	0.425709 	1.17929 	0.885823 	0.0741455 	0.786199 	0.0105801 	3.08228e+06 	6.28319 	1.02613 	1.01598 	1.01598
4 	1 	0.425875 	1.33119 	0.880676 	0.0963729 	0.683024 	0.011019 	2.84163e+06 	6.28319 	1.01754 	1.01678 	1.01678
4 	2 	0.426592 	1.46642 	0.880087 	0.117703 	0.623025 	0.0110018 	2.85049e+06 	6.28319 	1.04907 	1.02837 	1.02837
4 	3 	0.424868 	1.60065 	0.876063 	0.155132 	0.525033 	0.0110505 	2.82542e+06 	6.17847 	1.09029 	1.04649 	1.04649
4 	4 	0.422766 	1.87176 	0.848715 	0.217874 	0.443843 	0.0669544 	76964.5 	2.54818 	1.06592 	1.0517 	1.0517
5	1
5 	0 	0.428215 	1.36687 	1.07376 	0.100412 	0.686817 	0.0118549 	2.45501e+06 	6.28319 	1.08527 	1.04273 	1.04273
