6
0	8
0 	0 	0.474604 	1.1392 	0.127561 	0.0916797 	0.624543 	0.00827938 	5.03331e+06 	5.93412 	1.02768 	1.01521 	1.01521
0 	1 	0.472338 	1.23523 	0.130917 	0.112237 	0.565425 	0.00840366 	4.88554e+06 	6.10865 	1.00521 	1.00665 	1.00665
0 	2 	0.475284 	1.36042 	0.136654 	0.130541 	0.540211 	0.00812962 	5.22046e+06 	6.28319 	1.00452 	1.00401 	1.00401
0 	3 	0.475311 	1.44368 	0.118325 	0.146488 	0.507237 	0.00847421 	4.80451e+06 	6.28319 	1.0037 	1.01522 	1.01522
0 	4 	0.475349 	1.46811 	0.128894 	0.162798 	0.461187 	0.00840007 	4.88972e+06 	6.28319 	1.00039 	1.00035 	1.00035
0 	5 	0.471852 	1.41762 	0.126446 	0.180162 	0.407945 	0.00841293 	4.87477e+06 	6.28319 	1.0101 	1.01575 	1.01575
0 	6 	0.476425 	1.55381 	0.133643 	0.205354 	0.392038 	0.00832833 	4.97431e+06 	6.28319 	1.00431 	1.00216 	1.00216
0 	7 	0.473432 	1.69963 	0.124926 	0.246798 	0.35352 	0.0100495 	3.41633e+06 	6.24828 	1.01361 	1.01063 	1.01063
1	8
1 	0 	0.473768 	1.1514 	0.311164 	0.0800222 	0.714842 	0.00610854 	9.24645e+06 	4.46804 	1.04759 	1.02379 	1.02379
1 	1 	0.475253 	1.27822 	0.306592 	0.0989284 	0.651964 	0.00646439 	8.25645e+06 	4.71239 	1.00016 	1.0001 	1.0001
1 	2 	0.474417 	1.33523 	0.303353 	0.113843 	0.5958 	0.00628001 	8.74838e+06 	5.23599 	1.00032 	1.00019 	1.00019
1 	3 	0.472236 	1.38837 	0.299563 	0.128584 	0.549646 	0.00619026 	9.0039e+06 	5.61996 	1.00477 	1.00259 	1.00259
1 	4 	0.476546 	1.39316 	0.29576 	0.143955 	0.493742 	0.00637146 	8.49907e+06 	5.58505 	1.01373 	1.00866 	1.00866
1 	5 	0.475939 	1.43267 	0.290967 	0.163873 	0.453081 	0.00646346 	8.25883e+06 	5.65487 	1.08508 	1.04264 	1.04264
1 	6 	0.474521 	1.49038 	0.293299 	0.189005 	0.411184 	0.00633771 	8.58982e+06 	6.28319 	1.10436 	1.05695 	1.05695
1 	7 	0.475087 	1.6724 	0.294321 	0.235042 	0.375582 	0.00729729 	6.47928e+06 	6.28319 	1.09561 	1.0509 	1.0509
2	8
2 	0 	0.473926 	1.135 	0.49459 	0.073776 	0.763719 	0.0071655 	6.71978e+06 	6.24828 	1.0015 	1.00094 	1.00094
2 	1 	0.475437 	1.21598 	0.493583 	0.0907433 	0.666953 	0.00700709 	7.02708e+06 	6.21337 	1.00229 	1.00331 	1.00331
2 	2 	0.474152 	1.32346 	0.501032 	0.105119 	0.628828 	0.00725194 	6.56055e+06 	6.24828 	1.01141 	1.00846 	1.00846
2 	3 	0.476252 	1.33138 	0.491977 	0.118331 	0.571735 	0.00718178 	6.68936e+06 	6.28319 	1.07554 	1.04582 	1.04582
2 	4 	0.474115 	1.41082 	0.490658 	0.132559 	0.545696 	0.00722158 	6.61583e+06 	6.28319 	1.1428 	1.07144 	1.07144
2 	5 	0.473632 	1.42723 	0.496102 	0.150175 	0.492987 	0.00725234 	6.55984e+06 	6.14356 	1.21631 	1.10817 	1.10817
2 	6 	0.4754 	1.48938 	0.48842 	0.176762 	0.443402 	0.00724451 	6.57403e+06 	6.21337 	1.36161 	1.18113 	1.18113
2 	7 	0.473173 	1.65817 	0.487636 	0.225361 	0.392415 	0.00810966 	5.24619e+06 	6.10865 	1.52036 	1.26024 	1.26024
3	8
3 	0 	0.474582 	1.13263 	0.683069 	0.0719067 	0.778135 	0.00965393 	3.70203e+06 	6.28319 	1.00205 	1.0025 	1.0025
3 	1 	0.474466 	1.21149 	0.683587 	0.0881009 	0.684081 	0.0102077 	3.31125e+06 	6.28319 	1.0098 	1.0049 	1.0049
3 	2 	0.473832 	1.26898 	0.688562 	0.100844 	0.630059 	0.00957796 	3.761e+06 	6.28319 	1.02421 	1.01432 	1.01432
3 	3 	0.474407 	1.32556 	0.685219 	0.113951 	0.589306 	0.00998598 	3.45992e+06 	6.28319 	1.04844 	1.02773 	1.02773
3 	4 	0.475775 	1.40338 	0.685216 	0.127838 	0.565693 	0.00984374 	3.56065e+06 	6.28319 	1.05299 	1.03858 	1.03858
3 	5 	0.47338 	1.46728 	0.681945 	0.144284 	0.526185 	0.0101941 	3.32009e+06 	6.21337 	1.0305 	1.02977 	1.02977
3 	6 	0.47409 	1.53459 	0.686964 	0.167609 	0.480233 	0.0101559 	3.34515e+06 	6.17847 	1.02674 	1.03042 	1.03042
3 	7 	0.474197 	1.70646 	0.678846 	0.207389 	0.435283 	0.0116865 	2.52626e+06 	4.46804 	1.01636 	1.02486 	1.02486
4	4
4 	0 	0.475107 	1.15248 	0.888958 	0.0784423 	0.729226 	0.0106648 	3.0335e+06 	6.28319 	1.00844 	1.00963 	1.00963
4 	1 	0.475715 	1.30571 	0.88502 	0.103279 	0.634967 	0.0108843 	2.91238e+06 	6.28319 	1.01062 	1.00975 	1.00975
4 	2 	0.476189 	1.50447 	0.882294 	0.13349 	0.576169 	0.0109924 	2.85537e+06 	5.37561 	1.0002 	1.0001 	1.0001
4 	3 	0.476079 	1.70421 	0.86772 	0.176309 	0.503401 	0.0168323 	1.21776e+06 	4.29351 	1.00593 	1.00345 	1.00345
5	2
5 	0 	0.47569 	1.32196 	1.10566 	0.0906483 	0.737764 	0.0109215 	2.89258e+06 	6.21337 	1.00261 	1.00243 	1.00243
5 	1 	0.475955 	1.73655 	1.07795 	0.145393 	0.622006 	0.0231285 	644990 	3.94444 	1.07574 	1.04511 	1.04511
