NAN  idx chi2        BLNY      Nu_c       Nd_c      au_c      ad_c      bu_c      bd_c      Nu_T      Nd_T      au_T      ad_T      bu_T      bd_T                                   
FIT  1  616.996184  0.023617  0.261971  -0.195220  1.695860  0.320601  0.000001  0.003614  0.854376 -0.999999  0.688367  1.794340  0.048195  6.996760
BLNY  1  23101.435186  0.024334  0.261971  -0.195220  1.695860  0.320601  0.000001  0.003614  0.854376 -0.999999  0.688367  1.794340  0.048195  6.996760
BLNY  2  22030.767526  0.022900  0.261971  -0.195220  1.695860  0.320601  0.000001  0.003614  0.854376 -0.999999  0.688367  1.794340  0.048195  6.996760
BLNY  3  6267.742304  0.023975  0.261971  -0.195220  1.695860  0.320601  0.000001  0.003614  0.854376 -0.999999  0.688367  1.794340  0.048195  6.996760
BLNY  4  5943.080057  0.023258  0.261971  -0.195220  1.695860  0.320601  0.000001  0.003614  0.854376 -0.999999  0.688367  1.794340  0.048195  6.996760
BLNY  5  2062.935658  0.023796  0.261971  -0.195220  1.695860  0.320601  0.000001  0.003614  0.854376 -0.999999  0.688367  1.794340  0.048195  6.996760
BLNY  6  1922.877283  0.023437  0.261971  -0.195220  1.695860  0.320601  0.000001  0.003614  0.854376 -0.999999  0.688367  1.794340  0.048195  6.996760
BLNY  7  992.405536  0.023706  0.261971  -0.195220  1.695860  0.320601  0.000001  0.003614  0.854376 -0.999999  0.688367  1.794340  0.048195  6.996760
BLNY  8  925.429435  0.023527  0.261971  -0.195220  1.695860  0.320601  0.000001  0.003614  0.854376 -0.999999  0.688367  1.794340  0.048195  6.996760
BLNY  9  717.859419  0.023661  0.261971  -0.195220  1.695860  0.320601  0.000001  0.003614  0.854376 -0.999999  0.688367  1.794340  0.048195  6.996760
BLNY  10  684.890229  0.023572  0.261971  -0.195220  1.695860  0.320601  0.000001  0.003614  0.854376 -0.999999  0.688367  1.794340  0.048195  6.996760
BLNY  11  646.736188  0.023639  0.261971  -0.195220  1.695860  0.320601  0.000001  0.003614  0.854376 -0.999999  0.688367  1.794340  0.048195  6.996760
BLNY  12  630.109690  0.023594  0.261971  -0.195220  1.695860  0.320601  0.000001  0.003614  0.854376 -0.999999  0.688367  1.794340  0.048195  6.996760
BLNY  13  626.694250  0.023628  0.261971  -0.195220  1.695860  0.320601  0.000001  0.003614  0.854376 -0.999999  0.688367  1.794340  0.048195  6.996760
BLNY  14  618.204012  0.023605  0.261971  -0.195220  1.695860  0.320601  0.000001  0.003614  0.854376 -0.999999  0.688367  1.794340  0.048195  6.996760
BLNY  15  620.122770  0.023622  0.261971  -0.195220  1.695860  0.320601  0.000001  0.003614  0.854376 -0.999999  0.688367  1.794340  0.048195  6.996760
BLNY  16  616.063462  0.023611  0.261971  -0.195220  1.695860  0.320601  0.000001  0.003614  0.854376 -0.999999  0.688367  1.794340  0.048195  6.996760
BLNY  17  617.990533  0.023619  0.261971  -0.195220  1.695860  0.320601  0.000001  0.003614  0.854376 -0.999999  0.688367  1.794340  0.048195  6.996760
BLNY  18  616.145710  0.023614  0.261971  -0.195220  1.695860  0.320601  0.000001  0.003614  0.854376 -0.999999  0.688367  1.794340  0.048195  6.996760
BLNY  19  617.450650  0.023618  0.261971  -0.195220  1.695860  0.320601  0.000001  0.003614  0.854376 -0.999999  0.688367  1.794340  0.048195  6.996760
BLNY  20  616.343517  0.023615  0.261971  -0.195220  1.695860  0.320601  0.000001  0.003614  0.854376 -0.999999  0.688367  1.794340  0.048195  6.996760
ad_c  1  893.645687  0.023617  0.261971  -0.195220  1.695860  0.360717  0.000001  0.003614  0.854376 -0.999999  0.688367  1.794340  0.048195  6.996760
ad_c  2  846.539404  0.023617  0.261971  -0.195220  1.695860  0.280485  0.000001  0.003614  0.854376 -0.999999  0.688367  1.794340  0.048195  6.996760
ad_c  3  694.111971  0.023617  0.261971  -0.195220  1.695860  0.340659  0.000001  0.003614  0.854376 -0.999999  0.688367  1.794340  0.048195  6.996760
ad_c  4  666.341624  0.023617  0.261971  -0.195220  1.695860  0.300543  0.000001  0.003614  0.854376 -0.999999  0.688367  1.794340  0.048195  6.996760
ad_c  5  640.054506  0.023617  0.261971  -0.195220  1.695860  0.330630  0.000001  0.003614  0.854376 -0.999999  0.688367  1.794340  0.048195  6.996760
ad_c  6  625.598357  0.023617  0.261971  -0.195220  1.695860  0.310572  0.000001  0.003614  0.854376 -0.999999  0.688367  1.794340  0.048195  6.996760
ad_c  7  624.591972  0.023617  0.261971  -0.195220  1.695860  0.325616  0.000001  0.003614  0.854376 -0.999999  0.688367  1.794340  0.048195  6.996760
ad_c  8  617.309168  0.023617  0.261971  -0.195220  1.695860  0.315587  0.000001  0.003614  0.854376 -0.999999  0.688367  1.794340  0.048195  6.996760
ad_c  9  619.807647  0.023617  0.261971  -0.195220  1.695860  0.323108  0.000001  0.003614  0.854376 -0.999999  0.688367  1.794340  0.048195  6.996760
ad_c  10  616.150678  0.023617  0.261971  -0.195220  1.695860  0.318094  0.000001  0.003614  0.854376 -0.999999  0.688367  1.794340  0.048195  6.996760
ad_c  11  618.156461  0.023617  0.261971  -0.195220  1.695860  0.321855  0.000001  0.003614  0.854376 -0.999999  0.688367  1.794340  0.048195  6.996760
ad_c  12  616.320518  0.023617  0.261971  -0.195220  1.695860  0.319347  0.000001  0.003614  0.854376 -0.999999  0.688367  1.794340  0.048195  6.996760
ad_c  13  617.514534  0.023617  0.261971  -0.195220  1.695860  0.321228  0.000001  0.003614  0.854376 -0.999999  0.688367  1.794340  0.048195  6.996760
ad_c  14  616.601795  0.023617  0.261971  -0.195220  1.695860  0.319974  0.000001  0.003614  0.854376 -0.999999  0.688367  1.794340  0.048195  6.996760
ad_c  15  617.239488  0.023617  0.261971  -0.195220  1.695860  0.320914  0.000001  0.003614  0.854376 -0.999999  0.688367  1.794340  0.048195  6.996760
ad_c  16  616.784099  0.023617  0.261971  -0.195220  1.695860  0.320288  0.000001  0.003614  0.854376 -0.999999  0.688367  1.794340  0.048195  6.996760
ad_c  17  617.114382  0.023617  0.261971  -0.195220  1.695860  0.320758  0.000001  0.003614  0.854376 -0.999999  0.688367  1.794340  0.048195  6.996760
ad_c  18  616.886163  0.023617  0.261971  -0.195220  1.695860  0.320444  0.000001  0.003614  0.854376 -0.999999  0.688367  1.794340  0.048195  6.996760
ad_c  19  617.053936  0.023617  0.261971  -0.195220  1.695860  0.320679  0.000001  0.003614  0.854376 -0.999999  0.688367  1.794340  0.048195  6.996760
ad_c  20  616.940353  0.023617  0.261971  -0.195220  1.695860  0.320523  0.000001  0.003614  0.854376 -0.999999  0.688367  1.794340  0.048195  6.996760
au_c  1  1046.511041  0.023617  0.261971  -0.195220  1.703450  0.320601  0.000001  0.003614  0.854376 -0.999999  0.688367  1.794340  0.048195  6.996760
au_c  2  973.515569  0.023617  0.261971  -0.195220  1.688270  0.320601  0.000001  0.003614  0.854376 -0.999999  0.688367  1.794340  0.048195  6.996760
au_c  3  734.477478  0.023617  0.261971  -0.195220  1.699660  0.320601  0.000001  0.003614  0.854376 -0.999999  0.688367  1.794340  0.048195  6.996760
au_c  4  696.580941  0.023617  0.261971  -0.195220  1.692060  0.320601  0.000001  0.003614  0.854376 -0.999999  0.688367  1.794340  0.048195  6.996760
au_c  5  651.181739  0.023617  0.261971  -0.195220  1.697760  0.320601  0.000001  0.003614  0.854376 -0.999999  0.688367  1.794340  0.048195  6.996760
au_c  6  632.069569  0.023617  0.261971  -0.195220  1.693960  0.320601  0.000001  0.003614  0.854376 -0.999999  0.688367  1.794340  0.048195  6.996760
au_c  7  627.939695  0.023617  0.261971  -0.195220  1.696810  0.320601  0.000001  0.003614  0.854376 -0.999999  0.688367  1.794340  0.048195  6.996760
au_c  8  618.309346  0.023617  0.261971  -0.195220  1.694910  0.320601  0.000001  0.003614  0.854376 -0.999999  0.688367  1.794340  0.048195  6.996760
au_c  9  620.872831  0.023617  0.261971  -0.195220  1.696330  0.320601  0.000001  0.003614  0.854376 -0.999999  0.688367  1.794340  0.048195  6.996760
au_c  10  616.134593  0.023617  0.261971  -0.195220  1.695390  0.320601  0.000001  0.003614  0.854376 -0.999999  0.688367  1.794340  0.048195  6.996760
au_c  11  618.599261  0.023617  0.261971  -0.195220  1.696100  0.320601  0.000001  0.003614  0.854376 -0.999999  0.688367  1.794340  0.048195  6.996760
au_c  12  616.179611  0.023617  0.261971  -0.195220  1.695620  0.320601  0.000001  0.003614  0.854376 -0.999999  0.688367  1.794340  0.048195  6.996760
au_c  13  617.699473  0.023617  0.261971  -0.195220  1.695980  0.320601  0.000001  0.003614  0.854376 -0.999999  0.688367  1.794340  0.048195  6.996760
au_c  14  616.489840  0.023617  0.261971  -0.195220  1.695740  0.320601  0.000001  0.003614  0.854376 -0.999999  0.688367  1.794340  0.048195  6.996760
au_c  15  617.323264  0.023617  0.261971  -0.195220  1.695920  0.320601  0.000001  0.003614  0.854376 -0.999999  0.688367  1.794340  0.048195  6.996760
au_c  16  616.718241  0.023617  0.261971  -0.195220  1.695800  0.320601  0.000001  0.003614  0.854376 -0.999999  0.688367  1.794340  0.048195  6.996760
au_c  17  617.153586  0.023617  0.261971  -0.195220  1.695890  0.320601  0.000001  0.003614  0.854376 -0.999999  0.688367  1.794340  0.048195  6.996760
au_c  18  616.851077  0.023617  0.261971  -0.195220  1.695830  0.320601  0.000001  0.003614  0.854376 -0.999999  0.688367  1.794340  0.048195  6.996760
au_c  19  617.047287  0.023617  0.261971  -0.195220  1.695870  0.320601  0.000001  0.003614  0.854376 -0.999999  0.688367  1.794340  0.048195  6.996760
au_c  20  616.946457  0.023617  0.261971  -0.195220  1.695850  0.320601  0.000001  0.003614  0.854376 -0.999999  0.688367  1.794340  0.048195  6.996760
bd_c  1  130574.517397  0.023617  0.261971  -0.195220  1.695860  0.320601  0.000001  0.797360  0.854376 -0.999999  0.688367  1.794340  0.048195  6.996760
bd_c  3  45383.289097  0.023617  0.261971  -0.195220  1.695860  0.320601  0.000001  0.400487  0.854376 -0.999999  0.688367  1.794340  0.048195  6.996760
bd_c  5  13933.231601  0.023617  0.261971  -0.195220  1.695860  0.320601  0.000001  0.202050  0.854376 -0.999999  0.688367  1.794340  0.048195  6.996760
bd_c  7  4297.059965  0.023617  0.261971  -0.195220  1.695860  0.320601  0.000001  0.102832  0.854376 -0.999999  0.688367  1.794340  0.048195  6.996760
bd_c  9  1606.313721  0.023617  0.261971  -0.195220  1.695860  0.320601  0.000001  0.053223  0.854376 -0.999999  0.688367  1.794340  0.048195  6.996760
bd_c  11  884.566044  0.023617  0.261971  -0.195220  1.695860  0.320601  0.000001  0.028418  0.854376 -0.999999  0.688367  1.794340  0.048195  6.996760
bd_c  13  692.080199  0.023617  0.261971  -0.195220  1.695860  0.320601  0.000001  0.016016  0.854376 -0.999999  0.688367  1.794340  0.048195  6.996760
bd_c  15  639.622116  0.023617  0.261971  -0.195220  1.695860  0.320601  0.000001  0.009815  0.854376 -0.999999  0.688367  1.794340  0.048195  6.996760
bd_c  17  624.547813  0.023617  0.261971  -0.195220  1.695860  0.320601  0.000001  0.006714  0.854376 -0.999999  0.688367  1.794340  0.048195  6.996760
bd_c  18  617.016311  0.023617  0.261971  -0.195220  1.695860  0.320601  0.000001  0.000513  0.854376 -0.999999  0.688367  1.794340  0.048195  6.996760
bd_c  19  619.828478  0.023617  0.261971  -0.195220  1.695860  0.320601  0.000001  0.005164  0.854376 -0.999999  0.688367  1.794340  0.048195  6.996760
bd_c  20  616.058992  0.023617  0.261971  -0.195220  1.695860  0.320601  0.000001  0.002064  0.854376 -0.999999  0.688367  1.794340  0.048195  6.996760
bu_c  1  3097656.611804  0.023617  0.261971  -0.195220  1.695860  0.320601  0.538258  0.003614  0.854376 -0.999999  0.688367  1.794340  0.048195  6.996760
bu_c  3  972721.255003  0.023617  0.261971  -0.195220  1.695860  0.320601  0.269130  0.003614  0.854376 -0.999999  0.688367  1.794340  0.048195  6.996760
bu_c  5  274603.172421  0.023617  0.261971  -0.195220  1.695860  0.320601  0.134566  0.003614  0.854376 -0.999999  0.688367  1.794340  0.048195  6.996760
bu_c  7  73620.920320  0.023617  0.261971  -0.195220  1.695860  0.320601  0.067284  0.003614  0.854376 -0.999999  0.688367  1.794340  0.048195  6.996760
bu_c  9  19561.234857  0.023617  0.261971  -0.195220  1.695860  0.320601  0.033642  0.003614  0.854376 -0.999999  0.688367  1.794340  0.048195  6.996760
bu_c  11  5493.213758  0.023617  0.261971  -0.195220  1.695860  0.320601  0.016822  0.003614  0.854376 -0.999999  0.688367  1.794340  0.048195  6.996760
bu_c  13  1879.393552  0.023617  0.261971  -0.195220  1.695860  0.320601  0.008412  0.003614  0.854376 -0.999999  0.688367  1.794340  0.048195  6.996760
bu_c  15  950.967709  0.023617  0.261971  -0.195220  1.695860  0.320601  0.004207  0.003614  0.854376 -0.999999  0.688367  1.794340  0.048195  6.996760
bu_c  17  709.213916  0.023617  0.261971  -0.195220  1.695860  0.320601  0.002104  0.003614  0.854376 -0.999999  0.688367  1.794340  0.048195  6.996760
bu_c  19  644.357643  0.023617  0.261971  -0.195220  1.695860  0.320601  0.001053  0.003614  0.854376 -0.999999  0.688367  1.794340  0.048195  6.996760
Nd_c  1  1371.928819  0.023617  0.261971  -0.188061  1.695860  0.320601  0.000001  0.003614  0.854376 -0.999999  0.688367  1.794340  0.048195  6.996760
Nd_c  2  1271.177743  0.023617  0.261971  -0.202379  1.695860  0.320601  0.000001  0.003614  0.854376 -0.999999  0.688367  1.794340  0.048195  6.996760
Nd_c  3  818.230972  0.023617  0.261971  -0.191641  1.695860  0.320601  0.000001  0.003614  0.854376 -0.999999  0.688367  1.794340  0.048195  6.996760
Nd_c  4  767.889871  0.023617  0.261971  -0.198799  1.695860  0.320601  0.000001  0.003614  0.854376 -0.999999  0.688367  1.794340  0.048195  6.996760
Nd_c  5  673.664972  0.023617  0.261971  -0.193430  1.695860  0.320601  0.000001  0.003614  0.854376 -0.999999  0.688367  1.794340  0.048195  6.996760
Nd_c  6  648.434731  0.023617  0.261971  -0.197010  1.695860  0.320601  0.000001  0.003614  0.854376 -0.999999  0.688367  1.794340  0.048195  6.996760
Nd_c  7  634.316272  0.023617  0.261971  -0.194325  1.695860  0.320601  0.000001  0.003614  0.854376 -0.999999  0.688367  1.794340  0.048195  6.996760
Nd_c  8  621.701898  0.023617  0.261971  -0.196115  1.695860  0.320601  0.000001  0.003614  0.854376 -0.999999  0.688367  1.794340  0.048195  6.996760
Nd_c  9  622.893328  0.023617  0.261971  -0.194773  1.695860  0.320601  0.000001  0.003614  0.854376 -0.999999  0.688367  1.794340  0.048195  6.996760
Nd_c  10  616.583605  0.023617  0.261971  -0.195667  1.695860  0.320601  0.000001  0.003614  0.854376 -0.999999  0.688367  1.794340  0.048195  6.996760
Nd_c  11  619.264766  0.023617  0.261971  -0.194996  1.695860  0.320601  0.000001  0.003614  0.854376 -0.999999  0.688367  1.794340  0.048195  6.996760
Nd_c  12  616.097969  0.023617  0.261971  -0.195444  1.695860  0.320601  0.000001  0.003614  0.854376 -0.999999  0.688367  1.794340  0.048195  6.996760
Nd_c  13  617.957980  0.023617  0.261971  -0.195108  1.695860  0.320601  0.000001  0.003614  0.854376 -0.999999  0.688367  1.794340  0.048195  6.996760
Nd_c  14  616.381507  0.023617  0.261971  -0.195332  1.695860  0.320601  0.000001  0.003614  0.854376 -0.999999  0.688367  1.794340  0.048195  6.996760
Nd_c  15  617.433971  0.023617  0.261971  -0.195164  1.695860  0.320601  0.000001  0.003614  0.854376 -0.999999  0.688367  1.794340  0.048195  6.996760
Nd_c  16  616.645055  0.023617  0.261971  -0.195276  1.695860  0.320601  0.000001  0.003614  0.854376 -0.999999  0.688367  1.794340  0.048195  6.996760
Nd_c  17  617.204297  0.023617  0.261971  -0.195192  1.695860  0.320601  0.000001  0.003614  0.854376 -0.999999  0.688367  1.794340  0.048195  6.996760
Nd_c  18  616.809638  0.023617  0.261971  -0.195248  1.695860  0.320601  0.000001  0.003614  0.854376 -0.999999  0.688367  1.794340  0.048195  6.996760
Nd_c  19  617.097548  0.023617  0.261971  -0.195206  1.695860  0.320601  0.000001  0.003614  0.854376 -0.999999  0.688367  1.794340  0.048195  6.996760
Nd_c  20  616.900221  0.023617  0.261971  -0.195234  1.695860  0.320601  0.000001  0.003614  0.854376 -0.999999  0.688367  1.794340  0.048195  6.996760
Nu_c  1  197060.097468  0.023617  0.286625  -0.195220  1.695860  0.320601  0.000001  0.003614  0.854376 -0.999999  0.688367  1.794340  0.048195  6.996760
Nu_c  2  198794.183337  0.023617  0.237317  -0.195220  1.695860  0.320601  0.000001  0.003614  0.854376 -0.999999  0.688367  1.794340  0.048195  6.996760
Nu_c  3  49510.907267  0.023617  0.274298  -0.195220  1.695860  0.320601  0.000001  0.003614  0.854376 -0.999999  0.688367  1.794340  0.048195  6.996760
Nu_c  4  50379.238762  0.023617  0.249644  -0.195220  1.695860  0.320601  0.000001  0.003614  0.854376 -0.999999  0.688367  1.794340  0.048195  6.996760
Nu_c  5  12734.199107  0.023617  0.268135  -0.195220  1.695860  0.320601  0.000001  0.003614  0.854376 -0.999999  0.688367  1.794340  0.048195  6.996760
Nu_c  6  13168.218434  0.023617  0.255807  -0.195220  1.695860  0.320601  0.000001  0.003614  0.854376 -0.999999  0.688367  1.794340  0.048195  6.996760
Nu_c  7  3591.050233  0.023617  0.265053  -0.195220  1.695860  0.320601  0.000001  0.003614  0.854376 -0.999999  0.688367  1.794340  0.048195  6.996760
Nu_c  8  3809.159079  0.023617  0.258889  -0.195220  1.695860  0.320601  0.000001  0.003614  0.854376 -0.999999  0.688367  1.794340  0.048195  6.996760
Nu_c  9  1333.498170  0.023617  0.263512  -0.195220  1.695860  0.320601  0.000001  0.003614  0.854376 -0.999999  0.688367  1.794340  0.048195  6.996760
Nu_c  10  1442.215965  0.023617  0.260430  -0.195220  1.695860  0.320601  0.000001  0.003614  0.854376 -0.999999  0.688367  1.794340  0.048195  6.996760
Nu_c  11  782.299133  0.023617  0.262741  -0.195220  1.695860  0.320601  0.000001  0.003614  0.854376 -0.999999  0.688367  1.794340  0.048195  6.996760
Nu_c  12  836.603842  0.023617  0.261201  -0.195220  1.695860  0.320601  0.000001  0.003614  0.854376 -0.999999  0.688367  1.794340  0.048195  6.996760
Nu_c  13  651.531462  0.023617  0.262356  -0.195220  1.695860  0.320601  0.000001  0.003614  0.854376 -0.999999  0.688367  1.794340  0.048195  6.996760
Nu_c  14  678.678875  0.023617  0.261586  -0.195220  1.695860  0.320601  0.000001  0.003614  0.854376 -0.999999  0.688367  1.794340  0.048195  6.996760
Nu_c  15  622.279657  0.023617  0.262164  -0.195220  1.695860  0.320601  0.000001  0.003614  0.854376 -0.999999  0.688367  1.794340  0.048195  6.996760
Nu_c  16  635.898195  0.023617  0.261778  -0.195220  1.695860  0.320601  0.000001  0.003614  0.854376 -0.999999  0.688367  1.794340  0.048195  6.996760
Nu_c  17  616.601391  0.023617  0.262067  -0.195220  1.695860  0.320601  0.000001  0.003614  0.854376 -0.999999  0.688367  1.794340  0.048195  6.996760
Nu_c  18  623.374723  0.023617  0.261875  -0.195220  1.695860  0.320601  0.000001  0.003614  0.854376 -0.999999  0.688367  1.794340  0.048195  6.996760
Nu_c  19  616.050877  0.023617  0.262019  -0.195220  1.695860  0.320601  0.000001  0.003614  0.854376 -0.999999  0.688367  1.794340  0.048195  6.996760
Nu_c  20  619.437332  0.023617  0.261923  -0.195220  1.695860  0.320601  0.000001  0.003614  0.854376 -0.999999  0.688367  1.794340  0.048195  6.996760
ad_T  1  14386.443378  0.023617  0.261971  -0.195220  1.695860  0.320601  0.000001  0.003614  0.854376 -0.999999  0.688367  2.111720  0.048195  6.996760
ad_T  2  10890.805719  0.023617  0.261971  -0.195220  1.695860  0.320601  0.000001  0.003614  0.854376 -0.999999  0.688367  1.476960  0.048195  6.996760
ad_T  3  4041.486937  0.023617  0.261971  -0.195220  1.695860  0.320601  0.000001  0.003614  0.854376 -0.999999  0.688367  1.953030  0.048195  6.996760
ad_T  4  3448.729872  0.023617  0.261971  -0.195220  1.695860  0.320601  0.000001  0.003614  0.854376 -0.999999  0.688367  1.635650  0.048195  6.996760
ad_T  5  1483.347473  0.023617  0.261971  -0.195220  1.695860  0.320601  0.000001  0.003614  0.854376 -0.999999  0.688367  1.873680  0.048195  6.996760
ad_T  6  1329.899277  0.023617  0.261971  -0.195220  1.695860  0.320601  0.000001  0.003614  0.854376 -0.999999  0.688367  1.715000  0.048195  6.996760
ad_T  7  844.380816  0.023617  0.261971  -0.195220  1.695860  0.320601  0.000001  0.003614  0.854376 -0.999999  0.688367  1.834010  0.048195  6.996760
ad_T  8  785.330250  0.023617  0.261971  -0.195220  1.695860  0.320601  0.000001  0.003614  0.854376 -0.999999  0.688367  1.754670  0.048195  6.996760
ad_T  9  680.150788  0.023617  0.261971  -0.195220  1.695860  0.320601  0.000001  0.003614  0.854376 -0.999999  0.688367  1.814180  0.048195  6.996760
ad_T  10  652.851612  0.023617  0.261971  -0.195220  1.695860  0.320601  0.000001  0.003614  0.854376 -0.999999  0.688367  1.774500  0.048195  6.996760
ad_T  11  636.084197  0.023617  0.261971  -0.195220  1.695860  0.320601  0.000001  0.003614  0.854376 -0.999999  0.688367  1.804260  0.048195  6.996760
ad_T  12  622.670048  0.023617  0.261971  -0.195220  1.695860  0.320601  0.000001  0.003614  0.854376 -0.999999  0.688367  1.784420  0.048195  6.996760
ad_T  13  623.426124  0.023617  0.261971  -0.195220  1.695860  0.320601  0.000001  0.003614  0.854376 -0.999999  0.688367  1.799300  0.048195  6.996760
ad_T  14  616.748793  0.023617  0.261971  -0.195220  1.695860  0.320601  0.000001  0.003614  0.854376 -0.999999  0.688367  1.789380  0.048195  6.996760
ad_T  15  619.435178  0.023617  0.261971  -0.195220  1.695860  0.320601  0.000001  0.003614  0.854376 -0.999999  0.688367  1.796820  0.048195  6.996760
ad_T  16  616.105875  0.023617  0.261971  -0.195220  1.695860  0.320601  0.000001  0.003614  0.854376 -0.999999  0.688367  1.791860  0.048195  6.996760
ad_T  17  618.021690  0.023617  0.261971  -0.195220  1.695860  0.320601  0.000001  0.003614  0.854376 -0.999999  0.688367  1.795580  0.048195  6.996760
ad_T  18  616.357766  0.023617  0.261971  -0.195220  1.695860  0.320601  0.000001  0.003614  0.854376 -0.999999  0.688367  1.793100  0.048195  6.996760
ad_T  19  617.460496  0.023617  0.261971  -0.195220  1.695860  0.320601  0.000001  0.003614  0.854376 -0.999999  0.688367  1.794960  0.048195  6.996760
ad_T  20  616.630400  0.023617  0.261971  -0.195220  1.695860  0.320601  0.000001  0.003614  0.854376 -0.999999  0.688367  1.793720  0.048195  6.996760
au_T  1  174530.316254  0.023617  0.261971  -0.195220  1.695860  0.320601  0.000001  0.003614  0.854376 -0.999999  0.731720  1.794340  0.048195  6.996760
au_T  2  207586.752573  0.023617  0.261971  -0.195220  1.695860  0.320601  0.000001  0.003614  0.854376 -0.999999  0.645014  1.794340  0.048195  6.996760
au_T  3  46315.273084  0.023617  0.261971  -0.195220  1.695860  0.320601  0.000001  0.003614  0.854376 -0.999999  0.710044  1.794340  0.048195  6.996760
au_T  4  49806.070545  0.023617  0.261971  -0.195220  1.695860  0.320601  0.000001  0.003614  0.854376 -0.999999  0.666690  1.794340  0.048195  6.996760
au_T  5  12407.133199  0.023617  0.261971  -0.195220  1.695860  0.320601  0.000001  0.003614  0.854376 -0.999999  0.699205  1.794340  0.048195  6.996760
au_T  6  12525.611747  0.023617  0.261971  -0.195220  1.695860  0.320601  0.000001  0.003614  0.854376 -0.999999  0.677529  1.794340  0.048195  6.996760
au_T  7  3650.778287  0.023617  0.261971  -0.195220  1.695860  0.320601  0.000001  0.003614  0.854376 -0.999999  0.693786  1.794340  0.048195  6.996760
au_T  8  3506.802505  0.023617  0.261971  -0.195220  1.695860  0.320601  0.000001  0.003614  0.854376 -0.999999  0.682948  1.794340  0.048195  6.996760
au_T  9  1406.431920  0.023617  0.261971  -0.195220  1.695860  0.320601  0.000001  0.003614  0.854376 -0.999999  0.691077  1.794340  0.048195  6.996760
au_T  10  1308.815977  0.023617  0.261971  -0.195220  1.695860  0.320601  0.000001  0.003614  0.854376 -0.999999  0.685657  1.794340  0.048195  6.996760
au_T  11  828.125991  0.023617  0.261971  -0.195220  1.695860  0.320601  0.000001  0.003614  0.854376 -0.999999  0.689722  1.794340  0.048195  6.996760
au_T  12  776.157638  0.023617  0.261971  -0.195220  1.695860  0.320601  0.000001  0.003614  0.854376 -0.999999  0.687012  1.794340  0.048195  6.996760
au_T  13  676.388153  0.023617  0.261971  -0.195220  1.695860  0.320601  0.000001  0.003614  0.854376 -0.999999  0.689044  1.794340  0.048195  6.996760
au_T  14  650.031117  0.023617  0.261971  -0.195220  1.695860  0.320601  0.000001  0.003614  0.854376 -0.999999  0.687690  1.794340  0.048195  6.996760
au_T  15  635.212950  0.023617  0.261971  -0.195220  1.695860  0.320601  0.000001  0.003614  0.854376 -0.999999  0.688706  1.794340  0.048195  6.996760
au_T  16  621.958230  0.023617  0.261971  -0.195220  1.695860  0.320601  0.000001  0.003614  0.854376 -0.999999  0.688028  1.794340  0.048195  6.996760
au_T  17  623.183743  0.023617  0.261971  -0.195220  1.695860  0.320601  0.000001  0.003614  0.854376 -0.999999  0.688536  1.794340  0.048195  6.996760
au_T  18  616.569488  0.023617  0.261971  -0.195220  1.695860  0.320601  0.000001  0.003614  0.854376 -0.999999  0.688198  1.794340  0.048195  6.996760
au_T  19  619.388420  0.023617  0.261971  -0.195220  1.695860  0.320601  0.000001  0.003614  0.854376 -0.999999  0.688452  1.794340  0.048195  6.996760
au_T  20  616.061164  0.023617  0.261971  -0.195220  1.695860  0.320601  0.000001  0.003614  0.854376 -0.999999  0.688282  1.794340  0.048195  6.996760
bd_T  1  17043.258802  0.023617  0.261971  -0.195220  1.695860  0.320601  0.000001  0.003614  0.854376 -0.999999  0.688367  1.794340  0.048195  9.644940
bd_T  2  51817.649015  0.023617  0.261971  -0.195220  1.695860  0.320601  0.000001  0.003614  0.854376 -0.999999  0.688367  1.794340  0.048195  4.348580
bd_T  3  6282.851078  0.023617  0.261971  -0.195220  1.695860  0.320601  0.000001  0.003614  0.854376 -0.999999  0.688367  1.794340  0.048195  8.320850
bd_T  4  10961.272557  0.023617  0.261971  -0.195220  1.695860  0.320601  0.000001  0.003614  0.854376 -0.999999  0.688367  1.794340  0.048195  5.672670
bd_T  5  2231.332010  0.023617  0.261971  -0.195220  1.695860  0.320601  0.000001  0.003614  0.854376 -0.999999  0.688367  1.794340  0.048195  7.658810
bd_T  6  2943.596006  0.023617  0.261971  -0.195220  1.695860  0.320601  0.000001  0.003614  0.854376 -0.999999  0.688367  1.794340  0.048195  6.334720
bd_T  7  1031.635258  0.023617  0.261971  -0.195220  1.695860  0.320601  0.000001  0.003614  0.854376 -0.999999  0.688367  1.794340  0.048195  7.327780
bd_T  8  1183.567848  0.023617  0.261971  -0.195220  1.695860  0.320601  0.000001  0.003614  0.854376 -0.999999  0.688367  1.794340  0.048195  6.665740
bd_T  9  714.319269  0.023617  0.261971  -0.195220  1.695860  0.320601  0.000001  0.003614  0.854376 -0.999999  0.688367  1.794340  0.048195  7.162270
bd_T  10  764.687102  0.023617  0.261971  -0.195220  1.695860  0.320601  0.000001  0.003614  0.854376 -0.999999  0.688367  1.794340  0.048195  6.831250
bd_T  11  636.613119  0.023617  0.261971  -0.195220  1.695860  0.320601  0.000001  0.003614  0.854376 -0.999999  0.688367  1.794340  0.048195  7.079520
bd_T  12  658.623774  0.023617  0.261971  -0.195220  1.695860  0.320601  0.000001  0.003614  0.854376 -0.999999  0.688367  1.794340  0.048195  6.914000
bd_T  13  619.335093  0.023617  0.261971  -0.195220  1.695860  0.320601  0.000001  0.003614  0.854376 -0.999999  0.688367  1.794340  0.048195  7.038140
bd_T  14  629.962641  0.023617  0.261971  -0.195220  1.695860  0.320601  0.000001  0.003614  0.854376 -0.999999  0.688367  1.794340  0.048195  6.955380
bd_T  15  616.270747  0.023617  0.261971  -0.195220  1.695860  0.320601  0.000001  0.003614  0.854376 -0.999999  0.688367  1.794340  0.048195  7.017450
bd_T  16  621.540338  0.023617  0.261971  -0.195220  1.695860  0.320601  0.000001  0.003614  0.854376 -0.999999  0.688367  1.794340  0.048195  6.976070
bd_T  17  616.163509  0.023617  0.261971  -0.195220  1.695860  0.320601  0.000001  0.003614  0.854376 -0.999999  0.688367  1.794340  0.048195  7.007100
bd_T  18  618.785601  0.023617  0.261971  -0.195220  1.695860  0.320601  0.000001  0.003614  0.854376 -0.999999  0.688367  1.794340  0.048195  6.986420
bd_T  19  616.460699  0.023617  0.261971  -0.195220  1.695860  0.320601  0.000001  0.003614  0.854376 -0.999999  0.688367  1.794340  0.048195  7.001930
bd_T  20  617.770734  0.023617  0.261971  -0.195220  1.695860  0.320601  0.000001  0.003614  0.854376 -0.999999  0.688367  1.794340  0.048195  6.991590
bu_T  1  195475.570264  0.023617  0.261971  -0.195220  1.695860  0.320601  0.000001  0.003614  0.854376 -0.999999  0.688367  1.794340  0.087089  6.996760
bu_T  2  303562.732196  0.023617  0.261971  -0.195220  1.695860  0.320601  0.000001  0.003614  0.854376 -0.999999  0.688367  1.794340  0.009302  6.996760
bu_T  3  52621.473176  0.023617  0.261971  -0.195220  1.695860  0.320601  0.000001  0.003614  0.854376 -0.999999  0.688367  1.794340  0.067642  6.996760
bu_T  4  64773.620691  0.023617  0.261971  -0.195220  1.695860  0.320601  0.000001  0.003614  0.854376 -0.999999  0.688367  1.794340  0.028749  6.996760
bu_T  5  14035.825841  0.023617  0.261971  -0.195220  1.695860  0.320601  0.000001  0.003614  0.854376 -0.999999  0.688367  1.794340  0.057919  6.996760
bu_T  6  15858.616309  0.023617  0.261971  -0.195220  1.695860  0.320601  0.000001  0.003614  0.854376 -0.999999  0.688367  1.794340  0.038472  6.996760
bu_T  7  3987.592843  0.023617  0.261971  -0.195220  1.695860  0.320601  0.000001  0.003614  0.854376 -0.999999  0.688367  1.794340  0.053057  6.996760
bu_T  8  4388.226406  0.023617  0.261971  -0.195220  1.695860  0.320601  0.000001  0.003614  0.854376 -0.999999  0.688367  1.794340  0.043334  6.996760
bu_T  9  1440.244291  0.023617  0.261971  -0.195220  1.695860  0.320601  0.000001  0.003614  0.854376 -0.999999  0.688367  1.794340  0.050626  6.996760
bu_T  10  1578.152838  0.023617  0.261971  -0.195220  1.695860  0.320601  0.000001  0.003614  0.854376 -0.999999  0.688367  1.794340  0.045764  6.996760
bu_T  11  809.641745  0.023617  0.261971  -0.195220  1.695860  0.320601  0.000001  0.003614  0.854376 -0.999999  0.688367  1.794340  0.049411  6.996760
bu_T  12  869.659618  0.023617  0.261971  -0.195220  1.695860  0.320601  0.000001  0.003614  0.854376 -0.999999  0.688367  1.794340  0.046980  6.996760
bu_T  13  658.012257  0.023617  0.261971  -0.195220  1.695860  0.320601  0.000001  0.003614  0.854376 -0.999999  0.688367  1.794340  0.048803  6.996760
bu_T  14  687.347193  0.023617  0.261971  -0.195220  1.695860  0.320601  0.000001  0.003614  0.854376 -0.999999  0.688367  1.794340  0.047588  6.996760
bu_T  15  623.616941  0.023617  0.261971  -0.195220  1.695860  0.320601  0.000001  0.003614  0.854376 -0.999999  0.688367  1.794340  0.048499  6.996760
bu_T  16  638.273207  0.023617  0.261971  -0.195220  1.695860  0.320601  0.000001  0.003614  0.854376 -0.999999  0.688367  1.794340  0.047891  6.996760
bu_T  17  616.827102  0.023617  0.261971  -0.195220  1.695860  0.320601  0.000001  0.003614  0.854376 -0.999999  0.688367  1.794340  0.048347  6.996760
bu_T  18  624.139953  0.023617  0.261971  -0.195220  1.695860  0.320601  0.000001  0.003614  0.854376 -0.999999  0.688367  1.794340  0.048043  6.996760
bu_T  19  616.040828  0.023617  0.261971  -0.195220  1.695860  0.320601  0.000001  0.003614  0.854376 -0.999999  0.688367  1.794340  0.048271  6.996760
bu_T  20  619.695115  0.023617  0.261971  -0.195220  1.695860  0.320601  0.000001  0.003614  0.854376 -0.999999  0.688367  1.794340  0.048119  6.996760
Nd_T  1  8997.901019  0.023617  0.261971  -0.195220  1.695860  0.320601  0.000001  0.003614  0.854376 -0.874843  0.688367  1.794340  0.048195  6.996760
Nd_T  2  8652.275341  0.023617  0.261971  -0.195220  1.695860  0.320601  0.000001  0.003614  0.854376 -1.125150  0.688367  1.794340  0.048195  6.996760
Nd_T  3  2754.748974  0.023617  0.261971  -0.195220  1.695860  0.320601  0.000001  0.003614  0.854376 -0.937421  0.688367  1.794340  0.048195  6.996760
Nd_T  4  2583.012134  0.023617  0.261971  -0.195220  1.695860  0.320601  0.000001  0.003614  0.854376 -1.062580  0.688367  1.794340  0.048195  6.996760
Nd_T  5  1172.879301  0.023617  0.261971  -0.195220  1.695860  0.320601  0.000001  0.003614  0.854376 -0.968710  0.688367  1.794340  0.048195  6.996760
Nd_T  6  1086.906349  0.023617  0.261971  -0.195220  1.695860  0.320601  0.000001  0.003614  0.854376 -1.031290  0.688367  1.794340  0.048195  6.996760
Nd_T  7  766.667778  0.023617  0.261971  -0.195220  1.695860  0.320601  0.000001  0.003614  0.854376 -0.984355  0.688367  1.794340  0.048195  6.996760
Nd_T  8  723.667108  0.023617  0.261971  -0.195220  1.695860  0.320601  0.000001  0.003614  0.854376 -1.015640  0.688367  1.794340  0.048195  6.996760
Nd_T  9  659.824741  0.023617  0.261971  -0.195220  1.695860  0.320601  0.000001  0.003614  0.854376 -0.992177  0.688367  1.794340  0.048195  6.996760
Nd_T  10  638.287316  0.023617  0.261971  -0.195220  1.695860  0.320601  0.000001  0.003614  0.854376 -1.007820  0.688367  1.794340  0.048195  6.996760
Nd_T  11  630.390924  0.023617  0.261971  -0.195220  1.695860  0.320601  0.000001  0.003614  0.854376 -0.996088  0.688367  1.794340  0.048195  6.996760
Nd_T  12  619.630562  0.023617  0.261971  -0.195220  1.695860  0.320601  0.000001  0.003614  0.854376 -1.003910  0.688367  1.794340  0.048195  6.996760
Nd_T  13  621.691740  0.023617  0.261971  -0.195220  1.695860  0.320601  0.000001  0.003614  0.854376 -0.998043  0.688367  1.794340  0.048195  6.996760
Nd_T  14  616.296845  0.023617  0.261971  -0.195220  1.695860  0.320601  0.000001  0.003614  0.854376 -1.001950  0.688367  1.794340  0.048195  6.996760
Nd_T  15  618.842999  0.023617  0.261971  -0.195220  1.695860  0.320601  0.000001  0.003614  0.854376 -0.999021  0.688367  1.794340  0.048195  6.996760
Nd_T  16  616.141277  0.023617  0.261971  -0.195220  1.695860  0.320601  0.000001  0.003614  0.854376 -1.000980  0.688367  1.794340  0.048195  6.996760
Nd_T  17  617.794256  0.023617  0.261971  -0.195220  1.695860  0.320601  0.000001  0.003614  0.854376 -0.999510  0.688367  1.794340  0.048195  6.996760
Nd_T  18  616.447391  0.023617  0.261971  -0.195220  1.695860  0.320601  0.000001  0.003614  0.854376 -1.000490  0.688367  1.794340  0.048195  6.996760
Nd_T  19  617.363086  0.023617  0.261971  -0.195220  1.695860  0.320601  0.000001  0.003614  0.854376 -0.999755  0.688367  1.794340  0.048195  6.996760
Nd_T  20  616.695463  0.023617  0.261971  -0.195220  1.695860  0.320601  0.000001  0.003614  0.854376 -1.000240  0.688367  1.794340  0.048195  6.996760
Nu_T  1  228315.674533  0.023617  0.261971  -0.195220  1.695860  0.320601  0.000001  0.003614  0.940928 -0.999999  0.688367  1.794340  0.048195  6.996760
Nu_T  2  230182.397704  0.023617  0.261971  -0.195220  1.695860  0.320601  0.000001  0.003614  0.767824 -0.999999  0.688367  1.794340  0.048195  6.996760
Nu_T  3  57308.221030  0.023617  0.261971  -0.195220  1.695860  0.320601  0.000001  0.003614  0.897652 -0.999999  0.688367  1.794340  0.048195  6.996760
Nu_T  4  58244.668331  0.023617  0.261971  -0.195220  1.695860  0.320601  0.000001  0.003614  0.811100 -0.999999  0.688367  1.794340  0.048195  6.996760
Nu_T  5  14673.268168  0.023617  0.261971  -0.195220  1.695860  0.320601  0.000001  0.003614  0.876014 -0.999999  0.688367  1.794340  0.048195  6.996760
Nu_T  6  15140.441290  0.023617  0.261971  -0.195220  1.695860  0.320601  0.000001  0.003614  0.832738 -0.999999  0.688367  1.794340  0.048195  6.996760
Nu_T  7  4072.451887  0.023617  0.261971  -0.195220  1.695860  0.320601  0.000001  0.003614  0.865195 -0.999999  0.688367  1.794340  0.048195  6.996760
Nu_T  8  4306.362519  0.023617  0.261971  -0.195220  1.695860  0.320601  0.000001  0.003614  0.843557 -0.999999  0.688367  1.794340  0.048195  6.996760
Nu_T  9  1451.412834  0.023617  0.261971  -0.195220  1.695860  0.320601  0.000001  0.003614  0.859785 -0.999999  0.688367  1.794340  0.048195  6.996760
Nu_T  10  1568.421760  0.023617  0.261971  -0.195220  1.695860  0.320601  0.000001  0.003614  0.848967 -0.999999  0.688367  1.794340  0.048195  6.996760
Nu_T  11  811.051096  0.023617  0.261971  -0.195220  1.695860  0.320601  0.000001  0.003614  0.857081 -0.999999  0.688367  1.794340  0.048195  6.996760
Nu_T  12  869.563896  0.023617  0.261971  -0.195220  1.695860  0.320601  0.000001  0.003614  0.851671 -0.999999  0.688367  1.794340  0.048195  6.996760
Nu_T  13  658.159622  0.023617  0.261971  -0.195220  1.695860  0.320601  0.000001  0.003614  0.855728 -0.999999  0.688367  1.794340  0.048195  6.996760
Nu_T  14  687.391700  0.023617  0.261971  -0.195220  1.695860  0.320601  0.000001  0.003614  0.853024 -0.999999  0.688367  1.794340  0.048195  6.996760
Nu_T  15  623.631129  0.023617  0.261971  -0.195220  1.695860  0.320601  0.000001  0.003614  0.855052 -0.999999  0.688367  1.794340  0.048195  6.996760
Nu_T  16  638.255311  0.023617  0.261971  -0.195220  1.695860  0.320601  0.000001  0.003614  0.853700 -0.999999  0.688367  1.794340  0.048195  6.996760
Nu_T  17  616.826959  0.023617  0.261971  -0.195220  1.695860  0.320601  0.000001  0.003614  0.854714 -0.999999  0.688367  1.794340  0.048195  6.996760
Nu_T  18  624.139190  0.023617  0.261971  -0.195220  1.695860  0.320601  0.000001  0.003614  0.854038 -0.999999  0.688367  1.794340  0.048195  6.996760
Nu_T  19  616.039907  0.023617  0.261971  -0.195220  1.695860  0.320601  0.000001  0.003614  0.854545 -0.999999  0.688367  1.794340  0.048195  6.996760
Nu_T  20  619.695811  0.023617  0.261971  -0.195220  1.695860  0.320601  0.000001  0.003614  0.854207 -0.999999  0.688367  1.794340  0.048195  6.996760
