NAN  idx chi2        BLNY      Nu_c       Nd_c      au_c      ad_c      bu_c      bd_c      Nu_T      Nd_T      au_T      ad_T      bu_T      bd_T                                   
FIT  1  492.010232  0.023617  0.261971  -0.195220  1.695860  0.320601  0.000001  0.003614  0.854376 -0.999999  0.688367  1.794340  0.048195  6.996760
BLNY  1  1938.241740  0.024334  0.261971  -0.195220  1.695860  0.320601  0.000001  0.003614  0.854376 -0.999999  0.688367  1.794340  0.048195  6.996760
BLNY  2  1813.963594  0.022900  0.261971  -0.195220  1.695860  0.320601  0.000001  0.003614  0.854376 -0.999999  0.688367  1.794340  0.048195  6.996760
BLNY  3  861.754895  0.023975  0.261971  -0.195220  1.695860  0.320601  0.000001  0.003614  0.854376 -0.999999  0.688367  1.794340  0.048195  6.996760
BLNY  4  814.392088  0.023258  0.261971  -0.195220  1.695860  0.320601  0.000001  0.003614  0.854376 -0.999999  0.688367  1.794340  0.048195  6.996760
BLNY  5  589.802079  0.023796  0.261971  -0.195220  1.695860  0.320601  0.000001  0.003614  0.854376 -0.999999  0.688367  1.794340  0.048195  6.996760
BLNY  6  567.695480  0.023437  0.261971  -0.195220  1.695860  0.320601  0.000001  0.003614  0.854376 -0.999999  0.688367  1.794340  0.048195  6.996760
BLNY  7  518.960667  0.023706  0.261971  -0.195220  1.695860  0.320601  0.000001  0.003614  0.854376 -0.999999  0.688367  1.794340  0.048195  6.996760
BLNY  8  508.141210  0.023527  0.261971  -0.195220  1.695860  0.320601  0.000001  0.003614  0.854376 -0.999999  0.688367  1.794340  0.048195  6.996760
BLNY  9  499.988170  0.023661  0.261971  -0.195220  1.695860  0.320601  0.000001  0.003614  0.854376 -0.999999  0.688367  1.794340  0.048195  6.996760
BLNY  10  494.633253  0.023572  0.261971  -0.195220  1.695860  0.320601  0.000001  0.003614  0.854376 -0.999999  0.688367  1.794340  0.048195  6.996760
BLNY  11  494.693302  0.023639  0.261971  -0.195220  1.695860  0.320601  0.000001  0.003614  0.854376 -0.999999  0.688367  1.794340  0.048195  6.996760
BLNY  12  491.988806  0.023594  0.261971  -0.195220  1.695860  0.320601  0.000001  0.003614  0.854376 -0.999999  0.688367  1.794340  0.048195  6.996760
BLNY  13  493.026635  0.023628  0.261971  -0.195220  1.695860  0.320601  0.000001  0.003614  0.854376 -0.999999  0.688367  1.794340  0.048195  6.996760
BLNY  14  491.642971  0.023605  0.261971  -0.195220  1.695860  0.320601  0.000001  0.003614  0.854376 -0.999999  0.688367  1.794340  0.048195  6.996760
BLNY  15  492.391416  0.023622  0.261971  -0.195220  1.695860  0.320601  0.000001  0.003614  0.854376 -0.999999  0.688367  1.794340  0.048195  6.996760
BLNY  16  491.728733  0.023611  0.261971  -0.195220  1.695860  0.320601  0.000001  0.003614  0.854376 -0.999999  0.688367  1.794340  0.048195  6.996760
BLNY  17  492.146553  0.023619  0.261971  -0.195220  1.695860  0.320601  0.000001  0.003614  0.854376 -0.999999  0.688367  1.794340  0.048195  6.996760
BLNY  18  491.846169  0.023614  0.261971  -0.195220  1.695860  0.320601  0.000001  0.003614  0.854376 -0.999999  0.688367  1.794340  0.048195  6.996760
BLNY  19  492.075707  0.023618  0.261971  -0.195220  1.695860  0.320601  0.000001  0.003614  0.854376 -0.999999  0.688367  1.794340  0.048195  6.996760
BLNY  20  491.895471  0.023615  0.261971  -0.195220  1.695860  0.320601  0.000001  0.003614  0.854376 -0.999999  0.688367  1.794340  0.048195  6.996760
ad_c  1  863.914595  0.023617  0.261971  -0.195220  1.695860  0.360717  0.000001  0.003614  0.854376 -0.999999  0.688367  1.794340  0.048195  6.996760
ad_c  2  849.467272  0.023617  0.261971  -0.195220  1.695860  0.280485  0.000001  0.003614  0.854376 -0.999999  0.688367  1.794340  0.048195  6.996760
ad_c  3  590.150040  0.023617  0.261971  -0.195220  1.695860  0.340659  0.000001  0.003614  0.854376 -0.999999  0.688367  1.794340  0.048195  6.996760
ad_c  4  576.158363  0.023617  0.261971  -0.195220  1.695860  0.300543  0.000001  0.003614  0.854376 -0.999999  0.688367  1.794340  0.048195  6.996760
ad_c  5  518.715402  0.023617  0.261971  -0.195220  1.695860  0.330630  0.000001  0.003614  0.854376 -0.999999  0.688367  1.794340  0.048195  6.996760
ad_c  6  510.872029  0.023617  0.261971  -0.195220  1.695860  0.310572  0.000001  0.003614  0.854376 -0.999999  0.688367  1.794340  0.048195  6.996760
ad_c  7  499.720299  0.023617  0.261971  -0.195220  1.695860  0.325616  0.000001  0.003614  0.854376 -0.999999  0.688367  1.794340  0.048195  6.996760
ad_c  8  495.690102  0.023617  0.261971  -0.195220  1.695860  0.315587  0.000001  0.003614  0.854376 -0.999999  0.688367  1.794340  0.048195  6.996760
ad_c  9  494.456825  0.023617  0.261971  -0.195220  1.695860  0.323108  0.000001  0.003614  0.854376 -0.999999  0.688367  1.794340  0.048195  6.996760
ad_c  10  492.418848  0.023617  0.261971  -0.195220  1.695860  0.318094  0.000001  0.003614  0.854376 -0.999999  0.688367  1.794340  0.048195  6.996760
ad_c  11  492.874127  0.023617  0.261971  -0.195220  1.695860  0.321855  0.000001  0.003614  0.854376 -0.999999  0.688367  1.794340  0.048195  6.996760
ad_c  12  491.856922  0.023617  0.261971  -0.195220  1.695860  0.319347  0.000001  0.003614  0.854376 -0.999999  0.688367  1.794340  0.048195  6.996760
ad_c  13  492.353201  0.023617  0.261971  -0.195220  1.695860  0.321228  0.000001  0.003614  0.854376 -0.999999  0.688367  1.794340  0.048195  6.996760
ad_c  14  491.845342  0.023617  0.261971  -0.195220  1.695860  0.319974  0.000001  0.003614  0.854376 -0.999999  0.688367  1.794340  0.048195  6.996760
ad_c  15  492.159229  0.023617  0.261971  -0.195220  1.695860  0.320914  0.000001  0.003614  0.854376 -0.999999  0.688367  1.794340  0.048195  6.996760
ad_c  16  491.905640  0.023617  0.261971  -0.195220  1.695860  0.320288  0.000001  0.003614  0.854376 -0.999999  0.688367  1.794340  0.048195  6.996760
ad_c  17  492.079434  0.023617  0.261971  -0.195220  1.695860  0.320758  0.000001  0.003614  0.854376 -0.999999  0.688367  1.794340  0.048195  6.996760
ad_c  18  491.952224  0.023617  0.261971  -0.195220  1.695860  0.320444  0.000001  0.003614  0.854376 -0.999999  0.688367  1.794340  0.048195  6.996760
ad_c  19  492.043229  0.023617  0.261971  -0.195220  1.695860  0.320679  0.000001  0.003614  0.854376 -0.999999  0.688367  1.794340  0.048195  6.996760
ad_c  20  491.980016  0.023617  0.261971  -0.195220  1.695860  0.320523  0.000001  0.003614  0.854376 -0.999999  0.688367  1.794340  0.048195  6.996760
au_c  1  495.529947  0.023617  0.261971  -0.195220  1.703450  0.320601  0.000001  0.003614  0.854376 -0.999999  0.688367  1.794340  0.048195  6.996760
au_c  2  492.248989  0.023617  0.261971  -0.195220  1.688270  0.320601  0.000001  0.003614  0.854376 -0.999999  0.688367  1.794340  0.048195  6.996760
au_c  3  493.303927  0.023617  0.261971  -0.195220  1.699660  0.320601  0.000001  0.003614  0.854376 -0.999999  0.688367  1.794340  0.048195  6.996760
au_c  4  491.655705  0.023617  0.261971  -0.195220  1.692060  0.320601  0.000001  0.003614  0.854376 -0.999999  0.688367  1.794340  0.048195  6.996760
au_c  5  492.540472  0.023617  0.261971  -0.195220  1.697760  0.320601  0.000001  0.003614  0.854376 -0.999999  0.688367  1.794340  0.048195  6.996760
au_c  6  491.713859  0.023617  0.261971  -0.195220  1.693960  0.320601  0.000001  0.003614  0.854376 -0.999999  0.688367  1.794340  0.048195  6.996760
au_c  7  492.245957  0.023617  0.261971  -0.195220  1.696810  0.320601  0.000001  0.003614  0.854376 -0.999999  0.688367  1.794340  0.048195  6.996760
au_c  8  491.833478  0.023617  0.261971  -0.195220  1.694910  0.320601  0.000001  0.003614  0.854376 -0.999999  0.688367  1.794340  0.048195  6.996760
au_c  9  492.119494  0.023617  0.261971  -0.195220  1.696330  0.320601  0.000001  0.003614  0.854376 -0.999999  0.688367  1.794340  0.048195  6.996760
au_c  10  491.915460  0.023617  0.261971  -0.195220  1.695390  0.320601  0.000001  0.003614  0.854376 -0.999999  0.688367  1.794340  0.048195  6.996760
au_c  11  492.064224  0.023617  0.261971  -0.195220  1.696100  0.320601  0.000001  0.003614  0.854376 -0.999999  0.688367  1.794340  0.048195  6.996760
au_c  12  491.960024  0.023617  0.261971  -0.195220  1.695620  0.320601  0.000001  0.003614  0.854376 -0.999999  0.688367  1.794340  0.048195  6.996760
au_c  13  492.036757  0.023617  0.261971  -0.195220  1.695980  0.320601  0.000001  0.003614  0.854376 -0.999999  0.688367  1.794340  0.048195  6.996760
au_c  14  491.984670  0.023617  0.261971  -0.195220  1.695740  0.320601  0.000001  0.003614  0.854376 -0.999999  0.688367  1.794340  0.048195  6.996760
au_c  15  492.023378  0.023617  0.261971  -0.195220  1.695920  0.320601  0.000001  0.003614  0.854376 -0.999999  0.688367  1.794340  0.048195  6.996760
au_c  16  491.997321  0.023617  0.261971  -0.195220  1.695800  0.320601  0.000001  0.003614  0.854376 -0.999999  0.688367  1.794340  0.048195  6.996760
au_c  17  492.016775  0.023617  0.261971  -0.195220  1.695890  0.320601  0.000001  0.003614  0.854376 -0.999999  0.688367  1.794340  0.048195  6.996760
au_c  18  492.003747  0.023617  0.261971  -0.195220  1.695830  0.320601  0.000001  0.003614  0.854376 -0.999999  0.688367  1.794340  0.048195  6.996760
au_c  19  492.012406  0.023617  0.261971  -0.195220  1.695870  0.320601  0.000001  0.003614  0.854376 -0.999999  0.688367  1.794340  0.048195  6.996760
au_c  20  492.008064  0.023617  0.261971  -0.195220  1.695850  0.320601  0.000001  0.003614  0.854376 -0.999999  0.688367  1.794340  0.048195  6.996760
bd_c  1  140309.648623  0.023617  0.261971  -0.195220  1.695860  0.320601  0.000001  0.797360  0.854376 -0.999999  0.688367  1.794340  0.048195  6.996760
bd_c  3  47616.512581  0.023617  0.261971  -0.195220  1.695860  0.320601  0.000001  0.400487  0.854376 -0.999999  0.688367  1.794340  0.048195  6.996760
bd_c  5  14311.711581  0.023617  0.261971  -0.195220  1.695860  0.320601  0.000001  0.202050  0.854376 -0.999999  0.688367  1.794340  0.048195  6.996760
bd_c  7  4264.826624  0.023617  0.261971  -0.195220  1.695860  0.320601  0.000001  0.102832  0.854376 -0.999999  0.688367  1.794340  0.048195  6.996760
bd_c  9  1490.804121  0.023617  0.261971  -0.195220  1.695860  0.320601  0.000001  0.053223  0.854376 -0.999999  0.688367  1.794340  0.048195  6.996760
bd_c  11  755.441943  0.023617  0.261971  -0.195220  1.695860  0.320601  0.000001  0.028418  0.854376 -0.999999  0.688367  1.794340  0.048195  6.996760
bd_c  13  562.909677  0.023617  0.261971  -0.195220  1.695860  0.320601  0.000001  0.016016  0.854376 -0.999999  0.688367  1.794340  0.048195  6.996760
bd_c  15  512.020623  0.023617  0.261971  -0.195220  1.695860  0.320601  0.000001  0.009815  0.854376 -0.999999  0.688367  1.794340  0.048195  6.996760
bd_c  17  498.124605  0.023617  0.261971  -0.195220  1.695860  0.320601  0.000001  0.006714  0.854376 -0.999999  0.688367  1.794340  0.048195  6.996760
bd_c  18  493.728536  0.023617  0.261971  -0.195220  1.695860  0.320601  0.000001  0.000513  0.854376 -0.999999  0.688367  1.794340  0.048195  6.996760
bd_c  19  494.092751  0.023617  0.261971  -0.195220  1.695860  0.320601  0.000001  0.005164  0.854376 -0.999999  0.688367  1.794340  0.048195  6.996760
bd_c  20  491.884492  0.023617  0.261971  -0.195220  1.695860  0.320601  0.000001  0.002064  0.854376 -0.999999  0.688367  1.794340  0.048195  6.996760
bu_c  1  16571.582927  0.023617  0.261971  -0.195220  1.695860  0.320601  0.538258  0.003614  0.854376 -0.999999  0.688367  1.794340  0.048195  6.996760
bu_c  3  5602.643949  0.023617  0.261971  -0.195220  1.695860  0.320601  0.269130  0.003614  0.854376 -0.999999  0.688367  1.794340  0.048195  6.996760
bu_c  5  1957.336613  0.023617  0.261971  -0.195220  1.695860  0.320601  0.134566  0.003614  0.854376 -0.999999  0.688367  1.794340  0.048195  6.996760
bu_c  7  894.353866  0.023617  0.261971  -0.195220  1.695860  0.320601  0.067284  0.003614  0.854376 -0.999999  0.688367  1.794340  0.048195  6.996760
bu_c  9  602.322880  0.023617  0.261971  -0.195220  1.695860  0.320601  0.033642  0.003614  0.854376 -0.999999  0.688367  1.794340  0.048195  6.996760
bu_c  11  523.359251  0.023617  0.261971  -0.195220  1.695860  0.320601  0.016822  0.003614  0.854376 -0.999999  0.688367  1.794340  0.048195  6.996760
bu_c  13  501.600193  0.023617  0.261971  -0.195220  1.695860  0.320601  0.008412  0.003614  0.854376 -0.999999  0.688367  1.794340  0.048195  6.996760
bu_c  15  495.262940  0.023617  0.261971  -0.195220  1.695860  0.320601  0.004207  0.003614  0.854376 -0.999999  0.688367  1.794340  0.048195  6.996760
bu_c  17  493.246038  0.023617  0.261971  -0.195220  1.695860  0.320601  0.002104  0.003614  0.854376 -0.999999  0.688367  1.794340  0.048195  6.996760
bu_c  19  492.530918  0.023617  0.261971  -0.195220  1.695860  0.320601  0.001053  0.003614  0.854376 -0.999999  0.688367  1.794340  0.048195  6.996760
Nd_c  1  1364.733141  0.023617  0.261971  -0.188061  1.695860  0.320601  0.000001  0.003614  0.854376 -0.999999  0.688367  1.794340  0.048195  6.996760
Nd_c  2  1306.257322  0.023617  0.261971  -0.202379  1.695860  0.320601  0.000001  0.003614  0.854376 -0.999999  0.688367  1.794340  0.048195  6.996760
Nd_c  3  717.461651  0.023617  0.261971  -0.191641  1.695860  0.320601  0.000001  0.003614  0.854376 -0.999999  0.688367  1.794340  0.048195  6.996760
Nd_c  4  688.206606  0.023617  0.261971  -0.198799  1.695860  0.320601  0.000001  0.003614  0.854376 -0.999999  0.688367  1.794340  0.048195  6.996760
Nd_c  5  552.052583  0.023617  0.261971  -0.193430  1.695860  0.320601  0.000001  0.003614  0.854376 -0.999999  0.688367  1.794340  0.048195  6.996760
Nd_c  6  537.430531  0.023617  0.261971  -0.197010  1.695860  0.320601  0.000001  0.003614  0.854376 -0.999999  0.688367  1.794340  0.048195  6.996760
Nd_c  7  508.847768  0.023617  0.261971  -0.194325  1.695860  0.320601  0.000001  0.003614  0.854376 -0.999999  0.688367  1.794340  0.048195  6.996760
Nd_c  8  501.536404  0.023617  0.261971  -0.196115  1.695860  0.320601  0.000001  0.003614  0.854376 -0.999999  0.688367  1.794340  0.048195  6.996760
Nd_c  9  497.122403  0.023617  0.261971  -0.194773  1.695860  0.320601  0.000001  0.003614  0.854376 -0.999999  0.688367  1.794340  0.048195  6.996760
Nd_c  10  493.471179  0.023617  0.261971  -0.195667  1.695860  0.320601  0.000001  0.003614  0.854376 -0.999999  0.688367  1.794340  0.048195  6.996760
Nd_c  11  493.750887  0.023617  0.261971  -0.194996  1.695860  0.320601  0.000001  0.003614  0.854376 -0.999999  0.688367  1.794340  0.048195  6.996760
Nd_c  12  491.919304  0.023617  0.261971  -0.195444  1.695860  0.320601  0.000001  0.003614  0.854376 -0.999999  0.688367  1.794340  0.048195  6.996760
Nd_c  13  492.674119  0.023617  0.261971  -0.195108  1.695860  0.320601  0.000001  0.003614  0.854376 -0.999999  0.688367  1.794340  0.048195  6.996760
Nd_c  14  491.757391  0.023617  0.261971  -0.195332  1.695860  0.320601  0.000001  0.003614  0.854376 -0.999999  0.688367  1.794340  0.048195  6.996760
Nd_c  15  492.290586  0.023617  0.261971  -0.195164  1.695860  0.320601  0.000001  0.003614  0.854376 -0.999999  0.688367  1.794340  0.048195  6.996760
Nd_c  16  491.833120  0.023617  0.261971  -0.195276  1.695860  0.320601  0.000001  0.003614  0.854376 -0.999999  0.688367  1.794340  0.048195  6.996760
Nd_c  17  492.137517  0.023617  0.261971  -0.195192  1.695860  0.320601  0.000001  0.003614  0.854376 -0.999999  0.688367  1.794340  0.048195  6.996760
Nd_c  18  491.908778  0.023617  0.261971  -0.195248  1.695860  0.320601  0.000001  0.003614  0.854376 -0.999999  0.688367  1.794340  0.048195  6.996760
Nd_c  19  492.070660  0.023617  0.261971  -0.195206  1.695860  0.320601  0.000001  0.003614  0.854376 -0.999999  0.688367  1.794340  0.048195  6.996760
Nd_c  20  491.956280  0.023617  0.261971  -0.195234  1.695860  0.320601  0.000001  0.003614  0.854376 -0.999999  0.688367  1.794340  0.048195  6.996760
Nu_c  1  1435.938114  0.023617  0.286625  -0.195220  1.695860  0.320601  0.000001  0.003614  0.854376 -0.999999  0.688367  1.794340  0.048195  6.996760
Nu_c  2  1516.871382  0.023617  0.237317  -0.195220  1.695860  0.320601  0.000001  0.003614  0.854376 -0.999999  0.688367  1.794340  0.048195  6.996760
Nu_c  3  717.848745  0.023617  0.274298  -0.195220  1.695860  0.320601  0.000001  0.003614  0.854376 -0.999999  0.688367  1.794340  0.048195  6.996760
Nu_c  4  758.374024  0.023617  0.249644  -0.195220  1.695860  0.320601  0.000001  0.003614  0.854376 -0.999999  0.688367  1.794340  0.048195  6.996760
Nu_c  5  543.411627  0.023617  0.268135  -0.195220  1.695860  0.320601  0.000001  0.003614  0.854376 -0.999999  0.688367  1.794340  0.048195  6.996760
Nu_c  6  563.673211  0.023617  0.255807  -0.195220  1.695860  0.320601  0.000001  0.003614  0.854376 -0.999999  0.688367  1.794340  0.048195  6.996760
Nu_c  7  502.326238  0.023617  0.265053  -0.195220  1.695860  0.320601  0.000001  0.003614  0.854376 -0.999999  0.688367  1.794340  0.048195  6.996760
Nu_c  8  512.458035  0.023617  0.258889  -0.195220  1.695860  0.320601  0.000001  0.003614  0.854376 -0.999999  0.688367  1.794340  0.048195  6.996760
Nu_c  9  493.321186  0.023617  0.263512  -0.195220  1.695860  0.320601  0.000001  0.003614  0.854376 -0.999999  0.688367  1.794340  0.048195  6.996760
Nu_c  10  498.387299  0.023617  0.260430  -0.195220  1.695860  0.320601  0.000001  0.003614  0.854376 -0.999999  0.688367  1.794340  0.048195  6.996760
Nu_c  11  491.702945  0.023617  0.262741  -0.195220  1.695860  0.320601  0.000001  0.003614  0.854376 -0.999999  0.688367  1.794340  0.048195  6.996760
Nu_c  12  494.234303  0.023617  0.261201  -0.195220  1.695860  0.320601  0.000001  0.003614  0.854376 -0.999999  0.688367  1.794340  0.048195  6.996760
Nu_c  13  491.615555  0.023617  0.262356  -0.195220  1.695860  0.320601  0.000001  0.003614  0.854376 -0.999999  0.688367  1.794340  0.048195  6.996760
Nu_c  14  492.881273  0.023617  0.261586  -0.195220  1.695860  0.320601  0.000001  0.003614  0.854376 -0.999999  0.688367  1.794340  0.048195  6.996760
Nu_c  15  491.753314  0.023617  0.262164  -0.195220  1.695860  0.320601  0.000001  0.003614  0.854376 -0.999999  0.688367  1.794340  0.048195  6.996760
Nu_c  16  492.385939  0.023617  0.261778  -0.195220  1.695860  0.320601  0.000001  0.003614  0.854376 -0.999999  0.688367  1.794340  0.048195  6.996760
Nu_c  17  491.867371  0.023617  0.262067  -0.195220  1.695860  0.320601  0.000001  0.003614  0.854376 -0.999999  0.688367  1.794340  0.048195  6.996760
Nu_c  18  492.182948  0.023617  0.261875  -0.195220  1.695860  0.320601  0.000001  0.003614  0.854376 -0.999999  0.688367  1.794340  0.048195  6.996760
Nu_c  19  491.935086  0.023617  0.262019  -0.195220  1.695860  0.320601  0.000001  0.003614  0.854376 -0.999999  0.688367  1.794340  0.048195  6.996760
Nu_c  20  492.092863  0.023617  0.261923  -0.195220  1.695860  0.320601  0.000001  0.003614  0.854376 -0.999999  0.688367  1.794340  0.048195  6.996760
ad_T  1  2358.692907  0.023617  0.261971  -0.195220  1.695860  0.320601  0.000001  0.003614  0.854376 -0.999999  0.688367  2.111720  0.048195  6.996760
ad_T  2  1504.412348  0.023617  0.261971  -0.195220  1.695860  0.320601  0.000001  0.003614  0.854376 -0.999999  0.688367  1.476960  0.048195  6.996760
ad_T  3  940.284623  0.023617  0.261971  -0.195220  1.695860  0.320601  0.000001  0.003614  0.854376 -0.999999  0.688367  1.953030  0.048195  6.996760
ad_T  4  790.186671  0.023617  0.261971  -0.195220  1.695860  0.320601  0.000001  0.003614  0.854376 -0.999999  0.688367  1.635650  0.048195  6.996760
ad_T  5  606.096110  0.023617  0.261971  -0.195220  1.695860  0.320601  0.000001  0.003614  0.854376 -0.999999  0.688367  1.873680  0.048195  6.996760
ad_T  6  566.252510  0.023617  0.261971  -0.195220  1.695860  0.320601  0.000001  0.003614  0.854376 -0.999999  0.688367  1.715000  0.048195  6.996760
ad_T  7  523.352459  0.023617  0.261971  -0.195220  1.695860  0.320601  0.000001  0.003614  0.854376 -0.999999  0.688367  1.834010  0.048195  6.996760
ad_T  8  507.853891  0.023617  0.261971  -0.195220  1.695860  0.320601  0.000001  0.003614  0.854376 -0.999999  0.688367  1.754670  0.048195  6.996760
ad_T  9  501.512635  0.023617  0.261971  -0.195220  1.695860  0.320601  0.000001  0.003614  0.854376 -0.999999  0.688367  1.814180  0.048195  6.996760
ad_T  10  494.315320  0.023617  0.261971  -0.195220  1.695860  0.320601  0.000001  0.003614  0.854376 -0.999999  0.688367  1.774500  0.048195  6.996760
ad_T  11  495.249806  0.023617  0.261971  -0.195220  1.695860  0.320601  0.000001  0.003614  0.854376 -0.999999  0.688367  1.804260  0.048195  6.996760
ad_T  12  491.719868  0.023617  0.261971  -0.195220  1.695860  0.320601  0.000001  0.003614  0.854376 -0.999999  0.688367  1.784420  0.048195  6.996760
ad_T  13  493.255706  0.023617  0.261971  -0.195220  1.695860  0.320601  0.000001  0.003614  0.854376 -0.999999  0.688367  1.799300  0.048195  6.996760
ad_T  14  491.499357  0.023617  0.261971  -0.195220  1.695860  0.320601  0.000001  0.003614  0.854376 -0.999999  0.688367  1.789380  0.048195  6.996760
ad_T  15  492.539208  0.023617  0.261971  -0.195220  1.695860  0.320601  0.000001  0.003614  0.854376 -0.999999  0.688367  1.796820  0.048195  6.996760
ad_T  16  491.662087  0.023617  0.261971  -0.195220  1.695860  0.320601  0.000001  0.003614  0.854376 -0.999999  0.688367  1.791860  0.048195  6.996760
ad_T  17  492.250640  0.023617  0.261971  -0.195220  1.695860  0.320601  0.000001  0.003614  0.854376 -0.999999  0.688367  1.795580  0.048195  6.996760
ad_T  18  491.812263  0.023617  0.261971  -0.195220  1.695860  0.320601  0.000001  0.003614  0.854376 -0.999999  0.688367  1.793100  0.048195  6.996760
ad_T  19  492.123732  0.023617  0.261971  -0.195220  1.695860  0.320601  0.000001  0.003614  0.854376 -0.999999  0.688367  1.794960  0.048195  6.996760
ad_T  20  491.906420  0.023617  0.261971  -0.195220  1.695860  0.320601  0.000001  0.003614  0.854376 -0.999999  0.688367  1.793720  0.048195  6.996760
au_T  1  3873.113532  0.023617  0.261971  -0.195220  1.695860  0.320601  0.000001  0.003614  0.854376 -0.999999  0.731720  1.794340  0.048195  6.996760
au_T  2  4277.489938  0.023617  0.261971  -0.195220  1.695860  0.320601  0.000001  0.003614  0.854376 -0.999999  0.645014  1.794340  0.048195  6.996760
au_T  3  1384.649220  0.023617  0.261971  -0.195220  1.695860  0.320601  0.000001  0.003614  0.854376 -0.999999  0.710044  1.794340  0.048195  6.996760
au_T  4  1386.915544  0.023617  0.261971  -0.195220  1.695860  0.320601  0.000001  0.003614  0.854376 -0.999999  0.666690  1.794340  0.048195  6.996760
au_T  5  727.214154  0.023617  0.261971  -0.195220  1.695860  0.320601  0.000001  0.003614  0.854376 -0.999999  0.699205  1.794340  0.048195  6.996760
au_T  6  703.391960  0.023617  0.261971  -0.195220  1.695860  0.320601  0.000001  0.003614  0.854376 -0.999999  0.677529  1.794340  0.048195  6.996760
au_T  7  555.336876  0.023617  0.261971  -0.195220  1.695860  0.320601  0.000001  0.003614  0.854376 -0.999999  0.693786  1.794340  0.048195  6.996760
au_T  8  540.311118  0.023617  0.261971  -0.195220  1.695860  0.320601  0.000001  0.003614  0.854376 -0.999999  0.682948  1.794340  0.048195  6.996760
au_T  9  509.919154  0.023617  0.261971  -0.195220  1.695860  0.320601  0.000001  0.003614  0.854376 -0.999999  0.691077  1.794340  0.048195  6.996760
au_T  10  502.014600  0.023617  0.261971  -0.195220  1.695860  0.320601  0.000001  0.003614  0.854376 -0.999999  0.685657  1.794340  0.048195  6.996760
au_T  11  497.498474  0.023617  0.261971  -0.195220  1.695860  0.320601  0.000001  0.003614  0.854376 -0.999999  0.689722  1.794340  0.048195  6.996760
au_T  12  493.497385  0.023617  0.261971  -0.195220  1.695860  0.320601  0.000001  0.003614  0.854376 -0.999999  0.687012  1.794340  0.048195  6.996760
au_T  13  493.882089  0.023617  0.261971  -0.195220  1.695860  0.320601  0.000001  0.003614  0.854376 -0.999999  0.689044  1.794340  0.048195  6.996760
au_T  14  491.876867  0.023617  0.261971  -0.195220  1.695860  0.320601  0.000001  0.003614  0.854376 -0.999999  0.687690  1.794340  0.048195  6.996760
au_T  15  492.731080  0.023617  0.261971  -0.195220  1.695860  0.320601  0.000001  0.003614  0.854376 -0.999999  0.688706  1.794340  0.048195  6.996760
au_T  16  491.724383  0.023617  0.261971  -0.195220  1.695860  0.320601  0.000001  0.003614  0.854376 -0.999999  0.688028  1.794340  0.048195  6.996760
au_T  17  492.315053  0.023617  0.261971  -0.195220  1.695860  0.320601  0.000001  0.003614  0.854376 -0.999999  0.688536  1.794340  0.048195  6.996760
au_T  18  491.813989  0.023617  0.261971  -0.195220  1.695860  0.320601  0.000001  0.003614  0.854376 -0.999999  0.688198  1.794340  0.048195  6.996760
au_T  19  492.149994  0.023617  0.261971  -0.195220  1.695860  0.320601  0.000001  0.003614  0.854376 -0.999999  0.688452  1.794340  0.048195  6.996760
au_T  20  491.897959  0.023617  0.261971  -0.195220  1.695860  0.320601  0.000001  0.003614  0.854376 -0.999999  0.688282  1.794340  0.048195  6.996760
bd_T  1  2076.804251  0.023617  0.261971  -0.195220  1.695860  0.320601  0.000001  0.003614  0.854376 -0.999999  0.688367  1.794340  0.048195  9.644940
bd_T  2  9238.696652  0.023617  0.261971  -0.195220  1.695860  0.320601  0.000001  0.003614  0.854376 -0.999999  0.688367  1.794340  0.048195  4.348580
bd_T  3  1139.130985  0.023617  0.261971  -0.195220  1.695860  0.320601  0.000001  0.003614  0.854376 -0.999999  0.688367  1.794340  0.048195  8.320850
bd_T  4  2108.434870  0.023617  0.261971  -0.195220  1.695860  0.320601  0.000001  0.003614  0.854376 -0.999999  0.688367  1.794340  0.048195  5.672670
bd_T  5  685.782277  0.023617  0.261971  -0.195220  1.695860  0.320601  0.000001  0.003614  0.854376 -0.999999  0.688367  1.794340  0.048195  7.658810
bd_T  6  842.951412  0.023617  0.261971  -0.195220  1.695860  0.320601  0.000001  0.003614  0.854376 -0.999999  0.688367  1.794340  0.048195  6.334720
bd_T  7  540.586535  0.023617  0.261971  -0.195220  1.695860  0.320601  0.000001  0.003614  0.854376 -0.999999  0.688367  1.794340  0.048195  7.327780
bd_T  8  578.280334  0.023617  0.261971  -0.195220  1.695860  0.320601  0.000001  0.003614  0.854376 -0.999999  0.688367  1.794340  0.048195  6.665740
bd_T  9  501.957188  0.023617  0.261971  -0.195220  1.695860  0.320601  0.000001  0.003614  0.854376 -0.999999  0.688367  1.794340  0.048195  7.162270
bd_T  10  515.686276  0.023617  0.261971  -0.195220  1.695860  0.320601  0.000001  0.003614  0.854376 -0.999999  0.688367  1.794340  0.048195  6.831250
bd_T  11  493.097344  0.023617  0.261971  -0.195220  1.695860  0.320601  0.000001  0.003614  0.854376 -0.999999  0.688367  1.794340  0.048195  7.079520
bd_T  12  499.322460  0.023617  0.261971  -0.195220  1.695860  0.320601  0.000001  0.003614  0.854376 -0.999999  0.688367  1.794340  0.048195  6.914000
bd_T  13  491.541903  0.023617  0.261971  -0.195220  1.695860  0.320601  0.000001  0.003614  0.854376 -0.999999  0.688367  1.794340  0.048195  7.038140
bd_T  14  494.575108  0.023617  0.261971  -0.195220  1.695860  0.320601  0.000001  0.003614  0.854376 -0.999999  0.688367  1.794340  0.048195  6.955380
bd_T  15  491.517618  0.023617  0.261971  -0.195220  1.695860  0.320601  0.000001  0.003614  0.854376 -0.999999  0.688367  1.794340  0.048195  7.017450
bd_T  16  493.024235  0.023617  0.261971  -0.195220  1.695860  0.320601  0.000001  0.003614  0.854376 -0.999999  0.688367  1.794340  0.048195  6.976070
bd_T  17  491.698081  0.023617  0.261971  -0.195220  1.695860  0.320601  0.000001  0.003614  0.854376 -0.999999  0.688367  1.794340  0.048195  7.007100
bd_T  18  492.449784  0.023617  0.261971  -0.195220  1.695860  0.320601  0.000001  0.003614  0.854376 -0.999999  0.688367  1.794340  0.048195  6.986420
bd_T  19  491.838790  0.023617  0.261971  -0.195220  1.695860  0.320601  0.000001  0.003614  0.854376 -0.999999  0.688367  1.794340  0.048195  7.001930
bd_T  20  492.212606  0.023617  0.261971  -0.195220  1.695860  0.320601  0.000001  0.003614  0.854376 -0.999999  0.688367  1.794340  0.048195  6.991590
bu_T  1  5614.994129  0.023617  0.261971  -0.195220  1.695860  0.320601  0.000001  0.003614  0.854376 -0.999999  0.688367  1.794340  0.087089  6.996760
bu_T  2  8765.493592  0.023617  0.261971  -0.195220  1.695860  0.320601  0.000001  0.003614  0.854376 -0.999999  0.688367  1.794340  0.009302  6.996760
bu_T  3  1852.422918  0.023617  0.261971  -0.195220  1.695860  0.320601  0.000001  0.003614  0.854376 -0.999999  0.688367  1.794340  0.067642  6.996760
bu_T  4  2248.767085  0.023617  0.261971  -0.195220  1.695860  0.320601  0.000001  0.003614  0.854376 -0.999999  0.688367  1.794340  0.028749  6.996760
bu_T  5  837.196765  0.023617  0.261971  -0.195220  1.695860  0.320601  0.000001  0.003614  0.854376 -0.999999  0.688367  1.794340  0.057919  6.996760
bu_T  6  915.464126  0.023617  0.261971  -0.195220  1.695860  0.320601  0.000001  0.003614  0.854376 -0.999999  0.688367  1.794340  0.038472  6.996760
bu_T  7  575.404458  0.023617  0.261971  -0.195220  1.695860  0.320601  0.000001  0.003614  0.854376 -0.999999  0.688367  1.794340  0.053057  6.996760
bu_T  8  600.122283  0.023617  0.261971  -0.195220  1.695860  0.320601  0.000001  0.003614  0.854376 -0.999999  0.688367  1.794340  0.043334  6.996760
bu_T  9  510.635501  0.023617  0.261971  -0.195220  1.695860  0.320601  0.000001  0.003614  0.854376 -0.999999  0.688367  1.794340  0.050626  6.996760
bu_T  10  521.230757  0.023617  0.261971  -0.195220  1.695860  0.320601  0.000001  0.003614  0.854376 -0.999999  0.688367  1.794340  0.045764  6.996760
bu_T  11  495.454545  0.023617  0.261971  -0.195220  1.695860  0.320601  0.000001  0.003614  0.854376 -0.999999  0.688367  1.794340  0.049411  6.996760
bu_T  12  500.520036  0.023617  0.261971  -0.195220  1.695860  0.320601  0.000001  0.003614  0.854376 -0.999999  0.688367  1.794340  0.046980  6.996760
bu_T  13  492.249076  0.023617  0.261971  -0.195220  1.695860  0.320601  0.000001  0.003614  0.854376 -0.999999  0.688367  1.794340  0.048803  6.996760
bu_T  14  494.752932  0.023617  0.261971  -0.195220  1.695860  0.320601  0.000001  0.003614  0.854376 -0.999999  0.688367  1.794340  0.047588  6.996760
bu_T  15  491.756422  0.023617  0.261971  -0.195220  1.695860  0.320601  0.000001  0.003614  0.854376 -0.999999  0.688367  1.794340  0.048499  6.996760
bu_T  16  493.010254  0.023617  0.261971  -0.195220  1.695860  0.320601  0.000001  0.003614  0.854376 -0.999999  0.688367  1.794340  0.047891  6.996760
bu_T  17  491.790954  0.023617  0.261971  -0.195220  1.695860  0.320601  0.000001  0.003614  0.854376 -0.999999  0.688367  1.794340  0.048347  6.996760
bu_T  18  492.416537  0.023617  0.261971  -0.195220  1.695860  0.320601  0.000001  0.003614  0.854376 -0.999999  0.688367  1.794340  0.048043  6.996760
bu_T  19  491.877250  0.023617  0.261971  -0.195220  1.695860  0.320601  0.000001  0.003614  0.854376 -0.999999  0.688367  1.794340  0.048271  6.996760
bu_T  20  492.189996  0.023617  0.261971  -0.195220  1.695860  0.320601  0.000001  0.003614  0.854376 -0.999999  0.688367  1.794340  0.048119  6.996760
Nd_T  1  2286.873903  0.023617  0.261971  -0.195220  1.695860  0.320601  0.000001  0.003614  0.854376 -0.874843  0.688367  1.794340  0.048195  6.996760
Nd_T  2  2179.078838  0.023617  0.261971  -0.195220  1.695860  0.320601  0.000001  0.003614  0.854376 -1.125150  0.688367  1.794340  0.048195  6.996760
Nd_T  3  954.221848  0.023617  0.261971  -0.195220  1.695860  0.320601  0.000001  0.003614  0.854376 -0.937421  0.688367  1.794340  0.048195  6.996760
Nd_T  4  900.382266  0.023617  0.261971  -0.195220  1.695860  0.320601  0.000001  0.003614  0.854376 -1.062580  0.688367  1.794340  0.048195  6.996760
Nd_T  5  614.298200  0.023617  0.261971  -0.195220  1.695860  0.320601  0.000001  0.003614  0.854376 -0.968710  0.688367  1.794340  0.048195  6.996760
Nd_T  6  587.360101  0.023617  0.261971  -0.195220  1.695860  0.320601  0.000001  0.003614  0.854376 -1.031290  0.688367  1.794340  0.048195  6.996760
Nd_T  7  525.949733  0.023617  0.261971  -0.195220  1.695860  0.320601  0.000001  0.003614  0.854376 -0.984355  0.688367  1.794340  0.048195  6.996760
Nd_T  8  512.492500  0.023617  0.261971  -0.195220  1.695860  0.320601  0.000001  0.003614  0.854376 -1.015640  0.688367  1.794340  0.048195  6.996760
Nd_T  9  502.177128  0.023617  0.261971  -0.195220  1.695860  0.320601  0.000001  0.003614  0.854376 -0.992177  0.688367  1.794340  0.048195  6.996760
Nd_T  10  495.439186  0.023617  0.261971  -0.195220  1.695860  0.320601  0.000001  0.003614  0.854376 -1.007820  0.688367  1.794340  0.048195  6.996760
Nd_T  11  495.392581  0.023617  0.261971  -0.195220  1.695860  0.320601  0.000001  0.003614  0.854376 -0.996088  0.688367  1.794340  0.048195  6.996760
Nd_T  12  492.025281  0.023617  0.261971  -0.195220  1.695860  0.320601  0.000001  0.003614  0.854376 -1.003910  0.688367  1.794340  0.048195  6.996760
Nd_T  13  493.275902  0.023617  0.261971  -0.195220  1.695860  0.320601  0.000001  0.003614  0.854376 -0.998043  0.688367  1.794340  0.048195  6.996760
Nd_T  14  491.591280  0.023617  0.261971  -0.195220  1.695860  0.320601  0.000001  0.003614  0.854376 -1.001950  0.688367  1.794340  0.048195  6.996760
Nd_T  15  492.535819  0.023617  0.261971  -0.195220  1.695860  0.320601  0.000001  0.003614  0.854376 -0.999021  0.688367  1.794340  0.048195  6.996760
Nd_T  16  491.694756  0.023617  0.261971  -0.195220  1.695860  0.320601  0.000001  0.003614  0.854376 -1.000980  0.688367  1.794340  0.048195  6.996760
Nd_T  17  492.247352  0.023617  0.261971  -0.195220  1.695860  0.320601  0.000001  0.003614  0.854376 -0.999510  0.688367  1.794340  0.048195  6.996760
Nd_T  18  491.825554  0.023617  0.261971  -0.195220  1.695860  0.320601  0.000001  0.003614  0.854376 -1.000490  0.688367  1.794340  0.048195  6.996760
Nd_T  19  492.121919  0.023617  0.261971  -0.195220  1.695860  0.320601  0.000001  0.003614  0.854376 -0.999755  0.688367  1.794340  0.048195  6.996760
Nd_T  20  491.912931  0.023617  0.261971  -0.195220  1.695860  0.320601  0.000001  0.003614  0.854376 -1.000240  0.688367  1.794340  0.048195  6.996760
Nu_T  1  6848.362806  0.023617  0.261971  -0.195220  1.695860  0.320601  0.000001  0.003614  0.940928 -0.999999  0.688367  1.794340  0.048195  6.996760
Nu_T  2  7009.609867  0.023617  0.261971  -0.195220  1.695860  0.320601  0.000001  0.003614  0.767824 -0.999999  0.688367  1.794340  0.048195  6.996760
Nu_T  3  2060.852641  0.023617  0.261971  -0.195220  1.695860  0.320601  0.000001  0.003614  0.897652 -0.999999  0.688367  1.794340  0.048195  6.996760
Nu_T  4  2141.627586  0.023617  0.261971  -0.195220  1.695860  0.320601  0.000001  0.003614  0.811100 -0.999999  0.688367  1.794340  0.048195  6.996760
Nu_T  5  874.120173  0.023617  0.261971  -0.195220  1.695860  0.320601  0.000001  0.003614  0.876014 -0.999999  0.688367  1.794340  0.048195  6.996760
Nu_T  6  914.507757  0.023617  0.261971  -0.195220  1.695860  0.320601  0.000001  0.003614  0.832738 -0.999999  0.688367  1.794340  0.048195  6.996760
Nu_T  7  582.489156  0.023617  0.261971  -0.195220  1.695860  0.320601  0.000001  0.003614  0.865195 -0.999999  0.688367  1.794340  0.048195  6.996760
Nu_T  8  602.681201  0.023617  0.261971  -0.195220  1.695860  0.320601  0.000001  0.003614  0.843557 -0.999999  0.688367  1.794340  0.048195  6.996760
Nu_T  9  512.100538  0.023617  0.261971  -0.195220  1.695860  0.320601  0.000001  0.003614  0.859785 -0.999999  0.688367  1.794340  0.048195  6.996760
Nu_T  10  522.195434  0.023617  0.261971  -0.195220  1.695860  0.320601  0.000001  0.003614  0.848967 -0.999999  0.688367  1.794340  0.048195  6.996760
Nu_T  11  495.771270  0.023617  0.261971  -0.195220  1.695860  0.320601  0.000001  0.003614  0.857081 -0.999999  0.688367  1.794340  0.048195  6.996760
Nu_T  12  500.819954  0.023617  0.261971  -0.195220  1.695860  0.320601  0.000001  0.003614  0.851671 -0.999999  0.688367  1.794340  0.048195  6.996760
Nu_T  13  492.317316  0.023617  0.261971  -0.195220  1.695860  0.320601  0.000001  0.003614  0.855728 -0.999999  0.688367  1.794340  0.048195  6.996760
Nu_T  14  494.840683  0.023617  0.261971  -0.195220  1.695860  0.320601  0.000001  0.003614  0.853024 -0.999999  0.688367  1.794340  0.048195  6.996760
Nu_T  15  491.770183  0.023617  0.261971  -0.195220  1.695860  0.320601  0.000001  0.003614  0.855052 -0.999999  0.688367  1.794340  0.048195  6.996760
Nu_T  16  493.033747  0.023617  0.261971  -0.195220  1.695860  0.320601  0.000001  0.003614  0.853700 -0.999999  0.688367  1.794340  0.048195  6.996760
Nu_T  17  491.792960  0.023617  0.261971  -0.195220  1.695860  0.320601  0.000001  0.003614  0.854714 -0.999999  0.688367  1.794340  0.048195  6.996760
Nu_T  18  492.423846  0.023617  0.261971  -0.195220  1.695860  0.320601  0.000001  0.003614  0.854038 -0.999999  0.688367  1.794340  0.048195  6.996760
Nu_T  19  491.877062  0.023617  0.261971  -0.195220  1.695860  0.320601  0.000001  0.003614  0.854545 -0.999999  0.688367  1.794340  0.048195  6.996760
Nu_T  20  492.192514  0.023617  0.261971  -0.195220  1.695860  0.320601  0.000001  0.003614  0.854207 -0.999999  0.688367  1.794340  0.048195  6.996760
