7
0	8
0 	0 	0.622466 	1.21505 	0.15058 	0.115014 	0.562852 	0.00311011 	7.65835e+06 	4.36332 	1.03211 	1.01673 	1.01673
0 	1 	0.624706 	1.33204 	0.130204 	0.138659 	0.514276 	0.0030289 	8.11905e+06 	6.24828 	1.00286 	1.00801 	1.00801
0 	2 	0.62387 	1.36257 	0.129465 	0.153124 	0.485333 	0.00311755 	7.74052e+06 	6.24828 	1.00534 	1.00276 	1.00276
0 	3 	0.622805 	1.45123 	0.125616 	0.164962 	0.47203 	0.00309102 	7.96211e+06 	6.21337 	1.0078 	1.00433 	1.00433
0 	4 	0.623564 	1.51305 	0.122727 	0.177416 	0.459506 	0.00319655 	7.54325e+06 	6.21337 	1.01889 	1.00945 	1.00945
0 	5 	0.623008 	1.57583 	0.128047 	0.191285 	0.444876 	0.00322127 	7.55847e+06 	6.28319 	1.02698 	1.0149 	1.0149
0 	6 	0.623972 	1.69562 	0.131044 	0.210686 	0.434753 	0.00327251 	7.51908e+06 	6.28319 	1.01682 	1.00856 	1.00856
0 	7 	0.621448 	1.78998 	0.124132 	0.244797 	0.392236 	0.00385233 	5.71205e+06 	6.24828 	1.00063 	1.00118 	1.00118
1	8
1 	0 	0.622395 	1.14237 	0.327056 	0.0915546 	0.639048 	0.00210463 	1.67341e+07 	3.24631 	1.12464 	1.06343 	1.06343
1 	1 	0.623846 	1.27578 	0.314589 	0.110696 	0.605747 	0.00207163 	1.72345e+07 	3.94444 	1.01067 	1.00635 	1.00635
1 	2 	0.623078 	1.36212 	0.311053 	0.125744 	0.574671 	0.00211695 	1.6547e+07 	4.2586 	1.00757 	1.00616 	1.00616
1 	3 	0.624087 	1.44917 	0.302438 	0.138611 	0.550006 	0.00210499 	1.68161e+07 	4.46804 	1.01533 	1.01003 	1.01003
1 	4 	0.623946 	1.50618 	0.299458 	0.15204 	0.525356 	0.00216256 	1.6076e+07 	4.71239 	1.0836 	1.04296 	1.04296
1 	5 	0.623697 	1.56682 	0.298105 	0.167972 	0.496105 	0.0021429 	1.66162e+07 	5.37561 	1.17636 	1.08851 	1.08851
1 	6 	0.623387 	1.64446 	0.292264 	0.190323 	0.462245 	0.00221005 	1.60423e+07 	6.28319 	1.43057 	1.22609 	1.22609
1 	7 	0.623503 	1.77136 	0.286742 	0.2302 	0.40938 	0.00264064 	1.18869e+07 	6.24828 	1.08867 	1.0551 	1.0551
2	8
2 	0 	0.622758 	1.11555 	0.513255 	0.0778686 	0.712113 	0.00211615 	1.65856e+07 	3.83972 	1.05691 	1.03014 	1.03014
2 	1 	0.62443 	1.19299 	0.49898 	0.0921258 	0.659432 	0.00214389 	1.61126e+07 	4.04916 	1.00001 	1.00031 	1.00031
2 	2 	0.624264 	1.27648 	0.500276 	0.103109 	0.641652 	0.00216127 	1.58339e+07 	4.39823 	1.00177 	1.00364 	1.00364
2 	3 	0.624295 	1.35928 	0.497218 	0.114459 	0.617667 	0.00207381 	1.71983e+07 	4.53786 	1.03372 	1.01693 	1.01693
2 	4 	0.623883 	1.4334 	0.491584 	0.126618 	0.588355 	0.0021654 	1.58142e+07 	4.64258 	1.10639 	1.05656 	1.05656
2 	5 	0.624164 	1.50848 	0.492469 	0.139512 	0.56285 	0.00217969 	1.56937e+07 	4.92183 	1.24968 	1.12499 	1.12499
2 	6 	0.62314 	1.58907 	0.488194 	0.15915 	0.524366 	0.00217582 	1.59916e+07 	5.09636 	1.56419 	1.28497 	1.28497
2 	7 	0.623211 	1.723 	0.485005 	0.199072 	0.462719 	0.00243923 	1.33423e+07 	5.02655 	1.91821 	1.54967 	1.54967
3	8
3 	0 	0.623455 	1.09492 	0.695714 	0.0699513 	0.762901 	0.00268098 	1.0343e+07 	4.43314 	1.00053 	1.00045 	1.00045
3 	1 	0.624926 	1.16208 	0.6921 	0.0827727 	0.702571 	0.00257994 	1.11428e+07 	5.3058 	1.01397 	1.00981 	1.00981
3 	2 	0.624543 	1.23495 	0.687205 	0.0918326 	0.6843 	0.0027574 	9.74041e+06 	5.13127 	1.07178 	1.03617 	1.03617
3 	3 	0.62425 	1.3065 	0.689613 	0.101257 	0.65979 	0.00275127 	9.77252e+06 	5.65487 	1.11585 	1.05922 	1.05922
3 	4 	0.624817 	1.41723 	0.689126 	0.112327 	0.645195 	0.00271736 	1.00135e+07 	6.21337 	1.18592 	1.09306 	1.09306
3 	5 	0.624341 	1.49405 	0.686763 	0.125603 	0.61212 	0.00270059 	1.01648e+07 	5.86431 	1.29891 	1.15214 	1.15214
3 	6 	0.623874 	1.57029 	0.681722 	0.144087 	0.564981 	0.00277144 	9.73935e+06 	5.55015 	1.6171 	1.32661 	1.32661
3 	7 	0.622162 	1.70704 	0.675784 	0.178659 	0.500156 	0.00314276 	7.83857e+06 	4.11898 	1.74915 	1.50167 	1.50167
4	8
4 	0 	0.623183 	1.08219 	0.896739 	0.0666289 	0.788195 	0.00368637 	5.8332e+06 	5.93412 	1.02028 	1.01014 	1.01014
4 	1 	0.625063 	1.14994 	0.891558 	0.0767414 	0.734623 	0.00393557 	5.03952e+06 	6.24828 	1.05894 	1.02955 	1.02955
4 	2 	0.624923 	1.19885 	0.891346 	0.0844573 	0.710663 	0.00389249 	5.10076e+06 	6.28319 	1.09636 	1.0504 	1.0504
4 	3 	0.624592 	1.27875 	0.893937 	0.0929978 	0.693551 	0.00383637 	5.20699e+06 	6.28319 	1.11563 	1.05804 	1.05804
4 	4 	0.62386 	1.35141 	0.891913 	0.102747 	0.671059 	0.00382637 	5.19113e+06 	6.28319 	1.12526 	1.06341 	1.06341
4 	5 	0.623712 	1.44004 	0.88529 	0.114542 	0.643046 	0.00389224 	4.98187e+06 	6.28319 	1.13229 	1.07292 	1.07292
4 	6 	0.623574 	1.57358 	0.885645 	0.131543 	0.611217 	0.00384932 	5.07922e+06 	6.28319 	1.16596 	1.10585 	1.10585
4 	7 	0.622537 	1.72221 	0.873265 	0.15968 	0.554023 	0.0050056 	3.03661e+06 	4.43314 	1.19391 	1.20771 	1.20771
5	8
5 	0 	0.622856 	1.06421 	1.09136 	0.0632091 	0.816164 	0.0055932 	2.54745e+06 	6.28319 	1.00819 	1.0041 	1.0041
5 	1 	0.624544 	1.13399 	1.0848 	0.0710486 	0.773263 	0.00560579 	2.50597e+06 	6.28319 	1.01644 	1.00842 	1.00842
5 	2 	0.624077 	1.17953 	1.08497 	0.0780739 	0.740924 	0.00551335 	2.56684e+06 	6.28319 	1.02373 	1.01246 	1.01246
5 	3 	0.624863 	1.22208 	1.08518 	0.0848167 	0.714751 	0.00566178 	2.41201e+06 	6.28319 	1.01065 	1.00539 	1.00539
5 	4 	0.624501 	1.29262 	1.08445 	0.0928189 	0.697157 	0.00546874 	2.56476e+06 	6.28319 	1.00082 	1.00062 	1.00062
5 	5 	0.623766 	1.39702 	1.0801 	0.102736 	0.678446 	0.00563232 	2.40125e+06 	6.28319 	1.00179 	1.00391 	1.00391
5 	6 	0.624109 	1.54955 	1.07891 	0.116397 	0.660854 	0.00565893 	2.36407e+06 	6.28319 	1.01082 	1.01172 	1.01172
5 	7 	0.621981 	1.74093 	1.07106 	0.137882 	0.622684 	0.00684357 	1.61657e+06 	4.81711 	1.00046 	1.01846 	1.01846
6	2
6 	0 	0.624001 	1.1325 	1.28563 	0.0700671 	0.787566 	0.00583376 	2.39562e+06 	6.28319 	1.00684 	1.00345 	1.00345
6 	1 	0.624174 	1.48665 	1.26687 	0.100395 	0.722196 	0.00645301 	1.87359e+06 	6.28319 	1.0077 	1.00512 	1.00512
