6
0	8
0 	0 	0.373394 	1.20612 	0.153854 	0.104358 	0.605687 	0.00167877 	3.86581e+07 	4.04916 	1.07212 	1.04076 	1.04076
0 	1 	0.374317 	1.35333 	0.139848 	0.127831 	0.562705 	0.00170504 	3.9706e+07 	6.14356 	1 	1.0022 	1.0022
0 	2 	0.373889 	1.42533 	0.127951 	0.143134 	0.528051 	0.00179217 	3.74067e+07 	6.24828 	1.01627 	1.00843 	1.00843
0 	3 	0.374199 	1.48184 	0.123859 	0.158005 	0.502026 	0.00181057 	3.81934e+07 	6.24828 	1.04976 	1.02515 	1.02515
0 	4 	0.374553 	1.53941 	0.121001 	0.173069 	0.475499 	0.00186241 	3.77019e+07 	6.28319 	1.06799 	1.03401 	1.03401
0 	5 	0.374578 	1.59639 	0.119505 	0.190109 	0.453296 	0.00188471 	3.87247e+07 	6.28319 	1.05064 	1.02642 	1.02642
0 	6 	0.375699 	1.68331 	0.113033 	0.212848 	0.426041 	0.00199255 	3.71113e+07 	6.24828 	1.05599 	1.0315 	1.0315
0 	7 	0.373571 	1.77617 	0.125776 	0.251413 	0.3785 	0.00236207 	2.95701e+07 	6.21337 	1.0001 	1.01025 	1.01025
1	8
1 	0 	0.373973 	1.12658 	0.323976 	0.0788725 	0.710698 	0.0011186 	8.19691e+07 	4.32842 	1.02988 	1.01696 	1.01696
1 	1 	0.373304 	1.23684 	0.313905 	0.0955561 	0.662069 	0.00113655 	8.25975e+07 	4.46804 	1.00085 	1.00046 	1.00046
1 	2 	0.374076 	1.33825 	0.30592 	0.109172 	0.632154 	0.00116128 	8.1738e+07 	4.88692 	1.00874 	1.00609 	1.00609
1 	3 	0.373765 	1.44384 	0.300007 	0.122306 	0.610643 	0.00117182 	8.29166e+07 	5.06145 	1.04807 	1.02501 	1.02501
1 	4 	0.374627 	1.51432 	0.298903 	0.136792 	0.573088 	0.00123487 	7.75418e+07 	5.20108 	1.14759 	1.07395 	1.07395
1 	5 	0.374381 	1.56613 	0.295148 	0.154341 	0.535181 	0.00127275 	7.65698e+07 	5.55015 	1.35699 	1.17988 	1.17988
1 	6 	0.374872 	1.59429 	0.293813 	0.181797 	0.473757 	0.0013165 	7.74825e+07 	5.61996 	1.67954 	1.38695 	1.38695
1 	7 	0.374696 	1.73419 	0.295578 	0.235489 	0.398366 	0.00163716 	5.8807e+07 	4.60767 	1.18674 	1.31241 	1.31241
2	8
2 	0 	0.374016 	1.10286 	0.501356 	0.0695978 	0.772099 	0.00117701 	7.23804e+07 	6.28319 	1.01542 	1.00978 	1.00978
2 	1 	0.374136 	1.1908 	0.492479 	0.0836162 	0.711393 	0.00117183 	7.55606e+07 	6.28319 	1.05444 	1.02734 	1.02734
2 	2 	0.374205 	1.29188 	0.492926 	0.0954691 	0.684464 	0.00122199 	7.1464e+07 	6.28319 	1.14246 	1.07165 	1.07165
2 	3 	0.374644 	1.39436 	0.492912 	0.108468 	0.656571 	0.00123803 	7.18207e+07 	6.28319 	1.1417 	1.07186 	1.07186
2 	4 	0.374124 	1.49724 	0.490512 	0.123513 	0.622297 	0.00126548 	7.13554e+07 	6.28319 	1.16526 	1.0875 	1.0875
2 	5 	0.374277 	1.52223 	0.48994 	0.143459 	0.556158 	0.00131734 	6.93698e+07 	6.28319 	1.11444 	1.07138 	1.07138
2 	6 	0.374135 	1.5609 	0.492129 	0.174839 	0.481914 	0.00138746 	6.83243e+07 	4.64258 	1.00067 	1.05392 	1.05392
2 	7 	0.374058 	1.70652 	0.49563 	0.230309 	0.402858 	0.0018064 	4.75486e+07 	3.14159 	1.19103 	1.2728 	1.2728
3	8
3 	0 	0.374999 	1.08792 	0.680969 	0.0656156 	0.80467 	0.00169491 	3.45685e+07 	6.28319 	1.01167 	1.00586 	1.00586
3 	1 	0.375183 	1.18177 	0.678704 	0.0780995 	0.741406 	0.00176 	3.3068e+07 	6.28319 	1.01469 	1.00736 	1.00736
3 	2 	0.37547 	1.25674 	0.677961 	0.0888844 	0.703294 	0.00179084 	3.27747e+07 	6.28319 	1.00276 	1.00157 	1.00157
3 	3 	0.374885 	1.35103 	0.67672 	0.100832 	0.674206 	0.00184003 	3.19284e+07 	6.28319 	1.00387 	1.00342 	1.00342
3 	4 	0.375468 	1.46567 	0.675543 	0.114672 	0.644166 	0.00190841 	3.06999e+07 	6.28319 	1.01517 	1.01091 	1.01091
3 	5 	0.375781 	1.55514 	0.673377 	0.131656 	0.59911 	0.00195602 	3.05198e+07 	6.14356 	1.06913 	1.03976 	1.03976
3 	6 	0.375676 	1.62852 	0.669698 	0.159159 	0.529488 	0.00202151 	3.08026e+07 	3.56047 	1.45172 	1.25771 	1.25771
3 	7 	0.377403 	1.76293 	0.660203 	0.212 	0.439743 	0.00264197 	2.11084e+07 	2.51327 	2.55556 	1.82812 	1.82812
4	8
4 	0 	0.377604 	1.06703 	0.875084 	0.0626249 	0.826177 	0.00493111 	5.42174e+06 	6.28319 	1.00103 	1.00053 	1.00053
4 	1 	0.378031 	1.14403 	0.871659 	0.0713815 	0.776538 	0.00502679 	5.25613e+06 	5.96903 	1.04202 	1.02254 	1.02254
4 	2 	0.378497 	1.22709 	0.865386 	0.0794706 	0.750414 	0.00530061 	4.75855e+06 	5.86431 	1.09508 	1.04809 	1.04809
4 	3 	0.378956 	1.31342 	0.865085 	0.0878096 	0.727777 	0.00532458 	4.75054e+06 	5.23599 	1.18461 	1.0985 	1.0985
4 	4 	0.378921 	1.42545 	0.864814 	0.0977945 	0.709603 	0.00529552 	4.85129e+06 	4.29351 	1.26466 	1.14142 	1.14142
4 	5 	0.378645 	1.56348 	0.865395 	0.110607 	0.688013 	0.00533649 	4.83927e+06 	3.59538 	1.46121 	1.24274 	1.24274
4 	6 	0.378613 	1.72168 	0.863292 	0.127857 	0.655951 	0.00545408 	4.7079e+06 	3.28122 	1.64993 	1.34235 	1.34235
4 	7 	0.382305 	1.81239 	0.846725 	0.159943 	0.560693 	0.00692816 	2.92359e+06 	2.61799 	3.15296 	2.10133 	2.10133
5	1
5 	0 	0.38739 	1.36128 	1.02965 	0.0841817 	0.792658 	0.0101471 	1.32957e+06 	3.07178 	2.29605 	1.66329 	1.66329
