7
0	8
0 	0 	0.67415 	1.20097 	0.150875 	0.115573 	0.560026 	0.00371314 	5.26679e+06 	5.20108 	1.07679 	1.05145 	1.05145
0 	1 	0.674565 	1.32235 	0.133541 	0.137705 	0.518499 	0.00367614 	5.38914e+06 	6.28319 	1.08333 	1.06711 	1.06711
0 	2 	0.675186 	1.39682 	0.123167 	0.14971 	0.49968 	0.00369514 	5.36492e+06 	6.24828 	1.00223 	1.00137 	1.00137
0 	3 	0.673832 	1.44612 	0.136144 	0.160959 	0.474763 	0.00365181 	5.54175e+06 	6.28319 	1.00488 	1.0033 	1.0033
0 	4 	0.672418 	1.51296 	0.127034 	0.172118 	0.470828 	0.00380945 	5.14848e+06 	6.28319 	1.00001 	1.00021 	1.00021
0 	5 	0.67287 	1.62263 	0.125473 	0.187691 	0.465184 	0.00374519 	5.4174e+06 	6.28319 	1.00098 	1.00049 	1.00049
0 	6 	0.675537 	1.71516 	0.124212 	0.205337 	0.439643 	0.00390911 	5.0767e+06 	6.28319 	1.00434 	1.00449 	1.00449
0 	7 	0.669517 	1.82972 	0.115507 	0.231882 	0.416966 	0.00463215 	3.76435e+06 	6.28319 	1.04244 	1.02441 	1.02441
1	8
1 	0 	0.673773 	1.1537 	0.325445 	0.0942854 	0.634657 	0.00248769 	1.17693e+07 	3.38594 	1.13931 	1.07174 	1.07174
1 	1 	0.673891 	1.28101 	0.315176 	0.112575 	0.597692 	0.00248394 	1.17626e+07 	4.08407 	1.0285 	1.0144 	1.0144
1 	2 	0.672536 	1.35811 	0.314515 	0.125704 	0.571951 	0.00256544 	1.10392e+07 	4.08407 	1.00008 	1.00392 	1.00392
1 	3 	0.673042 	1.41057 	0.304843 	0.13741 	0.542085 	0.00252347 	1.14448e+07 	4.7822 	1.02367 	1.01186 	1.01186
1 	4 	0.673122 	1.48049 	0.300272 	0.149636 	0.520802 	0.00263609 	1.05532e+07 	4.7822 	1.06176 	1.03088 	1.03088
1 	5 	0.672451 	1.57689 	0.296545 	0.164994 	0.507056 	0.00255728 	1.13522e+07 	5.16617 	1.07658 	1.03835 	1.03835
1 	6 	0.673938 	1.65981 	0.297606 	0.184732 	0.476139 	0.00263212 	1.09282e+07 	5.86431 	1.28877 	1.14517 	1.14517
1 	7 	0.670841 	1.78187 	0.283177 	0.217162 	0.433452 	0.00306987 	8.39229e+06 	6.24828 	1.18275 	1.09187 	1.09187
2	8
2 	0 	0.672555 	1.11343 	0.51472 	0.0803679 	0.690155 	0.00242068 	1.24845e+07 	3.735 	1.05545 	1.02951 	1.02951
2 	1 	0.673765 	1.20155 	0.504519 	0.0940499 	0.652951 	0.00241444 	1.24938e+07 	3.87463 	1.00002 	1.00005 	1.00005
2 	2 	0.674184 	1.27188 	0.497345 	0.105162 	0.629704 	0.00240962 	1.25092e+07 	4.36332 	1.00101 	1.00109 	1.00109
2 	3 	0.673577 	1.35876 	0.498853 	0.115928 	0.609785 	0.00244908 	1.20994e+07 	4.64258 	1.01888 	1.01051 	1.01051
2 	4 	0.672879 	1.45178 	0.492871 	0.128067 	0.589464 	0.002432 	1.22896e+07 	4.67748 	1.08611 	1.04577 	1.04577
2 	5 	0.673339 	1.53358 	0.489162 	0.141467 	0.562607 	0.00250554 	1.16307e+07 	4.7473 	1.14049 	1.07304 	1.07304
2 	6 	0.673401 	1.62222 	0.485268 	0.160029 	0.529918 	0.00252997 	1.15492e+07 	4.7822 	1.51489 	1.25785 	1.25785
2 	7 	0.670927 	1.7537 	0.483044 	0.192808 	0.48125 	0.00331248 	6.98523e+06 	4.92183 	2.43003 	1.77667 	1.77667
3	8
3 	0 	0.671686 	1.09455 	0.697634 	0.07308 	0.734131 	0.00311834 	7.54038e+06 	4.46804 	1.00046 	1.00299 	1.00299
3 	1 	0.673793 	1.16361 	0.694422 	0.0851899 	0.690112 	0.00309278 	7.63423e+06 	4.81711 	1.00941 	1.00576 	1.00576
3 	2 	0.674259 	1.23019 	0.690168 	0.09408 	0.667431 	0.00304695 	7.84352e+06 	4.7473 	1.02329 	1.01208 	1.01208
3 	3 	0.673442 	1.30732 	0.691139 	0.102942 	0.650712 	0.00311419 	7.4942e+06 	5.09636 	1.10067 	1.05211 	1.05211
3 	4 	0.674146 	1.39534 	0.687864 	0.112108 	0.63644 	0.00322112 	6.99421e+06 	5.37561 	1.16725 	1.085 	1.085
3 	5 	0.673804 	1.50496 	0.686223 	0.124044 	0.620792 	0.00308319 	7.63934e+06 	5.09636 	1.23927 	1.11986 	1.11986
3 	6 	0.673713 	1.59504 	0.682571 	0.140375 	0.579484 	0.00322104 	7.0348e+06 	5.02655 	1.456 	1.22836 	1.22836
3 	7 	0.672152 	1.73595 	0.671165 	0.168293 	0.532806 	0.00376368 	5.26709e+06 	4.85202 	2.40842 	1.75645 	1.75645
4	8
4 	0 	0.672488 	1.07761 	0.897641 	0.069843 	0.748969 	0.00440658 	3.93348e+06 	6.10865 	1.02232 	1.01294 	1.01294
4 	1 	0.672876 	1.13751 	0.892386 	0.0795591 	0.712543 	0.00442983 	3.84202e+06 	6.24828 	1.07818 	1.03955 	1.03955
4 	2 	0.674033 	1.20348 	0.890345 	0.0869611 	0.69748 	0.00458413 	3.55753e+06 	6.28319 	1.12755 	1.06418 	1.06418
4 	3 	0.674085 	1.26461 	0.886298 	0.0939167 	0.680013 	0.00458298 	3.53679e+06 	6.28319 	1.17966 	1.0906 	1.0906
4 	4 	0.673229 	1.34763 	0.890192 	0.10173 	0.670487 	0.00461537 	3.47044e+06 	6.28319 	1.19699 	1.09916 	1.09916
4 	5 	0.673751 	1.45752 	0.887397 	0.11174 	0.655802 	0.00459196 	3.48826e+06 	6.28319 	1.27957 	1.14148 	1.14148
4 	6 	0.673103 	1.60089 	0.885361 	0.125192 	0.640013 	0.00463051 	3.42213e+06 	6.28319 	1.35842 	1.19424 	1.19424
4 	7 	0.67141 	1.7418 	0.873589 	0.148475 	0.58978 	0.00595291 	2.08048e+06 	6.07375 	1.89458 	1.49572 	1.49572
5	5
5 	0 	0.671442 	1.07803 	1.09083 	0.0687897 	0.760039 	0.00551351 	2.51852e+06 	6.28319 	1.04689 	1.02447 	1.02447
5 	1 	0.672574 	1.16728 	1.08551 	0.0795698 	0.724555 	0.00534 	2.64728e+06 	6.28319 	1.07161 	1.03719 	1.03719
5 	2 	0.672521 	1.25467 	1.07965 	0.0892167 	0.698781 	0.00557554 	2.40462e+06 	6.28319 	1.0853 	1.04433 	1.04433
5 	3 	0.671803 	1.41997 	1.07775 	0.101591 	0.690177 	0.00565624 	2.31897e+06 	6.28319 	1.10832 	1.05657 	1.05657
5 	4 	0.671592 	1.70801 	1.07555 	0.123698 	0.675101 	0.00637033 	1.81779e+06 	6.28319 	1.25142 	1.13939 	1.13939
6	1
6 	0 	0.670393 	1.30354 	1.26561 	0.0844711 	0.750185 	0.00592024 	2.18864e+06 	6.28319 	1.02849 	1.01471 	1.01471
