0 0.323289 0.0993982 1.19612 0.155621 0.000481644 -0.012487 -1.9485e-05 0.394966 -0.218918 0.321344 -0.171736 
1 0.323952 0.122419 1.34593 0.142197 0.000298279 -0.0152492 -2.35983e-05 0.394966 -0.218918 0.321344 -0.171736 
2 0.32356 0.138142 1.41829 0.133495 0.000230642 -0.0168014 -2.6413e-05 0.394966 -0.218918 0.321344 -0.171736 
3 0.324387 0.15311 1.48786 0.124952 0.000179039 -0.0177343 -2.88064e-05 0.394966 -0.218918 0.321344 -0.171736 
4 0.324596 0.168458 1.56058 0.120858 0.000143241 -0.0188502 -3.24849e-05 0.394966 -0.218918 0.321344 -0.171736 
5 0.324594 0.18565 1.59058 0.1148 0.000119326 -0.0199001 -3.5972e-05 0.394966 -0.218918 0.321344 -0.171736 
6 0.324757 0.20878 1.6672 0.113439 9.32798e-05 -0.0215804 -4.01687e-05 0.394966 -0.218918 0.321344 -0.171736 
7 0.324786 0.250922 1.78084 0.121791 6.73701e-05 -0.0260649 -5.62473e-05 0.394966 -0.218918 0.321344 -0.171736 
8 0.323651 0.0761893 1.12163 0.321626 0.000890451 -0.0111246 -1.0935e-05 0.394966 -0.218918 0.321344 -0.171736 
9 0.324247 0.0920354 1.21937 0.311297 0.000659197 -0.0163062 -1.67756e-05 0.394966 -0.218918 0.321344 -0.171736 
10 0.32405 0.105001 1.32405 0.30535 0.000505848 -0.0196759 -2.05608e-05 0.394966 -0.218918 0.321344 -0.171736 
11 0.324577 0.117915 1.42585 0.299537 0.000394706 -0.0227747 -2.55705e-05 0.394966 -0.218918 0.321344 -0.171736 
12 0.324637 0.132085 1.51675 0.297079 0.000315904 -0.026329 -3.11754e-05 0.394966 -0.218918 0.321344 -0.171736 
13 0.324609 0.15061 1.56229 0.292376 0.000265378 -0.0315769 -4.3342e-05 0.394966 -0.218918 0.321344 -0.171736 
14 0.324835 0.179501 1.59451 0.295005 0.000215043 -0.0393839 -6.17925e-05 0.394966 -0.218918 0.321344 -0.171736 
15 0.325317 0.233616 1.72703 0.295863 0.000132092 -0.0487289 -9.68173e-05 0.394966 -0.218918 0.321344 -0.171736 
16 0.32363 0.0677724 1.09921 0.501271 0.000679145 -0.0080212 -8.58151e-06 0.394966 -0.218918 0.321344 -0.171736 
17 0.324001 0.0811188 1.18566 0.492717 0.000532805 -0.0130969 -1.49562e-05 0.394966 -0.218918 0.321344 -0.171736 
18 0.324776 0.0923824 1.27857 0.489882 0.000421463 -0.0167415 -1.92269e-05 0.394966 -0.218918 0.321344 -0.171736 
19 0.324716 0.10484 1.37598 0.489778 0.000331871 -0.020654 -2.47393e-05 0.394966 -0.218918 0.321344 -0.171736 
20 0.324546 0.119201 1.47843 0.489177 0.000260713 -0.0250282 -2.99764e-05 0.394966 -0.218918 0.321344 -0.171736 
21 0.324599 0.13806 1.52963 0.491 0.000213565 -0.0319028 -3.88533e-05 0.394966 -0.218918 0.321344 -0.171736 
22 0.324689 0.167985 1.57612 0.488847 0.000167899 -0.0414856 -5.57616e-05 0.394966 -0.218918 0.321344 -0.171736 
23 0.324851 0.22428 1.7165 0.486719 0.000100797 -0.0531644 -0.000110895 0.394966 -0.218918 0.321344 -0.171736 
24 0.325975 0.0638187 1.07631 0.673604 0.000216707 -0.00797915 -1.60031e-05 0.394966 -0.218918 0.321344 -0.171736 
25 0.326255 0.0745815 1.16817 0.671438 0.000172584 -0.0122944 -2.49522e-05 0.394966 -0.218918 0.321344 -0.171736 
26 0.326636 0.084399 1.23996 0.668416 0.000146629 -0.0163719 -3.41106e-05 0.394966 -0.218918 0.321344 -0.171736 
27 0.32706 0.0948505 1.33414 0.666585 0.000121249 -0.0199347 -4.33767e-05 0.394966 -0.218918 0.321344 -0.171736 
28 0.326922 0.107269 1.45334 0.666294 9.58684e-05 -0.0236859 -5.34227e-05 0.394966 -0.218918 0.321344 -0.171736 
29 0.326864 0.122629 1.59338 0.666007 7.35832e-05 -0.02806 -6.90424e-05 0.394966 -0.218918 0.321344 -0.171736 
30 0.32797 0.144654 1.67519 0.660695 5.9794e-05 -0.0362952 -0.000108113 0.394966 -0.218918 0.321344 -0.171736 
31 0.330396 0.192561 1.78395 0.642286 4.46139e-05 -0.0495314 -0.000308255 0.394966 -0.218918 0.321344 -0.171736 
32 0.332591 0.0636887 1.08499 0.847448 -0.000116099 0.00266576 2.10526e-05 0.394966 -0.218918 0.321344 -0.171736 
33 0.333718 0.0771742 1.24375 0.842458 -6.44329e-05 0.0060782 5.67195e-05 0.394966 -0.218918 0.321344 -0.171736 
34 0.333782 0.0932425 1.44728 0.840933 -3.42396e-05 0.0115917 0.000123537 0.394966 -0.218918 0.321344 -0.171736 
35 0.333727 0.118291 1.73987 0.840046 -1.52231e-05 0.0237235 0.00030534 0.394966 -0.218918 0.321344 -0.171736 
36 0.374142 0.104203 1.20466 0.153351 0.000324784 -0.0138789 -2.39661e-05 0.394966 -0.218918 0.321344 -0.171736 
37 0.374198 0.127521 1.358 0.140494 0.000200996 -0.0163977 -2.87583e-05 0.394966 -0.218918 0.321344 -0.171736 
38 0.373925 0.143268 1.43557 0.131906 0.000154095 -0.0176494 -3.10735e-05 0.394966 -0.218918 0.321344 -0.171736 
39 0.374843 0.157905 1.4811 0.127218 0.000127541 -0.0190017 -3.51864e-05 0.394966 -0.218918 0.321344 -0.171736 
40 0.374058 0.173387 1.54613 0.121623 0.000102738 -0.0197398 -3.79392e-05 0.394966 -0.218918 0.321344 -0.171736 
41 0.373825 0.191043 1.60178 0.118961 8.45315e-05 -0.0208717 -4.06463e-05 0.394966 -0.218918 0.321344 -0.171736 
42 0.374668 0.214013 1.67951 0.114596 6.43344e-05 -0.0216238 -4.51452e-05 0.394966 -0.218918 0.321344 -0.171736 
43 0.374414 0.253709 1.78981 0.125422 4.82576e-05 -0.0255117 -6.27252e-05 0.394966 -0.218918 0.321344 -0.171736 
44 0.373005 0.0788843 1.12556 0.32438 0.000637395 -0.0133043 -1.49909e-05 0.394966 -0.218918 0.321344 -0.171736 
45 0.373835 0.0952018 1.22602 0.312949 0.00046839 -0.0188644 -2.19857e-05 0.394966 -0.218918 0.321344 -0.171736 
46 0.373815 0.108043 1.32765 0.305147 0.000361085 -0.0222473 -2.56184e-05 0.394966 -0.218918 0.321344 -0.171736 
47 0.374111 0.121379 1.43662 0.302781 0.000278433 -0.0255184 -3.09854e-05 0.394966 -0.218918 0.321344 -0.171736 
48 0.3747 0.135784 1.51737 0.298032 0.000225145 -0.0292332 -3.85193e-05 0.394966 -0.218918 0.321344 -0.171736 
49 0.374696 0.153394 1.56361 0.293266 0.000190075 -0.0340034 -4.9705e-05 0.394966 -0.218918 0.321344 -0.171736 
50 0.374314 0.180238 1.59123 0.292415 0.000157666 -0.0407399 -7.33401e-05 0.394966 -0.218918 0.321344 -0.171736 
51 0.374679 0.232882 1.73008 0.29161 9.70322e-05 -0.0481568 -9.84451e-05 0.394966 -0.218918 0.321344 -0.171736 
52 0.373625 0.0694848 1.10286 0.502583 0.000511097 -0.0101013 -1.18524e-05 0.394966 -0.218918 0.321344 -0.171736 
53 0.374246 0.0830867 1.18548 0.496074 0.000399632 -0.0160977 -2.03853e-05 0.394966 -0.218918 0.321344 -0.171736 
54 0.374095 0.0939087 1.27326 0.491328 0.000323475 -0.0199803 -2.61773e-05 0.394966 -0.218918 0.321344 -0.171736 
55 0.374371 0.105814 1.37315 0.491773 0.000253786 -0.0239629 -3.23156e-05 0.394966 -0.218918 0.321344 -0.171736 
56 0.374314 0.120126 1.47669 0.490542 0.000199339 -0.0287179 -3.87091e-05 0.394966 -0.218918 0.321344 -0.171736 
57 0.374337 0.138741 1.52626 0.491139 0.00016514 -0.0361583 -5.09724e-05 0.394966 -0.218918 0.321344 -0.171736 
58 0.374467 0.168058 1.55069 0.493358 0.000132561 -0.0466519 -6.64536e-05 0.394966 -0.218918 0.321344 -0.171736 
59 0.374271 0.223079 1.69017 0.494658 7.94969e-05 -0.0575746 -0.000113481 0.394966 -0.218918 0.321344 -0.171736 
60 0.374681 0.0655999 1.08775 0.683082 0.00017454 -0.0101404 -1.72974e-05 0.394966 -0.218918 0.321344 -0.171736 
61 0.375495 0.0780365 1.18027 0.679348 0.000138238 -0.0162858 -2.90107e-05 0.394966 -0.218918 0.321344 -0.171736 
62 0.375213 0.0888707 1.25867 0.677644 0.000114182 -0.0214405 -3.84736e-05 0.394966 -0.218918 0.321344 -0.171736 
63 0.375426 0.100741 1.35453 0.676997 9.20976e-05 -0.0263836 -4.8273e-05 0.394966 -0.218918 0.321344 -0.171736 
64 0.37532 0.114788 1.46398 0.675215 7.37555e-05 -0.031673 -6.07673e-05 0.394966 -0.218918 0.321344 -0.171736 
65 0.375598 0.131815 1.55585 0.67469 5.86865e-05 -0.0387751 -7.94128e-05 0.394966 -0.218918 0.321344 -0.171736 
66 0.375752 0.158588 1.62891 0.670713 4.60186e-05 -0.0495714 -0.000123604 0.394966 -0.218918 0.321344 -0.171736 
67 0.37677 0.210798 1.75593 0.660295 3.06362e-05 -0.0626897 -0.000301091 0.394966 -0.218918 0.321344 -0.171736 
68 0.37718 0.0625171 1.0653 0.875796 -9.42903e-05 0.00327738 1.60724e-05 0.394966 -0.218918 0.321344 -0.171736 
69 0.377428 0.0714736 1.14716 0.87199 -6.86215e-05 0.00571288 3.00148e-05 0.394966 -0.218918 0.321344 -0.171736 
70 0.377815 0.0793743 1.22132 0.867409 -5.10045e-05 0.00875459 4.8595e-05 0.394966 -0.218918 0.321344 -0.171736 
71 0.378167 0.0878846 1.31206 0.865713 -3.73572e-05 0.0123916 7.31411e-05 0.394966 -0.218918 0.321344 -0.171736 
72 0.378569 0.0982206 1.43567 0.865034 -2.5275e-05 0.017709 0.000105331 0.394966 -0.218918 0.321344 -0.171736 
73 0.379068 0.111257 1.57107 0.865395 -1.71401e-05 0.0248602 0.000165898 0.394966 -0.218918 0.321344 -0.171736 
74 0.379303 0.127825 1.71639 0.861736 -1.079e-05 0.0382234 0.000279136 0.394966 -0.218918 0.321344 -0.171736 
75 0.382492 0.158792 1.80506 0.845714 -5.99043e-06 0.0786005 0.00106722 0.394966 -0.218918 0.321344 -0.171736 
76 0.387725 0.0836301 1.35427 1.03048 -7.96204e-05 0.000489821 7.78512e-06 0.394966 -0.218918 0.321344 -0.171736 
77 0.445078 0.109386 1.21394 0.151811 0.000193601 -0.0152243 -2.18263e-05 0.394966 -0.218918 0.321344 -0.171736 
78 0.444967 0.132454 1.34325 0.138164 0.000124453 -0.0174723 -2.5007e-05 0.394966 -0.218918 0.321344 -0.171736 
79 0.446354 0.148132 1.42892 0.129007 9.23981e-05 -0.0182218 -2.6512e-05 0.394966 -0.218918 0.321344 -0.171736 
80 0.447157 0.162696 1.49251 0.124386 7.43346e-05 -0.0190951 -2.92155e-05 0.394966 -0.218918 0.321344 -0.171736 
81 0.446432 0.176935 1.52321 0.123443 6.55675e-05 -0.0203896 -3.1918e-05 0.394966 -0.218918 0.321344 -0.171736 
82 0.44808 0.192978 1.59532 0.11954 5.18786e-05 -0.0207418 -3.3543e-05 0.394966 -0.218918 0.321344 -0.171736 
83 0.446749 0.215179 1.68169 0.119805 4.11508e-05 -0.0218002 -3.61218e-05 0.394966 -0.218918 0.321344 -0.171736 
84 0.447757 0.253663 1.78675 0.125975 2.99775e-05 -0.0239698 -4.74053e-05 0.394966 -0.218918 0.321344 -0.171736 
85 0.44317 0.0835123 1.13187 0.325648 0.000398987 -0.0167674 -1.60038e-05 0.394966 -0.218918 0.321344 -0.171736 
86 0.445535 0.100601 1.25093 0.315697 0.000279778 -0.0224383 -2.18192e-05 0.394966 -0.218918 0.321344 -0.171736 
87 0.446021 0.114043 1.33964 0.306931 0.000219231 -0.0262841 -2.59103e-05 0.394966 -0.218918 0.321344 -0.171736 
88 0.44676 0.127326 1.43729 0.302248 0.000171532 -0.0295219 -2.93167e-05 0.394966 -0.218918 0.321344 -0.171736 
89 0.447262 0.141684 1.51064 0.298472 0.000140358 -0.0331581 -3.53758e-05 0.394966 -0.218918 0.321344 -0.171736 
90 0.44881 0.15939 1.5683 0.294692 0.000115324 -0.0374409 -4.41318e-05 0.394966 -0.218918 0.321344 -0.171736 
91 0.448274 0.186023 1.60845 0.291607 9.42627e-05 -0.0429501 -6.20946e-05 0.394966 -0.218918 0.321344 -0.171736 
92 0.448599 0.238414 1.73905 0.291541 5.89255e-05 -0.0483841 -7.59718e-05 0.394966 -0.218918 0.321344 -0.171736 
93 0.444117 0.0719821 1.1098 0.504804 0.000344026 -0.0132986 -1.26115e-05 0.394966 -0.218918 0.321344 -0.171736 
94 0.44622 0.0860588 1.1897 0.497183 0.00026847 -0.0205777 -2.08388e-05 0.394966 -0.218918 0.321344 -0.171736 
95 0.447198 0.0973626 1.28218 0.492621 0.000213141 -0.0251394 -2.54555e-05 0.394966 -0.218918 0.321344 -0.171736 
96 0.447687 0.109798 1.38377 0.490637 0.000167312 -0.0297814 -3.23489e-05 0.394966 -0.218918 0.321344 -0.171736 
97 0.447536 0.123736 1.48854 0.488988 0.000131783 -0.0346763 -4.04463e-05 0.394966 -0.218918 0.321344 -0.171736 
98 0.448011 0.141544 1.53518 0.489826 0.000110285 -0.0424746 -5.41659e-05 0.394966 -0.218918 0.321344 -0.171736 
99 0.447815 0.170506 1.55183 0.490996 9.08191e-05 -0.0535857 -7.07835e-05 0.394966 -0.218918 0.321344 -0.171736 
100 0.446958 0.224981 1.69283 0.490397 5.53496e-05 -0.0632153 -0.00011143 0.394966 -0.218918 0.321344 -0.171736 
101 0.445534 0.0671941 1.09322 0.692231 0.000135747 -0.0132388 -1.69471e-05 0.394966 -0.218918 0.321344 -0.171736 
102 0.447656 0.0800599 1.18153 0.68836 0.000106985 -0.0211289 -2.864e-05 0.394966 -0.218918 0.321344 -0.171736 
103 0.448229 0.09083 1.26131 0.685233 8.90503e-05 -0.0269811 -3.79973e-05 0.394966 -0.218918 0.321344 -0.171736 
104 0.448585 0.102853 1.35425 0.684907 7.1625e-05 -0.0330082 -4.65062e-05 0.394966 -0.218918 0.321344 -0.171736 
105 0.448747 0.11678 1.45016 0.684788 5.72662e-05 -0.0397515 -5.76042e-05 0.394966 -0.218918 0.321344 -0.171736 
106 0.448924 0.134236 1.51393 0.683546 4.71098e-05 -0.0491662 -7.11377e-05 0.394966 -0.218918 0.321344 -0.171736 
107 0.448068 0.160842 1.56057 0.684017 3.68674e-05 -0.0625474 -9.976e-05 0.394966 -0.218918 0.321344 -0.171736 
108 0.44594 0.20784 1.71144 0.678505 2.40216e-05 -0.0738541 -0.00017749 0.394966 -0.218918 0.321344 -0.171736 
109 0.452098 0.0638372 1.07604 0.88589 -3.66496e-05 0.0113702 2.91125e-05 0.394966 -0.218918 0.321344 -0.171736 
110 0.4527 0.0745962 1.1615 0.883176 -2.53014e-05 0.0211577 5.42826e-05 0.394966 -0.218918 0.321344 -0.171736 
111 0.453522 0.0844199 1.23157 0.882206 -1.92395e-05 0.0312676 7.98552e-05 0.394966 -0.218918 0.321344 -0.171736 
112 0.454081 0.0947804 1.31823 0.879486 -1.31027e-05 0.047933 0.000127827 0.394966 -0.218918 0.321344 -0.171736 
113 0.454248 0.10675 1.42384 0.87941 -8.85546e-06 0.068667 0.000190087 0.394966 -0.218918 0.321344 -0.171736 
114 0.45492 0.121567 1.54456 0.878455 -5.49748e-06 0.104809 0.00029696 0.394966 -0.218918 0.321344 -0.171736 
115 0.455719 0.143231 1.63511 0.874792 -3.86832e-06 0.148517 0.000482661 0.394966 -0.218918 0.321344 -0.171736 
116 0.457489 0.181619 1.75782 0.864298 -1.88697e-06 0.279485 0.00156607 0.394966 -0.218918 0.321344 -0.171736 
117 0.458423 0.0619502 1.06183 1.07327 -0.000110338 0.000400565 2.14843e-06 0.394966 -0.218918 0.321344 -0.171736 
118 0.459929 0.0699613 1.13591 1.07085 -8.62333e-05 0.000704932 4.26159e-06 0.394966 -0.218918 0.321344 -0.171736 
119 0.461182 0.0774811 1.21163 1.06817 -6.8334e-05 0.00109794 6.64743e-06 0.394966 -0.218918 0.321344 -0.171736 
120 0.46231 0.0858059 1.30094 1.06729 -5.3172e-05 0.00159175 1.03925e-05 0.394966 -0.218918 0.321344 -0.171736 
121 0.463076 0.0957869 1.41406 1.06621 -3.96908e-05 0.00231512 1.58658e-05 0.394966 -0.218918 0.321344 -0.171736 
122 0.463406 0.108682 1.5545 1.06561 -2.84092e-05 0.00330899 2.40089e-05 0.394966 -0.218918 0.321344 -0.171736 
123 0.464232 0.126136 1.72058 1.06455 -1.94914e-05 0.0047003 3.87241e-05 0.394966 -0.218918 0.321344 -0.171736 
124 0.471141 0.154415 1.81433 1.05093 -1.38543e-05 0.00704436 0.000116873 0.394966 -0.218918 0.321344 -0.171736 
125 0.479512 0.084576 1.3494 1.23982 -5.20469e-05 -0.00045724 -6.50697e-06 0.394966 -0.218918 0.321344 -0.171736 
126 0.577505 0.115758 1.22278 0.147951 8.15215e-05 -0.0164486 -2.34573e-05 0.394966 -0.218918 0.321344 -0.171736 
127 0.58538 0.137773 1.34133 0.134468 5.08788e-05 -0.0185673 -2.71237e-05 0.394966 -0.218918 0.321344 -0.171736 
128 0.583715 0.152636 1.41763 0.128436 3.9985e-05 -0.0192536 -2.82102e-05 0.394966 -0.218918 0.321344 -0.171736 
129 0.583462 0.166495 1.48082 0.125382 3.28287e-05 -0.0199888 -2.98034e-05 0.394966 -0.218918 0.321344 -0.171736 
130 0.582643 0.180299 1.53254 0.125959 2.83812e-05 -0.0210143 -3.29594e-05 0.394966 -0.218918 0.321344 -0.171736 
131 0.58174 0.195436 1.60651 0.125202 2.34134e-05 -0.0214647 -3.47895e-05 0.394966 -0.218918 0.321344 -0.171736 
132 0.579484 0.215829 1.70746 0.123421 1.81778e-05 -0.0214232 -3.58036e-05 0.394966 -0.218918 0.321344 -0.171736 
133 0.573898 0.250318 1.79492 0.129389 1.44356e-05 -0.0223491 -4.67203e-05 0.394966 -0.218918 0.321344 -0.171736 
134 0.575524 0.0910557 1.15078 0.325944 0.000176262 -0.0219806 -2.13756e-05 0.394966 -0.218918 0.321344 -0.171736 
135 0.581143 0.110867 1.27984 0.314257 0.000117442 -0.0291218 -2.79107e-05 0.394966 -0.218918 0.321344 -0.171736 
136 0.582085 0.1256 1.37744 0.307083 8.98642e-05 -0.0331786 -3.20315e-05 0.394966 -0.218918 0.321344 -0.171736 
137 0.585255 0.139438 1.45635 0.30225 7.13326e-05 -0.0369269 -3.77779e-05 0.394966 -0.218918 0.321344 -0.171736 
138 0.585943 0.153735 1.5125 0.298607 5.99293e-05 -0.0403584 -4.47255e-05 0.394966 -0.218918 0.321344 -0.171736 
139 0.586895 0.170921 1.57429 0.294786 4.92487e-05 -0.0435544 -5.11919e-05 0.394966 -0.218918 0.321344 -0.171736 
140 0.584413 0.196066 1.65109 0.291382 3.89417e-05 -0.0463987 -6.31608e-05 0.394966 -0.218918 0.321344 -0.171736 
141 0.572376 0.240949 1.76079 0.286573 2.79507e-05 -0.0462652 -6.97966e-05 0.394966 -0.218918 0.321344 -0.171736 
142 0.575264 0.0775341 1.11749 0.510623 0.000175752 -0.0205912 -1.91299e-05 0.394966 -0.218918 0.321344 -0.171736 
143 0.582687 0.092625 1.20842 0.501867 0.000130956 -0.030081 -2.87825e-05 0.394966 -0.218918 0.321344 -0.171736 
144 0.584742 0.103918 1.29291 0.495835 0.000105029 -0.0357068 -3.57861e-05 0.394966 -0.218918 0.321344 -0.171736 
145 0.587372 0.115345 1.38428 0.492887 8.34162e-05 -0.0407605 -4.18673e-05 0.394966 -0.218918 0.321344 -0.171736 
146 0.587172 0.128293 1.47726 0.491908 6.70152e-05 -0.0460031 -4.91303e-05 0.394966 -0.218918 0.321344 -0.171736 
147 0.588344 0.143912 1.54306 0.489429 5.55147e-05 -0.052719 -6.3122e-05 0.394966 -0.218918 0.321344 -0.171736 
148 0.58677 0.167092 1.59579 0.48711 4.58676e-05 -0.0614139 -9.38909e-05 0.394966 -0.218918 0.321344 -0.171736 
149 0.573461 0.212034 1.72873 0.483689 3.21266e-05 -0.0666041 -0.000125957 0.394966 -0.218918 0.321344 -0.171736 
150 0.576859 0.0699324 1.09783 0.696846 9.45763e-05 -0.0195481 -2.36794e-05 0.394966 -0.218918 0.321344 -0.171736 
151 0.586588 0.0826846 1.16647 0.690986 7.55427e-05 -0.0308382 -3.88101e-05 0.394966 -0.218918 0.321344 -0.171736 
152 0.588846 0.092428 1.24279 0.688646 6.23748e-05 -0.0373971 -4.81877e-05 0.394966 -0.218918 0.321344 -0.171736 
153 0.590222 0.102891 1.33318 0.688158 5.04103e-05 -0.0435523 -6.00505e-05 0.394966 -0.218918 0.321344 -0.171736 
154 0.590764 0.11476 1.42927 0.687234 4.07123e-05 -0.0500528 -7.08672e-05 0.394966 -0.218918 0.321344 -0.171736 
155 0.589546 0.129002 1.51521 0.686038 3.34282e-05 -0.0581035 -8.81133e-05 0.394966 -0.218918 0.321344 -0.171736 
156 0.585532 0.149361 1.56627 0.683958 2.82195e-05 -0.0701631 -0.000116355 0.394966 -0.218918 0.321344 -0.171736 
157 0.570432 0.18878 1.71092 0.678193 2.00767e-05 -0.0803758 -0.000163884 0.394966 -0.218918 0.321344 -0.171736 
158 0.576775 0.0662558 1.08259 0.897079 1.98168e-06 -0.302125 -0.000588032 0.394966 -0.218918 0.321344 -0.171736 
159 0.589265 0.0771741 1.1576 0.89151 5.79247e-06 -0.130012 -0.000266619 0.394966 -0.218918 0.321344 -0.171736 
160 0.590704 0.0859464 1.21492 0.89032 5.78116e-06 -0.143088 -0.000288139 0.394966 -0.218918 0.321344 -0.171736 
161 0.591504 0.095439 1.29211 0.889422 5.74393e-06 -0.145047 -0.000293512 0.394966 -0.218918 0.321344 -0.171736 
162 0.590532 0.10581 1.37752 0.887961 5.50774e-06 -0.147057 -0.000307473 0.394966 -0.218918 0.321344 -0.171736 
163 0.589302 0.118199 1.47346 0.887258 4.96405e-06 -0.154304 -0.000323335 0.394966 -0.218918 0.321344 -0.171736 
164 0.582604 0.135276 1.57362 0.884872 4.10552e-06 -0.17796 -0.000374526 0.394966 -0.218918 0.321344 -0.171736 
165 0.56564 0.167139 1.71227 0.876429 3.02509e-06 -0.222603 -0.000571931 0.394966 -0.218918 0.321344 -0.171736 
166 0.582574 0.0635488 1.06739 1.08844 -4.65638e-05 0.00245942 7.32887e-06 0.394966 -0.218918 0.321344 -0.171736 
167 0.594095 0.0725588 1.1408 1.08594 -3.2724e-05 0.00475309 1.44266e-05 0.394966 -0.218918 0.321344 -0.171736 
168 0.597396 0.0799842 1.18822 1.08465 -2.70512e-05 0.00689958 2.15671e-05 0.394966 -0.218918 0.321344 -0.171736 
169 0.597157 0.0873665 1.24997 1.08241 -2.22672e-05 0.00891142 2.71879e-05 0.394966 -0.218918 0.321344 -0.171736 
170 0.595112 0.0963163 1.33691 1.07929 -1.74666e-05 0.0113332 3.4608e-05 0.394966 -0.218918 0.321344 -0.171736 
171 0.591748 0.107237 1.45318 1.07792 -1.31035e-05 0.0140325 4.50554e-05 0.394966 -0.218918 0.321344 -0.171736 
172 0.58636 0.121726 1.60479 1.07608 -9.33616e-06 0.0176471 5.78625e-05 0.394966 -0.218918 0.321344 -0.171736 
173 0.571485 0.14582 1.75426 1.06589 -7.06299e-06 0.0259427 0.000109729 0.394966 -0.218918 0.321344 -0.171736 
174 0.588216 0.061652 1.05417 1.26757 -6.18412e-05 -0.000204472 -1.55825e-06 0.394966 -0.218918 0.321344 -0.171736 
175 0.598231 0.068515 1.11053 1.26659 -4.81022e-05 3.67436e-05 2.81596e-07 0.394966 -0.218918 0.321344 -0.171736 
176 0.603036 0.0744998 1.16916 1.26432 -3.96754e-05 0.000393394 3.0107e-06 0.394966 -0.218918 0.321344 -0.171736 
177 0.600754 0.0809008 1.23712 1.2623 -3.29641e-05 0.000484024 3.74632e-06 0.394966 -0.218918 0.321344 -0.171736 
178 0.60036 0.088316 1.32691 1.26003 -2.61342e-05 0.00084315 6.78353e-06 0.394966 -0.218918 0.321344 -0.171736 
179 0.597142 0.097661 1.44985 1.25935 -1.99308e-05 0.00111969 9.16039e-06 0.394966 -0.218918 0.321344 -0.171736 
180 0.593884 0.111625 1.63176 1.25688 -1.36677e-05 0.00173716 1.44545e-05 0.394966 -0.218918 0.321344 -0.171736 
181 0.578495 0.13135 1.83394 1.25099 -9.96713e-06 0.00260483 3.20168e-05 0.394966 -0.218918 0.321344 -0.171736 
182 0.601468 0.0777111 1.26882 1.44727 -3.25403e-05 -0.000781864 -9.77747e-06 0.394966 -0.218918 0.321344 -0.171736 
183 0.32383 0.172811 2.19584 0.141554 7.27035e-05 -0.0160248 -3.83612e-05 0.394966 -0.218918 0.321344 -0.171736 
184 0.32469 0.202285 2.31734 0.128582 5.02275e-05 -0.0180671 -4.63247e-05 0.394966 -0.218918 0.321344 -0.171736 
185 0.32546 0.223724 2.40003 0.123139 3.95359e-05 -0.0192983 -5.17225e-05 0.394966 -0.218918 0.321344 -0.171736 
186 0.323956 0.243158 2.4917 0.117304 3.15801e-05 -0.0197976 -5.46646e-05 0.394966 -0.218918 0.321344 -0.171736 
187 0.324352 0.262403 2.5519 0.114436 2.62146e-05 -0.0206682 -5.92674e-05 0.394966 -0.218918 0.321344 -0.171736 
188 0.324808 0.284078 2.61135 0.118331 2.25711e-05 -0.022738 -6.53426e-05 0.394966 -0.218918 0.321344 -0.171736 
189 0.324725 0.311544 2.70199 0.124242 1.85568e-05 -0.0254673 -7.52737e-05 0.394966 -0.218918 0.321344 -0.171736 
190 0.323731 0.357574 2.97274 0.129663 1.17339e-05 -0.0288725 -9.99995e-05 0.394966 -0.218918 0.321344 -0.171736 
191 0.323964 0.151393 2.12988 0.305742 0.000132517 -0.0217072 -4.4464e-05 0.394966 -0.218918 0.321344 -0.171736 
192 0.324466 0.174947 2.25691 0.292884 0.00010079 -0.0268787 -6.0582e-05 0.394966 -0.218918 0.321344 -0.171736 
193 0.325037 0.196068 2.36076 0.292581 8.0606e-05 -0.0312016 -8.16787e-05 0.394966 -0.218918 0.321344 -0.171736 
194 0.324963 0.217802 2.44514 0.290588 6.59791e-05 -0.0351139 -0.000108605 0.394966 -0.218918 0.321344 -0.171736 
195 0.324454 0.241935 2.53886 0.289931 5.31371e-05 -0.0387834 -0.000129125 0.394966 -0.218918 0.321344 -0.171736 
196 0.324728 0.269081 2.58681 0.291388 4.36768e-05 -0.043141 -0.000147411 0.394966 -0.218918 0.321344 -0.171736 
197 0.3243 0.302888 2.62359 0.293791 3.4921e-05 -0.0482674 -0.000160137 0.394966 -0.218918 0.321344 -0.171736 
198 0.324564 0.355087 2.91639 0.290789 1.9887e-05 -0.0528777 -0.000200495 0.394966 -0.218918 0.321344 -0.171736 
199 0.324869 0.148085 2.12291 0.486525 0.000103343 -0.023064 -7.01426e-05 0.394966 -0.218918 0.321344 -0.171736 
200 0.323813 0.173065 2.25598 0.49192 7.708e-05 -0.0299838 -9.66367e-05 0.394966 -0.218918 0.321344 -0.171736 
201 0.32423 0.196153 2.34402 0.49141 6.19329e-05 -0.0358814 -0.000113663 0.394966 -0.218918 0.321344 -0.171736 
202 0.324232 0.220438 2.41198 0.49285 5.02904e-05 -0.0412929 -0.000128089 0.394966 -0.218918 0.321344 -0.171736 
203 0.323837 0.245114 2.52281 0.494764 3.93323e-05 -0.0451345 -0.000146538 0.394966 -0.218918 0.321344 -0.171736 
204 0.323763 0.272853 2.54888 0.493208 3.27604e-05 -0.050131 -0.000179159 0.394966 -0.218918 0.321344 -0.171736 
205 0.324195 0.305201 2.61526 0.495217 2.51643e-05 -0.0548138 -0.000222254 0.394966 -0.218918 0.321344 -0.171736 
206 0.323825 0.355772 2.92042 0.494494 1.44685e-05 -0.0597362 -0.000332591 0.394966 -0.218918 0.321344 -0.171736 
207 0.324857 0.147069 2.11476 0.677185 3.60737e-05 -0.0261892 -0.000110291 0.394966 -0.218918 0.321344 -0.171736 
208 0.32511 0.169662 2.24185 0.676297 2.78222e-05 -0.033185 -0.000160415 0.394966 -0.218918 0.321344 -0.171736 
209 0.325776 0.189396 2.33221 0.673968 2.30102e-05 -0.0385248 -0.000209133 0.394966 -0.218918 0.321344 -0.171736 
210 0.32627 0.209682 2.42237 0.669918 1.93709e-05 -0.0428335 -0.000256959 0.394966 -0.218918 0.321344 -0.171736 
211 0.326508 0.231732 2.54054 0.669448 1.53783e-05 -0.0465336 -0.000316709 0.394966 -0.218918 0.321344 -0.171736 
212 0.326505 0.256024 2.65978 0.665782 1.2405e-05 -0.0496776 -0.000383974 0.394966 -0.218918 0.321344 -0.171736 
213 0.326872 0.287889 2.78107 0.663132 9.38103e-06 -0.0538618 -0.000500229 0.394966 -0.218918 0.321344 -0.171736 
214 0.327024 0.339717 3.02112 0.656664 5.92414e-06 -0.059065 -0.000771187 0.394966 -0.218918 0.321344 -0.171736 
215 0.333237 0.175969 2.35856 0.839705 -3.47077e-06 0.0660196 0.00110423 0.394966 -0.218918 0.321344 -0.171736 
216 0.335175 0.26705 3.0953 0.835555 -6.72761e-07 0.156254 0.00703494 0.394966 -0.218918 0.321344 -0.171736 
217 0.373997 0.174771 2.20969 0.142296 5.01653e-05 -0.0163552 -4.38776e-05 0.394966 -0.218918 0.321344 -0.171736 
218 0.374305 0.205748 2.31765 0.128524 3.48652e-05 -0.0181937 -5.13049e-05 0.394966 -0.218918 0.321344 -0.171736 
219 0.373319 0.226568 2.39691 0.12356 2.80637e-05 -0.0190763 -5.61768e-05 0.394966 -0.218918 0.321344 -0.171736 
220 0.374058 0.245564 2.48256 0.11501 2.17809e-05 -0.0187986 -5.75777e-05 0.394966 -0.218918 0.321344 -0.171736 
221 0.374271 0.264415 2.55523 0.121774 1.92568e-05 -0.0207055 -6.42097e-05 0.394966 -0.218918 0.321344 -0.171736 
222 0.374966 0.285729 2.62062 0.12249 1.6109e-05 -0.0217371 -6.98599e-05 0.394966 -0.218918 0.321344 -0.171736 
223 0.374468 0.312381 2.72666 0.12896 1.31992e-05 -0.0237385 -7.83375e-05 0.394966 -0.218918 0.321344 -0.171736 
224 0.374347 0.357362 2.98728 0.131425 8.24973e-06 -0.0253512 -0.000100128 0.394966 -0.218918 0.321344 -0.171736 
225 0.373641 0.153832 2.13848 0.307766 9.35898e-05 -0.023643 -5.17547e-05 0.394966 -0.218918 0.321344 -0.171736 
226 0.374727 0.177597 2.25687 0.30009 7.16592e-05 -0.029066 -6.90938e-05 0.394966 -0.218918 0.321344 -0.171736 
227 0.37442 0.198039 2.36172 0.291828 5.75349e-05 -0.0323492 -8.61433e-05 0.394966 -0.218918 0.321344 -0.171736 
228 0.374425 0.21964 2.44059 0.29182 4.744e-05 -0.035946 -0.000109003 0.394966 -0.218918 0.321344 -0.171736 
229 0.374113 0.243176 2.5441 0.291277 3.79418e-05 -0.0386876 -0.000129088 0.394966 -0.218918 0.321344 -0.171736 
230 0.374731 0.270508 2.58895 0.292021 3.12059e-05 -0.0421125 -0.000148959 0.394966 -0.218918 0.321344 -0.171736 
231 0.374433 0.304414 2.6387 0.294706 2.46849e-05 -0.0457124 -0.00015264 0.394966 -0.218918 0.321344 -0.171736 
232 0.375307 0.357435 2.93785 0.288901 1.38167e-05 -0.0477129 -0.000178526 0.394966 -0.218918 0.321344 -0.171736 
233 0.374908 0.146792 2.11534 0.485618 7.97482e-05 -0.0252114 -7.75173e-05 0.394966 -0.218918 0.321344 -0.171736 
234 0.374697 0.169959 2.24271 0.485354 6.12971e-05 -0.0321333 -0.000130818 0.394966 -0.218918 0.321344 -0.171736 
235 0.374624 0.191785 2.33797 0.487172 4.91302e-05 -0.0378198 -0.000169329 0.394966 -0.218918 0.321344 -0.171736 
236 0.374401 0.215141 2.42003 0.490864 3.95046e-05 -0.0429201 -0.000184503 0.394966 -0.218918 0.321344 -0.171736 
237 0.373954 0.240413 2.50563 0.490595 3.17708e-05 -0.0470779 -0.000189125 0.394966 -0.218918 0.321344 -0.171736 
238 0.374153 0.267479 2.55432 0.490942 2.59522e-05 -0.0510997 -0.000213826 0.394966 -0.218918 0.321344 -0.171736 
239 0.373795 0.300443 2.60507 0.491378 2.04045e-05 -0.0550134 -0.000250969 0.394966 -0.218918 0.321344 -0.171736 
240 0.373873 0.352628 2.89822 0.490961 1.16702e-05 -0.0580488 -0.000348366 0.394966 -0.218918 0.321344 -0.171736 
241 0.374215 0.148713 2.1243 0.685926 2.92082e-05 -0.030133 -0.000125663 0.394966 -0.218918 0.321344 -0.171736 
242 0.374606 0.172975 2.24248 0.687998 2.19225e-05 -0.0389628 -0.000172965 0.394966 -0.218918 0.321344 -0.171736 
243 0.374186 0.194573 2.33488 0.686128 1.7867e-05 -0.0450735 -0.000211766 0.394966 -0.218918 0.321344 -0.171736 
244 0.374073 0.216309 2.40948 0.684187 1.47971e-05 -0.0502252 -0.000263249 0.394966 -0.218918 0.321344 -0.171736 
245 0.374321 0.238955 2.50357 0.684037 1.18626e-05 -0.0541755 -0.000310437 0.394966 -0.218918 0.321344 -0.171736 
246 0.375034 0.262982 2.55236 0.680133 1.00029e-05 -0.0579868 -0.000372159 0.394966 -0.218918 0.321344 -0.171736 
247 0.37457 0.292144 2.65633 0.675131 7.94651e-06 -0.0605223 -0.000450185 0.394966 -0.218918 0.321344 -0.171736 
248 0.373806 0.338583 2.97348 0.66848 4.97971e-06 -0.0615586 -0.000611706 0.394966 -0.218918 0.321344 -0.171736 
249 0.377131 0.14911 2.12988 0.872949 -4.61683e-06 0.0526627 0.000509596 0.394966 -0.218918 0.321344 -0.171736 
250 0.377482 0.176186 2.28483 0.86972 -3.18584e-06 0.0716007 0.000871539 0.394966 -0.218918 0.321344 -0.171736 
251 0.378538 0.204682 2.46819 0.863585 -1.79039e-06 0.110131 0.00155838 0.394966 -0.218918 0.321344 -0.171736 
252 0.378837 0.242085 2.74311 0.860909 -9.2149e-07 0.15422 0.00253766 0.394966 -0.218918 0.321344 -0.171736 
253 0.378558 0.294339 3.0674 0.85384 -3.75313e-07 0.244418 0.0064076 0.394966 -0.218918 0.321344 -0.171736 
254 0.445142 0.177581 2.20419 0.143188 3.0797e-05 -0.0168912 -3.76632e-05 0.394966 -0.218918 0.321344 -0.171736 
255 0.446579 0.208206 2.30764 0.129965 2.14431e-05 -0.018246 -4.32046e-05 0.394966 -0.218918 0.321344 -0.171736 
256 0.44585 0.227679 2.35676 0.125666 1.79828e-05 -0.0189597 -4.66997e-05 0.394966 -0.218918 0.321344 -0.171736 
257 0.447027 0.245503 2.46514 0.122988 1.42678e-05 -0.0189973 -4.72806e-05 0.394966 -0.218918 0.321344 -0.171736 
258 0.447293 0.263879 2.52426 0.123332 1.22108e-05 -0.0196103 -5.13458e-05 0.394966 -0.218918 0.321344 -0.171736 
259 0.447163 0.284405 2.62954 0.124347 9.9574e-06 -0.0199866 -5.28444e-05 0.394966 -0.218918 0.321344 -0.171736 
260 0.445907 0.3091 2.71226 0.128692 8.35802e-06 -0.0210321 -5.83298e-05 0.394966 -0.218918 0.321344 -0.171736 
261 0.446062 0.352592 2.96591 0.132923 5.34434e-06 -0.0217095 -6.83246e-05 0.394966 -0.218918 0.321344 -0.171736 
262 0.445198 0.157298 2.14899 0.310988 5.75827e-05 -0.0261605 -4.58357e-05 0.394966 -0.218918 0.321344 -0.171736 
263 0.446967 0.183616 2.27664 0.302604 4.28477e-05 -0.0317061 -6.02316e-05 0.394966 -0.218918 0.321344 -0.171736 
264 0.447913 0.20505 2.37415 0.294329 3.41611e-05 -0.0346495 -7.21042e-05 0.394966 -0.218918 0.321344 -0.171736 
265 0.447468 0.22688 2.47631 0.294356 2.76081e-05 -0.0371397 -8.78157e-05 0.394966 -0.218918 0.321344 -0.171736 
266 0.447976 0.250194 2.56055 0.290334 2.23269e-05 -0.0388315 -0.00010039 0.394966 -0.218918 0.321344 -0.171736 
267 0.447885 0.27648 2.57264 0.290942 1.91528e-05 -0.0412451 -0.000104601 0.394966 -0.218918 0.321344 -0.171736 
268 0.448284 0.308394 2.62839 0.290122 1.51333e-05 -0.0425974 -0.000103607 0.394966 -0.218918 0.321344 -0.171736 
269 0.448296 0.358946 2.94626 0.289145 8.50697e-06 -0.0422547 -0.000117616 0.394966 -0.218918 0.321344 -0.171736 
270 0.447216 0.148176 2.11775 0.492031 5.23291e-05 -0.0293524 -6.62318e-05 0.394966 -0.218918 0.321344 -0.171736 
271 0.447992 0.170886 2.243 0.486964 4.06755e-05 -0.0365272 -9.9164e-05 0.394966 -0.218918 0.321344 -0.171736 
272 0.447877 0.192284 2.34637 0.487129 3.26334e-05 -0.0420039 -0.00014373 0.394966 -0.218918 0.321344 -0.171736 
273 0.447313 0.214964 2.41349 0.48834 2.70326e-05 -0.0470773 -0.000184438 0.394966 -0.218918 0.321344 -0.171736 
274 0.448057 0.239427 2.51419 0.488507 2.14056e-05 -0.0503605 -0.000187976 0.394966 -0.218918 0.321344 -0.171736 
275 0.448682 0.267259 2.55986 0.48888 1.74723e-05 -0.0537142 -0.000196936 0.394966 -0.218918 0.321344 -0.171736 
276 0.447748 0.300744 2.61744 0.488387 1.37506e-05 -0.0560065 -0.000215131 0.394966 -0.218918 0.321344 -0.171736 
277 0.446649 0.352239 2.918 0.485484 7.9527e-06 -0.055863 -0.000274825 0.394966 -0.218918 0.321344 -0.171736 
278 0.44889 0.146787 2.11658 0.682536 2.4447e-05 -0.0337697 -0.000140573 0.394966 -0.218918 0.321344 -0.171736 
279 0.447533 0.170072 2.23471 0.686291 1.85499e-05 -0.0431379 -0.000189269 0.394966 -0.218918 0.321344 -0.171736 
280 0.446829 0.191183 2.31387 0.687229 1.50937e-05 -0.0503361 -0.00020838 0.394966 -0.218918 0.321344 -0.171736 
281 0.446584 0.212037 2.39139 0.688883 1.22902e-05 -0.0557687 -0.00023482 0.394966 -0.218918 0.321344 -0.171736 
282 0.446024 0.232994 2.44735 0.688414 1.03284e-05 -0.0600834 -0.000261683 0.394966 -0.218918 0.321344 -0.171736 
283 0.446131 0.255197 2.51149 0.687839 8.54825e-06 -0.0631974 -0.000291482 0.394966 -0.218918 0.321344 -0.171736 
284 0.445265 0.282516 2.62082 0.681595 6.89828e-06 -0.0643244 -0.000335536 0.394966 -0.218918 0.321344 -0.171736 
285 0.443044 0.328301 2.97005 0.672386 4.29552e-06 -0.062148 -0.000430959 0.394966 -0.218918 0.321344 -0.171736 
286 0.44934 0.145311 2.10362 0.888578 -2.6173e-07 1.00471 0.00618384 0.394966 -0.218918 0.321344 -0.171736 
287 0.449001 0.165187 2.20376 0.887951 -2.94883e-07 0.87902 0.00582898 0.394966 -0.218918 0.321344 -0.171736 
288 0.449324 0.181393 2.28551 0.885694 -1.57448e-07 1.56877 0.0111296 0.394966 -0.218918 0.321344 -0.171736 
289 0.450237 0.198115 2.35995 0.885917 -1.9014e-07 1.19314 0.00900201 0.394966 -0.218918 0.321344 -0.171736 
290 0.450287 0.21484 2.4175 0.883024 -1.43675e-07 1.46797 0.0121311 0.394966 -0.218918 0.321344 -0.171736 
291 0.44977 0.233273 2.53362 0.87774 9.16229e-08 -2.01203 -0.0173556 0.394966 -0.218918 0.321344 -0.171736 
292 0.448061 0.256068 2.72905 0.874786 2.20979e-07 -0.649713 -0.00601061 0.394966 -0.218918 0.321344 -0.171736 
293 0.444022 0.294728 3.05053 0.867946 2.93691e-07 -0.323926 -0.00382518 0.394966 -0.218918 0.321344 -0.171736 
294 0.458482 0.153634 2.16337 1.07223 -9.24511e-06 0.00683758 7.03675e-05 0.394966 -0.218918 0.321344 -0.171736 
295 0.461384 0.192047 2.40694 1.06346 -5.56473e-06 0.00978197 0.000135189 0.394966 -0.218918 0.321344 -0.171736 
296 0.457673 0.242002 2.90265 1.05401 -2.54062e-06 0.0134437 0.000262985 0.394966 -0.218918 0.321344 -0.171736 
297 0.578291 0.182752 2.2076 0.135405 1.24568e-05 -0.0165642 -3.90382e-05 0.394966 -0.218918 0.321344 -0.171736 
298 0.58097 0.211552 2.30514 0.127939 9.04737e-06 -0.0178743 -4.34747e-05 0.394966 -0.218918 0.321344 -0.171736 
299 0.586277 0.229851 2.36816 0.129207 7.50717e-06 -0.0190287 -4.82455e-05 0.394966 -0.218918 0.321344 -0.171736 
300 0.582674 0.246461 2.44351 0.12385 6.28078e-06 -0.0183139 -4.76484e-05 0.394966 -0.218918 0.321344 -0.171736 
301 0.582325 0.263264 2.51739 0.125784 5.42247e-06 -0.0185938 -4.98135e-05 0.394966 -0.218918 0.321344 -0.171736 
302 0.578616 0.282604 2.62393 0.124034 4.45353e-06 -0.0178935 -4.89493e-05 0.394966 -0.218918 0.321344 -0.171736 
303 0.578799 0.307124 2.74223 0.130835 3.64788e-06 -0.0184045 -5.26041e-05 0.394966 -0.218918 0.321344 -0.171736 
304 0.571558 0.349417 3.01308 0.13529 2.42625e-06 -0.0176172 -6.05858e-05 0.394966 -0.218918 0.321344 -0.171736 
305 0.579078 0.162707 2.16739 0.313053 2.52621e-05 -0.0298067 -5.19984e-05 0.394966 -0.218918 0.321344 -0.171736 
306 0.583043 0.191383 2.28377 0.303802 1.85391e-05 -0.0357832 -6.73226e-05 0.394966 -0.218918 0.321344 -0.171736 
307 0.585246 0.212135 2.37314 0.298623 1.48662e-05 -0.0382027 -7.67698e-05 0.394966 -0.218918 0.321344 -0.171736 
308 0.586357 0.231511 2.45907 0.295457 1.21843e-05 -0.0393668 -8.53934e-05 0.394966 -0.218918 0.321344 -0.171736 
309 0.586783 0.251512 2.54322 0.290784 1.00031e-05 -0.0395214 -9.0685e-05 0.394966 -0.218918 0.321344 -0.171736 
310 0.583226 0.274737 2.59097 0.290052 8.62201e-06 -0.0396343 -8.90884e-05 0.394966 -0.218918 0.321344 -0.171736 
311 0.577254 0.303056 2.67453 0.289995 7.06564e-06 -0.0385365 -8.6903e-05 0.394966 -0.218918 0.321344 -0.171736 
312 0.564442 0.350791 2.96407 0.291277 4.45566e-06 -0.0357511 -9.48896e-05 0.394966 -0.218918 0.321344 -0.171736 
313 0.581555 0.150133 2.12176 0.501003 2.61588e-05 -0.0365335 -7.7916e-05 0.394966 -0.218918 0.321344 -0.171736 
314 0.585606 0.171599 2.22895 0.492153 2.05795e-05 -0.0446256 -0.00010243 0.394966 -0.218918 0.321344 -0.171736 
315 0.588902 0.189323 2.32665 0.489278 1.66904e-05 -0.049235 -0.000123116 0.394966 -0.218918 0.321344 -0.171736 
316 0.590028 0.207893 2.40505 0.486972 1.39467e-05 -0.0529988 -0.000157564 0.394966 -0.218918 0.321344 -0.171736 
317 0.588537 0.227795 2.47823 0.487114 1.17878e-05 -0.0558115 -0.000190038 0.394966 -0.218918 0.321344 -0.171736 
318 0.586194 0.249962 2.57317 0.487199 9.69475e-06 -0.057008 -0.000206179 0.394966 -0.218918 0.321344 -0.171736 
319 0.577819 0.278256 2.66178 0.485275 8.02182e-06 -0.0561467 -0.000210102 0.394966 -0.218918 0.321344 -0.171736 
320 0.561809 0.327446 2.93016 0.477725 5.22228e-06 -0.0518344 -0.000205304 0.394966 -0.218918 0.321344 -0.171736 
321 0.588608 0.144438 2.10066 0.685608 1.58822e-05 -0.0421829 -0.000139554 0.394966 -0.218918 0.321344 -0.171736 
322 0.592487 0.162516 2.20852 0.683551 1.27171e-05 -0.0508879 -0.000198619 0.394966 -0.218918 0.321344 -0.171736 
323 0.592433 0.178912 2.28732 0.684809 1.06759e-05 -0.0577419 -0.000274967 0.394966 -0.218918 0.321344 -0.171736 
324 0.59073 0.196389 2.35926 0.684519 9.11441e-06 -0.0634148 -0.000356077 0.394966 -0.218918 0.321344 -0.171736 
325 0.587614 0.21471 2.41843 0.68414 7.89373e-06 -0.0678892 -0.000376194 0.394966 -0.218918 0.321344 -0.171736 
326 0.581187 0.235257 2.5172 0.681063 6.68236e-06 -0.0690843 -0.000371369 0.394966 -0.218918 0.321344 -0.171736 
327 0.57341 0.260768 2.69647 0.678065 5.17163e-06 -0.0672605 -0.000363915 0.394966 -0.218918 0.321344 -0.171736 
328 0.559494 0.304791 3.00418 0.670179 3.38379e-06 -0.0628188 -0.000446341 0.394966 -0.218918 0.321344 -0.171736 
329 0.592842 0.141592 2.08722 0.888576 3.9703e-06 -0.0749238 -0.000516734 0.394966 -0.218918 0.321344 -0.171736 
330 0.591139 0.157618 2.17618 0.889974 3.23481e-06 -0.0911586 -0.000699163 0.394966 -0.218918 0.321344 -0.171736 
331 0.590298 0.170986 2.23874 0.88933 2.81781e-06 -0.102492 -0.000774166 0.394966 -0.218918 0.321344 -0.171736 
332 0.587198 0.184454 2.30309 0.888047 2.46682e-06 -0.111427 -0.000799657 0.394966 -0.218918 0.321344 -0.171736 
333 0.580131 0.198776 2.37395 0.887391 2.10091e-06 -0.121947 -0.000871004 0.394966 -0.218918 0.321344 -0.171736 
334 0.573514 0.215095 2.46814 0.88146 1.88316e-06 -0.124381 -0.000885111 0.394966 -0.218918 0.321344 -0.171736 
335 0.566462 0.236799 2.68843 0.876884 1.53206e-06 -0.116436 -0.000883808 0.394966 -0.218918 0.321344 -0.171736 
336 0.554951 0.273577 3.03066 0.869146 1.08669e-06 -0.102357 -0.00107412 0.394966 -0.218918 0.321344 -0.171736 
337 0.58894 0.142734 2.09333 1.08589 -3.29083e-06 0.0286623 0.000233245 0.394966 -0.218918 0.321344 -0.171736 
338 0.584076 0.160565 2.19 1.08283 -2.80402e-06 0.0335677 0.000272222 0.394966 -0.218918 0.321344 -0.171736 
339 0.573501 0.17706 2.29579 1.07584 -2.4347e-06 0.0398102 0.000340108 0.394966 -0.218918 0.321344 -0.171736 
340 0.562074 0.19924 2.48374 1.06825 -1.8139e-06 0.0456067 0.00041684 0.394966 -0.218918 0.321344 -0.171736 
341 0.548855 0.236384 2.91426 1.05642 -8.84693e-07 0.0552754 0.000767784 0.394966 -0.218918 0.321344 -0.171736 
342 0.571884 0.157987 2.23674 1.25232 -5.19497e-06 0.00523996 6.92553e-05 0.394966 -0.218918 0.321344 -0.171736 
343 0.323652 0.285602 3.81653 0.130725 9.80162e-06 -0.0166908 -0.000112738 0.394966 -0.218918 0.321344 -0.171736 
344 0.324319 0.319769 3.99641 0.125414 6.92711e-06 -0.0184981 -0.000129851 0.394966 -0.218918 0.321344 -0.171736 
345 0.32477 0.342103 4.13803 0.121902 5.42685e-06 -0.0193409 -0.00014413 0.394966 -0.218918 0.321344 -0.171736 
346 0.324208 0.363023 4.25687 0.119983 4.42181e-06 -0.0204142 -0.000153467 0.394966 -0.218918 0.321344 -0.171736 
347 0.324198 0.384147 4.30465 0.120834 3.80118e-06 -0.0223302 -0.000170569 0.394966 -0.218918 0.321344 -0.171736 
348 0.324004 0.40547 4.35169 0.121837 3.26135e-06 -0.0243767 -0.000193705 0.394966 -0.218918 0.321344 -0.171736 
349 0.323722 0.431899 4.36862 0.126373 2.80916e-06 -0.0279396 -0.00022828 0.394966 -0.218918 0.321344 -0.171736 
350 0.323918 0.47479 4.65943 0.129991 1.821e-06 -0.0320756 -0.000302712 0.394966 -0.218918 0.321344 -0.171736 
351 0.324777 0.276207 3.75385 0.288736 1.73579e-05 -0.0291206 -0.000210158 0.394966 -0.218918 0.321344 -0.171736 
352 0.325 0.30861 4.0126 0.288856 1.22686e-05 -0.03247 -0.000275412 0.394966 -0.218918 0.321344 -0.171736 
353 0.324279 0.333447 4.1437 0.289995 9.87096e-06 -0.0358141 -0.000336294 0.394966 -0.218918 0.321344 -0.171736 
354 0.325178 0.357782 4.27057 0.289298 7.86938e-06 -0.0388594 -0.000374685 0.394966 -0.218918 0.321344 -0.171736 
355 0.324319 0.380481 4.34153 0.290589 6.61366e-06 -0.042532 -0.000418384 0.394966 -0.218918 0.321344 -0.171736 
356 0.324382 0.404021 4.33667 0.292761 5.71045e-06 -0.0472606 -0.00044106 0.394966 -0.218918 0.321344 -0.171736 
357 0.324587 0.432582 4.28076 0.291395 4.86244e-06 -0.0533288 -0.000476603 0.394966 -0.218918 0.321344 -0.171736 
358 0.324766 0.476543 4.6066 0.289223 2.9828e-06 -0.0592721 -0.000619138 0.394966 -0.218918 0.321344 -0.171736 
359 0.324335 0.277504 3.76727 0.488778 1.37337e-05 -0.03353 -0.000429925 0.394966 -0.218918 0.321344 -0.171736 
360 0.323921 0.311869 4.01508 0.489148 9.68303e-06 -0.0378758 -0.000476065 0.394966 -0.218918 0.321344 -0.171736 
361 0.323799 0.337763 4.13157 0.488848 7.74231e-06 -0.0419019 -0.000505354 0.394966 -0.218918 0.321344 -0.171736 
362 0.324203 0.361058 4.27539 0.490913 6.1267e-06 -0.0449787 -0.000540388 0.394966 -0.218918 0.321344 -0.171736 
363 0.324311 0.383521 4.32744 0.490073 5.15603e-06 -0.0490916 -0.000599322 0.394966 -0.218918 0.321344 -0.171736 
364 0.324247 0.407031 4.32267 0.490739 4.40386e-06 -0.0541899 -0.000700926 0.394966 -0.218918 0.321344 -0.171736 
365 0.323793 0.435193 4.26746 0.491256 3.72566e-06 -0.0611106 -0.000874592 0.394966 -0.218918 0.321344 -0.171736 
366 0.32383 0.478224 4.64431 0.490171 2.25187e-06 -0.0675277 -0.00128175 0.394966 -0.218918 0.321344 -0.171736 
367 0.324658 0.293898 3.87987 0.68615 4.30755e-06 -0.0386357 -0.000385292 0.394966 -0.218918 0.321344 -0.171736 
368 0.324177 0.345481 4.1665 0.68428 2.65247e-06 -0.0460581 -0.000538772 0.394966 -0.218918 0.321344 -0.171736 
369 0.324228 0.388761 4.3151 0.679808 1.86197e-06 -0.0533751 -0.000712522 0.394966 -0.218918 0.321344 -0.171736 
370 0.324161 0.44072 4.59323 0.665483 1.24211e-06 -0.0610058 -0.00122317 0.394966 -0.218918 0.321344 -0.171736 
371 0.329221 0.342876 4.38811 0.858782 -2.34251e-07 0.114169 0.00306275 0.394966 -0.218918 0.321344 -0.171736 
372 0.374693 0.286121 3.81972 0.128831 6.64573e-06 -0.0152545 -0.000118832 0.394966 -0.218918 0.321344 -0.171736 
373 0.374043 0.322321 4.0078 0.125652 4.72973e-06 -0.0167998 -0.000135958 0.394966 -0.218918 0.321344 -0.171736 
374 0.374392 0.345563 4.14265 0.12499 3.77651e-06 -0.0177123 -0.000148378 0.394966 -0.218918 0.321344 -0.171736 
375 0.373817 0.367546 4.24056 0.123095 3.09537e-06 -0.0185692 -0.000156172 0.394966 -0.218918 0.321344 -0.171736 
376 0.374292 0.386724 4.32643 0.124735 2.63729e-06 -0.0197481 -0.000172587 0.394966 -0.218918 0.321344 -0.171736 
377 0.374987 0.406656 4.33427 0.122489 2.26761e-06 -0.0207793 -0.00018521 0.394966 -0.218918 0.321344 -0.171736 
378 0.37389 0.432971 4.39284 0.128835 1.94459e-06 -0.0236393 -0.000218957 0.394966 -0.218918 0.321344 -0.171736 
379 0.37397 0.475176 4.67401 0.129641 1.24993e-06 -0.0261626 -0.000287255 0.394966 -0.218918 0.321344 -0.171736 
380 0.374335 0.276883 3.76185 0.295591 1.23192e-05 -0.0285087 -0.000202034 0.394966 -0.218918 0.321344 -0.171736 
381 0.374237 0.309528 4.03253 0.288879 8.59708e-06 -0.0304344 -0.000244227 0.394966 -0.218918 0.321344 -0.171736 
382 0.374133 0.334839 4.16523 0.289453 6.86195e-06 -0.0329195 -0.000297802 0.394966 -0.218918 0.321344 -0.171736 
383 0.374759 0.358529 4.26807 0.290923 5.5912e-06 -0.0353909 -0.000341261 0.394966 -0.218918 0.321344 -0.171736 
384 0.374328 0.382421 4.34858 0.289189 4.61502e-06 -0.0379274 -0.000357684 0.394966 -0.218918 0.321344 -0.171736 
385 0.375036 0.40685 4.30122 0.290707 4.0442e-06 -0.04193 -0.000380626 0.394966 -0.218918 0.321344 -0.171736 
386 0.374596 0.435839 4.25893 0.287867 3.42113e-06 -0.0463862 -0.000415047 0.394966 -0.218918 0.321344 -0.171736 
387 0.374491 0.478469 4.63462 0.289268 2.06544e-06 -0.0504087 -0.000542952 0.394966 -0.218918 0.321344 -0.171736 
388 0.374271 0.278854 3.77429 0.48638 1.0234e-05 -0.0345714 -0.000604219 0.394966 -0.218918 0.321344 -0.171736 
389 0.374168 0.314981 4.034 0.48794 7.0618e-06 -0.0381786 -0.000582055 0.394966 -0.218918 0.321344 -0.171736 
390 0.374313 0.343808 4.21242 0.488534 5.34219e-06 -0.0411043 -0.000579408 0.394966 -0.218918 0.321344 -0.171736 
391 0.374531 0.370399 4.26811 0.486439 4.39704e-06 -0.0450194 -0.000608408 0.394966 -0.218918 0.321344 -0.171736 
392 0.374067 0.39764 4.3614 0.487774 3.49751e-06 -0.0487197 -0.000654185 0.394966 -0.218918 0.321344 -0.171736 
393 0.374301 0.430679 4.28936 0.489237 2.88549e-06 -0.0554355 -0.000827619 0.394966 -0.218918 0.321344 -0.171736 
394 0.374775 0.47576 4.60059 0.486766 1.77917e-06 -0.0612054 -0.00126879 0.394966 -0.218918 0.321344 -0.171736 
395 0.373968 0.301534 3.9189 0.689365 3.42547e-06 -0.0411251 -0.000417406 0.394966 -0.218918 0.321344 -0.171736 
396 0.374022 0.365369 4.24212 0.688326 1.89368e-06 -0.0491072 -0.000564477 0.394966 -0.218918 0.321344 -0.171736 
397 0.373889 0.426183 4.52261 0.673635 1.17705e-06 -0.0565943 -0.00094195 0.394966 -0.218918 0.321344 -0.171736 
398 0.375589 0.335768 4.27619 0.892373 -1.74857e-07 0.147966 0.00214549 0.394966 -0.218918 0.321344 -0.171736 
399 0.447141 0.289216 3.82415 0.128676 3.89637e-06 -0.0141181 -9.19442e-05 0.394966 -0.218918 0.321344 -0.171736 
400 0.445946 0.324264 4.00752 0.127827 2.8552e-06 -0.0151506 -0.000103998 0.394966 -0.218918 0.321344 -0.171736 
401 0.444737 0.347235 4.12256 0.12616 2.32172e-06 -0.0155919 -0.00010993 0.394966 -0.218918 0.321344 -0.171736 
402 0.445794 0.367125 4.21023 0.124734 1.92085e-06 -0.0159236 -0.000116759 0.394966 -0.218918 0.321344 -0.171736 
403 0.446198 0.385733 4.31562 0.125802 1.61716e-06 -0.0164499 -0.000122709 0.394966 -0.218918 0.321344 -0.171736 
404 0.446097 0.406477 4.37819 0.12848 1.39566e-06 -0.0175066 -0.000134923 0.394966 -0.218918 0.321344 -0.171736 
405 0.447333 0.431507 4.41634 0.130287 1.1642e-06 -0.0187703 -0.000148699 0.394966 -0.218918 0.321344 -0.171736 
406 0.446003 0.473287 4.6904 0.132938 7.71096e-07 -0.0205916 -0.000193805 0.394966 -0.218918 0.321344 -0.171736 
407 0.446092 0.278036 3.77108 0.303446 7.60182e-06 -0.0280088 -0.000153766 0.394966 -0.218918 0.321344 -0.171736 
408 0.446661 0.31102 4.03136 0.295333 5.28903e-06 -0.028951 -0.00017544 0.394966 -0.218918 0.321344 -0.171736 
409 0.447997 0.336095 4.15842 0.293812 4.18871e-06 -0.0303179 -0.000201346 0.394966 -0.218918 0.321344 -0.171736 
410 0.447268 0.359036 4.25848 0.292128 3.45654e-06 -0.0315717 -0.000214209 0.394966 -0.218918 0.321344 -0.171736 
411 0.448104 0.381562 4.33768 0.289735 2.8513e-06 -0.0327869 -0.000228681 0.394966 -0.218918 0.321344 -0.171736 
412 0.447771 0.404401 4.3432 0.289611 2.46776e-06 -0.034857 -0.000239572 0.394966 -0.218918 0.321344 -0.171736 
413 0.447692 0.433539 4.28688 0.291771 2.11395e-06 -0.0382501 -0.000261392 0.394966 -0.218918 0.321344 -0.171736 
414 0.447131 0.477041 4.62392 0.29302 1.29995e-06 -0.0409053 -0.00032932 0.394966 -0.218918 0.321344 -0.171736 
415 0.449435 0.27535 3.74992 0.487278 6.8818e-06 -0.0355957 -0.000409679 0.394966 -0.218918 0.321344 -0.171736 
416 0.446915 0.307483 4.00175 0.486395 4.98661e-06 -0.0374636 -0.000581244 0.394966 -0.218918 0.321344 -0.171736 
417 0.447922 0.332862 4.1351 0.489446 3.91861e-06 -0.0395327 -0.000572038 0.394966 -0.218918 0.321344 -0.171736 
418 0.447304 0.356106 4.25312 0.489502 3.19107e-06 -0.0411619 -0.000547968 0.394966 -0.218918 0.321344 -0.171736 
419 0.448171 0.378282 4.32571 0.489926 2.64933e-06 -0.0431138 -0.000542291 0.394966 -0.218918 0.321344 -0.171736 
420 0.447491 0.401759 4.32368 0.488724 2.29286e-06 -0.0460035 -0.000551459 0.394966 -0.218918 0.321344 -0.171736 
421 0.447126 0.428535 4.28011 0.487271 1.97181e-06 -0.0497892 -0.000614674 0.394966 -0.218918 0.321344 -0.171736 
422 0.446005 0.47115 4.62035 0.479966 1.24225e-06 -0.0526366 -0.000749598 0.394966 -0.218918 0.321344 -0.171736 
423 0.447346 0.288135 3.8466 0.684371 3.11801e-06 -0.0416086 -0.000534995 0.394966 -0.218918 0.321344 -0.171736 
424 0.447852 0.334642 4.12091 0.686064 1.97791e-06 -0.0456849 -0.000581651 0.394966 -0.218918 0.321344 -0.171736 
425 0.446018 0.373001 4.27734 0.683951 1.43745e-06 -0.0491664 -0.000629031 0.394966 -0.218918 0.321344 -0.171736 
426 0.44464 0.420357 4.5897 0.670283 9.57972e-07 -0.0517682 -0.000779227 0.394966 -0.218918 0.321344 -0.171736 
427 0.447691 0.298859 3.92773 0.938761 -9.46646e-08 0.328685 0.00350367 0.394966 -0.218918 0.321344 -0.171736 
428 0.44476 0.36963 4.61378 0.900207 1.02598e-07 -0.179808 -0.00249965 0.394966 -0.218918 0.321344 -0.171736 
429 0.580172 0.288158 3.81719 0.127455 1.66617e-06 -0.0125943 -8.82317e-05 0.394966 -0.218918 0.321344 -0.171736 
430 0.581562 0.322965 3.97365 0.128073 1.23444e-06 -0.0131257 -9.66121e-05 0.394966 -0.218918 0.321344 -0.171736 
431 0.582349 0.342923 4.06345 0.125747 1.01777e-06 -0.0129638 -9.96049e-05 0.394966 -0.218918 0.321344 -0.171736 
432 0.579579 0.361353 4.17833 0.127682 8.77415e-07 -0.0129972 -0.000102149 0.394966 -0.218918 0.321344 -0.171736 
433 0.582323 0.379382 4.26432 0.125799 7.23953e-07 -0.0128202 -0.000102902 0.394966 -0.218918 0.321344 -0.171736 
434 0.579061 0.398373 4.38898 0.126859 6.14954e-07 -0.0127982 -0.000104828 0.394966 -0.218918 0.321344 -0.171736 
435 0.574283 0.422847 4.49289 0.130412 5.23147e-07 -0.0132656 -0.000112158 0.394966 -0.218918 0.321344 -0.171736 
436 0.564682 0.464293 4.73174 0.132547 3.71393e-07 -0.0140552 -0.000137599 0.394966 -0.218918 0.321344 -0.171736 
437 0.579713 0.280427 3.78524 0.306794 3.34252e-06 -0.0274276 -0.000151376 0.394966 -0.218918 0.321344 -0.171736 
438 0.58418 0.313079 4.00168 0.301141 2.33835e-06 -0.0278097 -0.000165829 0.394966 -0.218918 0.321344 -0.171736 
439 0.586876 0.336154 4.12249 0.297263 1.85739e-06 -0.0277635 -0.000171295 0.394966 -0.218918 0.321344 -0.171736 
440 0.587349 0.35658 4.23762 0.294535 1.52478e-06 -0.0274157 -0.000176251 0.394966 -0.218918 0.321344 -0.171736 
441 0.583538 0.376576 4.31913 0.293591 1.31825e-06 -0.0273684 -0.000176557 0.394966 -0.218918 0.321344 -0.171736 
442 0.579665 0.396773 4.39868 0.293745 1.13793e-06 -0.0274305 -0.000181597 0.394966 -0.218918 0.321344 -0.171736 
443 0.570315 0.422386 4.4023 0.293704 1.01845e-06 -0.0282948 -0.000190746 0.394966 -0.218918 0.321344 -0.171736 
444 0.557529 0.463832 4.64238 0.29204 7.14983e-07 -0.0298729 -0.000226244 0.394966 -0.218918 0.321344 -0.171736 
445 0.5875 0.271426 3.70638 0.486736 3.53162e-06 -0.0386318 -0.000298942 0.394966 -0.218918 0.321344 -0.171736 
446 0.589392 0.299569 3.95762 0.486625 2.53989e-06 -0.0385641 -0.000350297 0.394966 -0.218918 0.321344 -0.171736 
447 0.58873 0.321768 4.07721 0.487375 2.08463e-06 -0.039153 -0.000411314 0.394966 -0.218918 0.321344 -0.171736 
448 0.587893 0.341408 4.20572 0.486357 1.73074e-06 -0.0389298 -0.000446655 0.394966 -0.218918 0.321344 -0.171736 
449 0.586234 0.361373 4.29491 0.48584 1.47208e-06 -0.0390501 -0.000465855 0.394966 -0.218918 0.321344 -0.171736 
450 0.579696 0.381819 4.4122 0.484708 1.25992e-06 -0.0385919 -0.000456621 0.394966 -0.218918 0.321344 -0.171736 
451 0.57068 0.40574 4.50061 0.4823 1.08096e-06 -0.0387508 -0.000450926 0.394966 -0.218918 0.321344 -0.171736 
452 0.553935 0.446972 4.73301 0.473959 7.84489e-07 -0.0405588 -0.000512732 0.394966 -0.218918 0.321344 -0.171736 
453 0.593055 0.279975 3.79044 0.682986 1.99787e-06 -0.0471171 -0.000838212 0.394966 -0.218918 0.321344 -0.171736 
454 0.585696 0.318649 4.06869 0.683085 1.39503e-06 -0.0473816 -0.000847177 0.394966 -0.218918 0.321344 -0.171736 
455 0.578798 0.350889 4.29517 0.679909 1.04964e-06 -0.0464144 -0.000750601 0.394966 -0.218918 0.321344 -0.171736 
456 0.566779 0.393063 4.72267 0.673067 6.86983e-07 -0.0437865 -0.000707561 0.394966 -0.218918 0.321344 -0.171736 
457 0.573896 0.298206 3.9666 0.91899 4.15402e-07 -0.083389 -0.00100911 0.394966 -0.218918 0.321344 -0.171736 
458 0.553772 0.369358 4.78048 0.878268 2.68345e-07 -0.0608458 -0.00158054 0.394966 -0.218918 0.321344 -0.171736 
459 0.324122 0.420749 5.70475 0.324245 2.65571e-06 -0.0379053 -0.000411367 0.394966 -0.218918 0.321344 -0.171736 
460 0.324118 0.450325 5.89916 0.319584 1.99685e-06 -0.0423438 -0.000483049 0.394966 -0.218918 0.321344 -0.171736 
461 0.323866 0.47407 6.04207 0.302922 1.58349e-06 -0.0453411 -0.000532016 0.394966 -0.218918 0.321344 -0.171736 
462 0.324402 0.497196 6.17956 0.303716 1.25901e-06 -0.0494652 -0.000601288 0.394966 -0.218918 0.321344 -0.171736 
463 0.324334 0.52354 6.33146 0.296432 9.64874e-07 -0.0538019 -0.000670626 0.394966 -0.218918 0.321344 -0.171736 
464 0.324298 0.557083 6.55408 0.290327 6.72144e-07 -0.0595587 -0.000782006 0.394966 -0.218918 0.321344 -0.171736 
465 0.324184 0.602615 7.24152 0.276803 3.4805e-07 -0.0628152 -0.00141444 0.394966 -0.218918 0.321344 -0.171736 
466 0.374212 0.423009 5.71812 0.338236 1.84577e-06 -0.0342217 -0.000393181 0.394966 -0.218918 0.321344 -0.171736 
467 0.374036 0.45615 5.93288 0.318894 1.33734e-06 -0.0373059 -0.000442443 0.394966 -0.218918 0.321344 -0.171736 
468 0.373726 0.484372 6.11713 0.307619 1.00847e-06 -0.0402745 -0.000494126 0.394966 -0.218918 0.321344 -0.171736 
469 0.374312 0.514016 6.27523 0.301563 7.51198e-07 -0.044194 -0.000558597 0.394966 -0.218918 0.321344 -0.171736 
470 0.374312 0.551086 6.50842 0.29225 5.06394e-07 -0.0489823 -0.000641648 0.394966 -0.218918 0.321344 -0.171736 
471 0.374135 0.598812 7.18978 0.280454 2.57942e-07 -0.0520397 -0.0011687 0.394966 -0.218918 0.321344 -0.171736 
472 0.446375 0.442325 5.82809 0.128158 5.23478e-07 -0.0139411 -0.000153037 0.394966 -0.218918 0.321344 -0.171736 
473 0.44663 0.501217 6.21993 0.125435 2.85971e-07 -0.0160911 -0.000192532 0.394966 -0.218918 0.321344 -0.171736 
474 0.44561 0.565796 6.76677 0.127532 1.41299e-07 -0.0193896 -0.000317316 0.394966 -0.218918 0.321344 -0.171736 
475 0.447476 0.433439 5.79035 0.291638 9.85667e-07 -0.0271043 -0.000340819 0.394966 -0.218918 0.321344 -0.171736 
476 0.447877 0.482395 6.08736 0.290162 6.14292e-07 -0.0311316 -0.000420863 0.394966 -0.218918 0.321344 -0.171736 
477 0.447436 0.534392 6.35162 0.292103 3.74049e-07 -0.0369577 -0.000481393 0.394966 -0.218918 0.321344 -0.171736 
478 0.446975 0.591247 7.02268 0.292626 1.80116e-07 -0.0415945 -0.000941115 0.394966 -0.218918 0.321344 -0.171736 
479 0.447187 0.439602 5.837 0.582017 6.88706e-07 -0.0382102 -0.000598062 0.394966 -0.218918 0.321344 -0.171736 
480 0.446715 0.506628 6.25191 0.544988 3.95309e-07 -0.04588 -0.000781379 0.394966 -0.218918 0.321344 -0.171736 
481 0.444649 0.57373 6.84861 0.496646 2.0589e-07 -0.0532475 -0.00169262 0.394966 -0.218918 0.321344 -0.171736 
482 0.58159 0.421819 5.70613 0.235598 4.27213e-07 -0.0170059 -0.000191043 0.394966 -0.218918 0.321344 -0.171736 
483 0.582902 0.450611 5.88822 0.229095 3.16148e-07 -0.0172574 -0.000203709 0.394966 -0.218918 0.321344 -0.171736 
484 0.583035 0.474518 6.05133 0.226903 2.47491e-07 -0.0177274 -0.000214215 0.394966 -0.218918 0.321344 -0.171736 
485 0.577836 0.499494 6.21253 0.220368 1.95553e-07 -0.0182262 -0.00022676 0.394966 -0.218918 0.321344 -0.171736 
486 0.567198 0.530586 6.43677 0.221959 1.50704e-07 -0.0199959 -0.000258223 0.394966 -0.218918 0.321344 -0.171736 
487 0.549886 0.577387 6.9501 0.218707 9.06444e-08 -0.0230947 -0.000407033 0.394966 -0.218918 0.321344 -0.171736 
488 0.580732 0.435028 5.81416 0.554298 4.02188e-07 -0.032191 -0.000603336 0.394966 -0.218918 0.321344 -0.171736 
