2
0	5
0 	0 	0.573297 	4.21061 	0.246917 	0.314118 	0.649515 	0.00955441 	2.41562e+06 	6.24828 	1.02429 	1.01298 	1.01298
0 	1 	0.574314 	4.47855 	0.23948 	0.345013 	0.62863 	0.00997043 	2.41314e+06 	6.24828 	1.04197 	1.02099 	1.02099
0 	2 	0.57428 	4.62452 	0.224304 	0.376358 	0.595561 	0.0104622 	2.37643e+06 	6.28319 	1.04678 	1.02372 	1.02372
0 	3 	0.573243 	4.43164 	0.229827 	0.427582 	0.523168 	0.0111035 	2.39238e+06 	6.28319 	1.00453 	1.00308 	1.00308
0 	4 	0.572161 	4.45681 	0.22302 	0.477007 	0.506044 	0.0213569 	732802 	6.17847 	1.04287 	1.03159 	1.03159
1	3
1 	0 	0.574522 	4.27339 	0.592585 	0.31875 	0.649704 	0.00964472 	2.42484e+06 	6.10865 	1.66577 	1.33664 	1.33664
1 	1 	0.574262 	4.60634 	0.564778 	0.371826 	0.602021 	0.0104913 	2.34229e+06 	5.48033 	2.04769 	1.57757 	1.57757
1 	2 	0.57177 	4.53046 	0.487196 	0.437592 	0.519657 	0.0270603 	412892 	3.38594 	1.16726 	1.21111 	1.21111
