    0   0.323289   0.099398   1.196120   0.155621 4.816440e-04 -1.248700e-02 -1.390213e-02 1.560423e-03 3.949660e-01 -2.189180e-01 3.213440e-01 -1.717360e-01
    1   0.323952   0.122419   1.345930   0.142197 2.982790e-04 -1.524920e-02 -1.533610e-02 1.547511e-03 3.949660e-01 -2.189180e-01 3.213440e-01 -1.717360e-01
    2   0.323560   0.138142   1.418290   0.133495 2.306420e-04 -1.680140e-02 -1.691855e-02 1.572071e-03 3.949660e-01 -2.189180e-01 3.213440e-01 -1.717360e-01
    3   0.324387   0.153110   1.487860   0.124952 1.790390e-04 -1.773430e-02 -2.002305e-02 1.624333e-03 3.949660e-01 -2.189180e-01 3.213440e-01 -1.717360e-01
    4   0.324596   0.168458   1.560580   0.120858 1.432410e-04 -1.885020e-02 -1.995475e-02 1.723319e-03 3.949660e-01 -2.189180e-01 3.213440e-01 -1.717360e-01
    5   0.324594   0.185650   1.590580   0.114800 1.193260e-04 -1.990010e-02 -2.184323e-02 1.807629e-03 3.949660e-01 -2.189180e-01 3.213440e-01 -1.717360e-01
    6   0.324757   0.208780   1.667200   0.113439 9.327980e-05 -2.158040e-02 -1.988532e-02 1.861351e-03 3.949660e-01 -2.189180e-01 3.213440e-01 -1.717360e-01
    7   0.324786   0.250922   1.780840   0.121791 6.737010e-05 -2.606490e-02 -2.412172e-02 2.157971e-03 3.949660e-01 -2.189180e-01 3.213440e-01 -1.717360e-01
    8   0.323651   0.076189   1.121630   0.321626 8.904510e-04 -1.112460e-02 -1.235857e-02 9.829567e-04 3.949660e-01 -2.189180e-01 3.213440e-01 -1.717360e-01
    9   0.324247   0.092035   1.219370   0.311297 6.591970e-04 -1.630620e-02 -1.574795e-02 1.028787e-03 3.949660e-01 -2.189180e-01 3.213440e-01 -1.717360e-01
   10   0.324050   0.105001   1.324050   0.305350 5.058480e-04 -1.967590e-02 -1.815725e-02 1.044974e-03 3.949660e-01 -2.189180e-01 3.213440e-01 -1.717360e-01
   11   0.324577   0.117915   1.425850   0.299537 3.947060e-04 -2.277470e-02 -2.507906e-02 1.122759e-03 3.949660e-01 -2.189180e-01 3.213440e-01 -1.717360e-01
   12   0.324637   0.132085   1.516750   0.297079 3.159040e-04 -2.632900e-02 -2.724166e-02 1.184071e-03 3.949660e-01 -2.189180e-01 3.213440e-01 -1.717360e-01
   13   0.324609   0.150610   1.562290   0.292376 2.653780e-04 -3.157690e-02 -3.257425e-02 1.372586e-03 3.949660e-01 -2.189180e-01 3.213440e-01 -1.717360e-01
   14   0.324835   0.179501   1.594510   0.295005 2.150430e-04 -3.938390e-02 -4.270437e-02 1.568979e-03 3.949660e-01 -2.189180e-01 3.213440e-01 -1.717360e-01
   15   0.325317   0.233616   1.727030   0.295863 1.320920e-04 -4.872890e-02 -4.713434e-02 1.986856e-03 3.949660e-01 -2.189180e-01 3.213440e-01 -1.717360e-01
   16   0.323630   0.067772   1.099210   0.501271 6.791450e-04 -8.021200e-03 -6.487844e-03 1.069854e-03 3.949660e-01 -2.189180e-01 3.213440e-01 -1.717360e-01
   17   0.324001   0.081119   1.185660   0.492717 5.328050e-04 -1.309690e-02 -1.393104e-02 1.141965e-03 3.949660e-01 -2.189180e-01 3.213440e-01 -1.717360e-01
   18   0.324776   0.092382   1.278570   0.489882 4.214630e-04 -1.674150e-02 -1.509366e-02 1.148457e-03 3.949660e-01 -2.189180e-01 3.213440e-01 -1.717360e-01
   19   0.324716   0.104840   1.375980   0.489778 3.318710e-04 -2.065400e-02 -2.017860e-02 1.197797e-03 3.949660e-01 -2.189180e-01 3.213440e-01 -1.717360e-01
   20   0.324546   0.119201   1.478430   0.489177 2.607130e-04 -2.502820e-02 -2.662895e-02 1.197705e-03 3.949660e-01 -2.189180e-01 3.213440e-01 -1.717360e-01
   21   0.324599   0.138060   1.529630   0.491000 2.135650e-04 -3.190280e-02 -3.381703e-02 1.217865e-03 3.949660e-01 -2.189180e-01 3.213440e-01 -1.717360e-01
   22   0.324689   0.167985   1.576120   0.488847 1.678990e-04 -4.148560e-02 -3.949854e-02 1.344119e-03 3.949660e-01 -2.189180e-01 3.213440e-01 -1.717360e-01
   23   0.324851   0.224280   1.716500   0.486719 1.007970e-04 -5.316440e-02 -5.439055e-02 2.085888e-03 3.949660e-01 -2.189180e-01 3.213440e-01 -1.717360e-01
   24   0.325975   0.063819   1.076310   0.673604 2.167070e-04 -7.979150e-03 -8.500368e-03 2.005615e-03 3.949660e-01 -2.189180e-01 3.213440e-01 -1.717360e-01
   25   0.326255   0.074581   1.168170   0.671438 1.725840e-04 -1.229440e-02 -1.337342e-02 2.029558e-03 3.949660e-01 -2.189180e-01 3.213440e-01 -1.717360e-01
   26   0.326636   0.084399   1.239960   0.668416 1.466290e-04 -1.637190e-02 -1.741473e-02 2.083485e-03 3.949660e-01 -2.189180e-01 3.213440e-01 -1.717360e-01
   27   0.327060   0.094851   1.334140   0.666585 1.212490e-04 -1.993470e-02 -1.731572e-02 2.175939e-03 3.949660e-01 -2.189180e-01 3.213440e-01 -1.717360e-01
   28   0.326922   0.107269   1.453340   0.666294 9.586840e-05 -2.368590e-02 -2.423459e-02 2.255464e-03 3.949660e-01 -2.189180e-01 3.213440e-01 -1.717360e-01
   29   0.326864   0.122629   1.593380   0.666007 7.358320e-05 -2.806000e-02 -2.932182e-02 2.460527e-03 3.949660e-01 -2.189180e-01 3.213440e-01 -1.717360e-01
   30   0.327970   0.144654   1.675190   0.660695 5.979400e-05 -3.629520e-02 -3.072428e-02 2.978713e-03 3.949660e-01 -2.189180e-01 3.213440e-01 -1.717360e-01
   31   0.330396   0.192561   1.783950   0.642286 4.461390e-05 -4.953140e-02 -4.136509e-02 6.223426e-03 3.949660e-01 -2.189180e-01 3.213440e-01 -1.717360e-01
   32   0.332591   0.063689   1.084990   0.847448 -1.160990e-04 2.665760e-03 5.785308e-03 7.897410e-03 3.949660e-01 -2.189180e-01 3.213440e-01 -1.717360e-01
   33   0.333718   0.077174   1.243750   0.842458 -6.443290e-05 6.078200e-03 3.605439e-03 9.331628e-03 3.949660e-01 -2.189180e-01 3.213440e-01 -1.717360e-01
   34   0.333782   0.093243   1.447280   0.840933 -3.423960e-05 1.159170e-02 8.117741e-03 1.065737e-02 3.949660e-01 -2.189180e-01 3.213440e-01 -1.717360e-01
   35   0.333727   0.118291   1.739870   0.840046 -1.522310e-05 2.372350e-02 8.403319e-03 1.287078e-02 3.949660e-01 -2.189180e-01 3.213440e-01 -1.717360e-01
   36   0.374142   0.104203   1.204660   0.153351 3.247840e-04 -1.387890e-02 -1.576192e-02 1.726801e-03 3.949660e-01 -2.189180e-01 3.213440e-01 -1.717360e-01
   37   0.374198   0.127521   1.358000   0.140494 2.009960e-04 -1.639770e-02 -1.735519e-02 1.753801e-03 3.949660e-01 -2.189180e-01 3.213440e-01 -1.717360e-01
   38   0.373925   0.143268   1.435570   0.131906 1.540950e-04 -1.764940e-02 -1.717677e-02 1.760598e-03 3.949660e-01 -2.189180e-01 3.213440e-01 -1.717360e-01
   39   0.374843   0.157905   1.481100   0.127218 1.275410e-04 -1.900170e-02 -1.572764e-02 1.851750e-03 3.949660e-01 -2.189180e-01 3.213440e-01 -1.717360e-01
   40   0.374058   0.173387   1.546130   0.121623 1.027380e-04 -1.973980e-02 -2.085963e-02 1.921965e-03 3.949660e-01 -2.189180e-01 3.213440e-01 -1.717360e-01
   41   0.373825   0.191043   1.601780   0.118961 8.453150e-05 -2.087170e-02 -1.713282e-02 1.947436e-03 3.949660e-01 -2.189180e-01 3.213440e-01 -1.717360e-01
   42   0.374668   0.214013   1.679510   0.114596 6.433440e-05 -2.162380e-02 -2.053442e-02 2.087755e-03 3.949660e-01 -2.189180e-01 3.213440e-01 -1.717360e-01
   43   0.374414   0.253709   1.789810   0.125422 4.825760e-05 -2.551170e-02 -2.565294e-02 2.458684e-03 3.949660e-01 -2.189180e-01 3.213440e-01 -1.717360e-01
   44   0.373005   0.078884   1.125560   0.324380 6.373950e-04 -1.330430e-02 -1.246459e-02 1.126771e-03 3.949660e-01 -2.189180e-01 3.213440e-01 -1.717360e-01
   45   0.373835   0.095202   1.226020   0.312949 4.683900e-04 -1.886440e-02 -2.042568e-02 1.165460e-03 3.949660e-01 -2.189180e-01 3.213440e-01 -1.717360e-01
   46   0.373815   0.108043   1.327650   0.305147 3.610850e-04 -2.224730e-02 -2.154555e-02 1.151529e-03 3.949660e-01 -2.189180e-01 3.213440e-01 -1.717360e-01
   47   0.374111   0.121379   1.436620   0.302781 2.784330e-04 -2.551840e-02 -2.728122e-02 1.214238e-03 3.949660e-01 -2.189180e-01 3.213440e-01 -1.717360e-01
   48   0.374700   0.135784   1.517370   0.298032 2.251450e-04 -2.923320e-02 -2.551450e-02 1.317656e-03 3.949660e-01 -2.189180e-01 3.213440e-01 -1.717360e-01
   49   0.374696   0.153394   1.563610   0.293266 1.900750e-04 -3.400340e-02 -3.358463e-02 1.461766e-03 3.949660e-01 -2.189180e-01 3.213440e-01 -1.717360e-01
   50   0.374314   0.180238   1.591230   0.292415 1.576660e-04 -4.073990e-02 -4.035841e-02 1.800203e-03 3.949660e-01 -2.189180e-01 3.213440e-01 -1.717360e-01
   51   0.374679   0.232882   1.730080   0.291610 9.703220e-05 -4.815680e-02 -4.797486e-02 2.044262e-03 3.949660e-01 -2.189180e-01 3.213440e-01 -1.717360e-01
   52   0.373625   0.069485   1.102860   0.502583 5.110970e-04 -1.010130e-02 -1.093331e-02 1.173354e-03 3.949660e-01 -2.189180e-01 3.213440e-01 -1.717360e-01
   53   0.374246   0.083087   1.185480   0.496074 3.996320e-04 -1.609770e-02 -1.658486e-02 1.266349e-03 3.949660e-01 -2.189180e-01 3.213440e-01 -1.717360e-01
   54   0.374095   0.093909   1.273260   0.491328 3.234750e-04 -1.998030e-02 -2.280828e-02 1.310156e-03 3.949660e-01 -2.189180e-01 3.213440e-01 -1.717360e-01
   55   0.374371   0.105814   1.373150   0.491773 2.537860e-04 -2.396290e-02 -2.228583e-02 1.348568e-03 3.949660e-01 -2.189180e-01 3.213440e-01 -1.717360e-01
   56   0.374314   0.120126   1.476690   0.490542 1.993390e-04 -2.871790e-02 -2.996421e-02 1.347908e-03 3.949660e-01 -2.189180e-01 3.213440e-01 -1.717360e-01
   57   0.374337   0.138741   1.526260   0.491139 1.651400e-04 -3.615830e-02 -3.509897e-02 1.409701e-03 3.949660e-01 -2.189180e-01 3.213440e-01 -1.717360e-01
   58   0.374467   0.168058   1.550690   0.493358 1.325610e-04 -4.665190e-02 -4.673523e-02 1.424456e-03 3.949660e-01 -2.189180e-01 3.213440e-01 -1.717360e-01
   59   0.374271   0.223079   1.690170   0.494658 7.949690e-05 -5.757460e-02 -5.541842e-02 1.971025e-03 3.949660e-01 -2.189180e-01 3.213440e-01 -1.717360e-01
   60   0.374681   0.065600   1.087750   0.683082 1.745400e-04 -1.014040e-02 -1.176176e-02 1.705791e-03 3.949660e-01 -2.189180e-01 3.213440e-01 -1.717360e-01
   61   0.375495   0.078036   1.180270   0.679348 1.382380e-04 -1.628580e-02 -1.330897e-02 1.781349e-03 3.949660e-01 -2.189180e-01 3.213440e-01 -1.717360e-01
   62   0.375213   0.088871   1.258670   0.677644 1.141820e-04 -2.144050e-02 -2.228342e-02 1.794436e-03 3.949660e-01 -2.189180e-01 3.213440e-01 -1.717360e-01
   63   0.375426   0.100741   1.354530   0.676997 9.209760e-05 -2.638360e-02 -2.307370e-02 1.829659e-03 3.949660e-01 -2.189180e-01 3.213440e-01 -1.717360e-01
   64   0.375320   0.114788   1.463980   0.675215 7.375550e-05 -3.167300e-02 -3.042759e-02 1.918584e-03 3.949660e-01 -2.189180e-01 3.213440e-01 -1.717360e-01
   65   0.375598   0.131815   1.555850   0.674690 5.868650e-05 -3.877510e-02 -3.574632e-02 2.048036e-03 3.949660e-01 -2.189180e-01 3.213440e-01 -1.717360e-01
   66   0.375752   0.158588   1.628910   0.670713 4.601860e-05 -4.957140e-02 -5.062268e-02 2.493454e-03 3.949660e-01 -2.189180e-01 3.213440e-01 -1.717360e-01
   67   0.376770   0.210798   1.755930   0.660295 3.063620e-05 -6.268970e-02 -6.561753e-02 4.802878e-03 3.949660e-01 -2.189180e-01 3.213440e-01 -1.717360e-01
   68   0.377180   0.062517   1.065300   0.875796 -9.429030e-05 3.277380e-03 -1.268163e-02 4.904039e-03 3.949660e-01 -2.189180e-01 3.213440e-01 -1.717360e-01
   69   0.377428   0.071474   1.147160   0.871990 -6.862150e-05 5.712880e-03 -8.646841e-04 5.253882e-03 3.949660e-01 -2.189180e-01 3.213440e-01 -1.717360e-01
   70   0.377815   0.079374   1.221320   0.867409 -5.100450e-05 8.754590e-03 1.577631e-02 5.550802e-03 3.949660e-01 -2.189180e-01 3.213440e-01 -1.717360e-01
   71   0.378167   0.087885   1.312060   0.865713 -3.735720e-05 1.239160e-02 9.707429e-03 5.902474e-03 3.949660e-01 -2.189180e-01 3.213440e-01 -1.717360e-01
   72   0.378569   0.098221   1.435670   0.865034 -2.527500e-05 1.770900e-02 7.468855e-03 5.947880e-03 3.949660e-01 -2.189180e-01 3.213440e-01 -1.717360e-01
   73   0.379068   0.111257   1.571070   0.865395 -1.714010e-05 2.486020e-02 2.584662e-02 6.673237e-03 3.949660e-01 -2.189180e-01 3.213440e-01 -1.717360e-01
   74   0.379303   0.127825   1.716390   0.861736 -1.079000e-05 3.822340e-02 4.432992e-02 7.302752e-03 3.949660e-01 -2.189180e-01 3.213440e-01 -1.717360e-01
   75   0.382492   0.158792   1.805060   0.845714 -5.990430e-06 7.860050e-02 9.063088e-02 1.357778e-02 3.949660e-01 -2.189180e-01 3.213440e-01 -1.717360e-01
   76   0.387725   0.083630   1.354270   1.030480 -7.962040e-05 4.898210e-04 2.797886e-02 1.589381e-02 3.949660e-01 -2.189180e-01 3.213440e-01 -1.717360e-01
   77   0.445078   0.109386   1.213940   0.151811 1.936010e-04 -1.522430e-02 -1.586443e-02 1.433649e-03 3.949660e-01 -2.189180e-01 3.213440e-01 -1.717360e-01
   78   0.444967   0.132454   1.343250   0.138164 1.244530e-04 -1.747230e-02 -1.858673e-02 1.431237e-03 3.949660e-01 -2.189180e-01 3.213440e-01 -1.717360e-01
   79   0.446354   0.148132   1.428920   0.129007 9.239810e-05 -1.822180e-02 -2.084288e-02 1.454961e-03 3.949660e-01 -2.189180e-01 3.213440e-01 -1.717360e-01
   80   0.447157   0.162696   1.492510   0.124386 7.433460e-05 -1.909510e-02 -2.124983e-02 1.530000e-03 3.949660e-01 -2.189180e-01 3.213440e-01 -1.717360e-01
   81   0.446432   0.176935   1.523210   0.123443 6.556750e-05 -2.038960e-02 -2.134000e-02 1.565406e-03 3.949660e-01 -2.189180e-01 3.213440e-01 -1.717360e-01
   82   0.448080   0.192978   1.595320   0.119540 5.187860e-05 -2.074180e-02 -2.022241e-02 1.617169e-03 3.949660e-01 -2.189180e-01 3.213440e-01 -1.717360e-01
   83   0.446749   0.215179   1.681690   0.119805 4.115080e-05 -2.180020e-02 -2.107120e-02 1.656948e-03 3.949660e-01 -2.189180e-01 3.213440e-01 -1.717360e-01
   84   0.447757   0.253663   1.786750   0.125975 2.997750e-05 -2.396980e-02 -2.553526e-02 1.977709e-03 3.949660e-01 -2.189180e-01 3.213440e-01 -1.717360e-01
   85   0.443170   0.083512   1.131870   0.325648 3.989870e-04 -1.676740e-02 -1.700349e-02 9.544592e-04 3.949660e-01 -2.189180e-01 3.213440e-01 -1.717360e-01
   86   0.445535   0.100601   1.250930   0.315697 2.797780e-04 -2.243830e-02 -2.314940e-02 9.724088e-04 3.949660e-01 -2.189180e-01 3.213440e-01 -1.717360e-01
   87   0.446021   0.114043   1.339640   0.306931 2.192310e-04 -2.628410e-02 -2.433917e-02 9.857785e-04 3.949660e-01 -2.189180e-01 3.213440e-01 -1.717360e-01
   88   0.446760   0.127326   1.437290   0.302248 1.715320e-04 -2.952190e-02 -3.063786e-02 9.930492e-04 3.949660e-01 -2.189180e-01 3.213440e-01 -1.717360e-01
   89   0.447262   0.141684   1.510640   0.298472 1.403580e-04 -3.315810e-02 -3.347070e-02 1.066883e-03 3.949660e-01 -2.189180e-01 3.213440e-01 -1.717360e-01
   90   0.448810   0.159390   1.568300   0.294692 1.153240e-04 -3.744090e-02 -3.942897e-02 1.178706e-03 3.949660e-01 -2.189180e-01 3.213440e-01 -1.717360e-01
   91   0.448274   0.186023   1.608450   0.291607 9.426270e-05 -4.295010e-02 -4.251135e-02 1.445738e-03 3.949660e-01 -2.189180e-01 3.213440e-01 -1.717360e-01
   92   0.448599   0.238414   1.739050   0.291541 5.892550e-05 -4.838410e-02 -4.897488e-02 1.570181e-03 3.949660e-01 -2.189180e-01 3.213440e-01 -1.717360e-01
   93   0.444117   0.071982   1.109800   0.504804 3.440260e-04 -1.329860e-02 -1.347610e-02 9.483329e-04 3.949660e-01 -2.189180e-01 3.213440e-01 -1.717360e-01
   94   0.446220   0.086059   1.189700   0.497183 2.684700e-04 -2.057770e-02 -2.108258e-02 1.012688e-03 3.949660e-01 -2.189180e-01 3.213440e-01 -1.717360e-01
   95   0.447198   0.097363   1.282180   0.492621 2.131410e-04 -2.513940e-02 -2.627811e-02 1.012574e-03 3.949660e-01 -2.189180e-01 3.213440e-01 -1.717360e-01
   96   0.447687   0.109798   1.383770   0.490637 1.673120e-04 -2.978140e-02 -3.182558e-02 1.086212e-03 3.949660e-01 -2.189180e-01 3.213440e-01 -1.717360e-01
   97   0.447536   0.123736   1.488540   0.488988 1.317830e-04 -3.467630e-02 -3.487793e-02 1.166396e-03 3.949660e-01 -2.189180e-01 3.213440e-01 -1.717360e-01
   98   0.448011   0.141544   1.535180   0.489826 1.102850e-04 -4.247460e-02 -4.067626e-02 1.275254e-03 3.949660e-01 -2.189180e-01 3.213440e-01 -1.717360e-01
   99   0.447815   0.170506   1.551830   0.490996 9.081910e-05 -5.358570e-02 -5.307131e-02 1.320940e-03 3.949660e-01 -2.189180e-01 3.213440e-01 -1.717360e-01
  100   0.446958   0.224981   1.692830   0.490397 5.534960e-05 -6.321530e-02 -6.543230e-02 1.762706e-03 3.949660e-01 -2.189180e-01 3.213440e-01 -1.717360e-01
  101   0.445534   0.067194   1.093220   0.692231 1.357470e-04 -1.323880e-02 -1.297269e-02 1.280108e-03 3.949660e-01 -2.189180e-01 3.213440e-01 -1.717360e-01
  102   0.447656   0.080060   1.181530   0.688360 1.069850e-04 -2.112890e-02 -2.046262e-02 1.355489e-03 3.949660e-01 -2.189180e-01 3.213440e-01 -1.717360e-01
  103   0.448229   0.090830   1.261310   0.685233 8.905030e-05 -2.698110e-02 -2.602127e-02 1.408293e-03 3.949660e-01 -2.189180e-01 3.213440e-01 -1.717360e-01
  104   0.448585   0.102853   1.354250   0.684907 7.162500e-05 -3.300820e-02 -3.011216e-02 1.408929e-03 3.949660e-01 -2.189180e-01 3.213440e-01 -1.717360e-01
  105   0.448747   0.116780   1.450160   0.684788 5.726620e-05 -3.975150e-02 -3.968366e-02 1.449108e-03 3.949660e-01 -2.189180e-01 3.213440e-01 -1.717360e-01
  106   0.448924   0.134236   1.513930   0.683546 4.710980e-05 -4.916620e-02 -4.909886e-02 1.446882e-03 3.949660e-01 -2.189180e-01 3.213440e-01 -1.717360e-01
  107   0.448068   0.160842   1.560570   0.684017 3.686740e-05 -6.254740e-02 -6.354297e-02 1.594950e-03 3.949660e-01 -2.189180e-01 3.213440e-01 -1.717360e-01
  108   0.445940   0.207840   1.711440   0.678505 2.402160e-05 -7.385410e-02 -7.215952e-02 2.403252e-03 3.949660e-01 -2.189180e-01 3.213440e-01 -1.717360e-01
  109   0.452098   0.063837   1.076040   0.885890 -3.664960e-05 1.137020e-02 8.476074e-03 2.560421e-03 3.949660e-01 -2.189180e-01 3.213440e-01 -1.717360e-01
  110   0.452700   0.074596   1.161500   0.883176 -2.530140e-05 2.115770e-02 2.333134e-02 2.565619e-03 3.949660e-01 -2.189180e-01 3.213440e-01 -1.717360e-01
  111   0.453522   0.084420   1.231570   0.882206 -1.923950e-05 3.126760e-02 2.802012e-02 2.553928e-03 3.949660e-01 -2.189180e-01 3.213440e-01 -1.717360e-01
  112   0.454081   0.094780   1.318230   0.879486 -1.310270e-05 4.793300e-02 5.189613e-02 2.666785e-03 3.949660e-01 -2.189180e-01 3.213440e-01 -1.717360e-01
  113   0.454248   0.106750   1.423840   0.879410 -8.855460e-06 6.866700e-02 6.479372e-02 2.768244e-03 3.949660e-01 -2.189180e-01 3.213440e-01 -1.717360e-01
  114   0.454920   0.121567   1.544560   0.878455 -5.497480e-06 1.048090e-01 1.023544e-01 2.833344e-03 3.949660e-01 -2.189180e-01 3.213440e-01 -1.717360e-01
  115   0.455719   0.143231   1.635110   0.874792 -3.868320e-06 1.485170e-01 1.452819e-01 3.249870e-03 3.949660e-01 -2.189180e-01 3.213440e-01 -1.717360e-01
  116   0.457489   0.181619   1.757820   0.864298 -1.886970e-06 2.794850e-01 2.759849e-01 5.603413e-03 3.949660e-01 -2.189180e-01 3.213440e-01 -1.717360e-01
  117   0.458423   0.061950   1.061830   1.073270 -1.103380e-04 4.005650e-04 -3.543198e-03 5.363499e-03 3.949660e-01 -2.189180e-01 3.213440e-01 -1.717360e-01
  118   0.459929   0.069961   1.135910   1.070850 -8.623330e-05 7.049320e-04 -4.008601e-03 6.045392e-03 3.949660e-01 -2.189180e-01 3.213440e-01 -1.717360e-01
  119   0.461182   0.077481   1.211630   1.068170 -6.833400e-05 1.097940e-03 -4.429025e-03 6.054457e-03 3.949660e-01 -2.189180e-01 3.213440e-01 -1.717360e-01
  120   0.462310   0.085806   1.300940   1.067290 -5.317200e-05 1.591750e-03 -1.766053e-03 6.528978e-03 3.949660e-01 -2.189180e-01 3.213440e-01 -1.717360e-01
  121   0.463076   0.095787   1.414060   1.066210 -3.969080e-05 2.315120e-03 6.462588e-03 6.853122e-03 3.949660e-01 -2.189180e-01 3.213440e-01 -1.717360e-01
  122   0.463406   0.108682   1.554500   1.065610 -2.840920e-05 3.308990e-03 9.346147e-03 7.255658e-03 3.949660e-01 -2.189180e-01 3.213440e-01 -1.717360e-01
  123   0.464232   0.126136   1.720580   1.064550 -1.949140e-05 4.700300e-03 -4.190226e-03 8.238644e-03 3.949660e-01 -2.189180e-01 3.213440e-01 -1.717360e-01
  124   0.471141   0.154415   1.814330   1.050930 -1.385430e-05 7.044360e-03 -1.382743e-02 1.659100e-02 3.949660e-01 -2.189180e-01 3.213440e-01 -1.717360e-01
  125   0.479512   0.084576   1.349400   1.239820 -5.204690e-05 -4.572400e-04 -7.824699e-03 1.423097e-02 3.949660e-01 -2.189180e-01 3.213440e-01 -1.717360e-01
  126   0.577505   0.115758   1.222780   0.147951 8.152150e-05 -1.644860e-02 -1.860936e-02 1.426097e-03 3.949660e-01 -2.189180e-01 3.213440e-01 -1.717360e-01
  127   0.585380   0.137773   1.341330   0.134468 5.087880e-05 -1.856730e-02 -1.893099e-02 1.460832e-03 3.949660e-01 -2.189180e-01 3.213440e-01 -1.717360e-01
  128   0.583715   0.152636   1.417630   0.128436 3.998500e-05 -1.925360e-02 -1.907311e-02 1.465191e-03 3.949660e-01 -2.189180e-01 3.213440e-01 -1.717360e-01
  129   0.583462   0.166495   1.480820   0.125382 3.282870e-05 -1.998880e-02 -1.850504e-02 1.491005e-03 3.949660e-01 -2.189180e-01 3.213440e-01 -1.717360e-01
  130   0.582643   0.180299   1.532540   0.125959 2.838120e-05 -2.101430e-02 -1.926936e-02 1.568427e-03 3.949660e-01 -2.189180e-01 3.213440e-01 -1.717360e-01
  131   0.581740   0.195436   1.606510   0.125202 2.341340e-05 -2.146470e-02 -1.924347e-02 1.620777e-03 3.949660e-01 -2.189180e-01 3.213440e-01 -1.717360e-01
  132   0.579484   0.215829   1.707460   0.123421 1.817780e-05 -2.142320e-02 -2.104140e-02 1.671254e-03 3.949660e-01 -2.189180e-01 3.213440e-01 -1.717360e-01
  133   0.573898   0.250318   1.794920   0.129389 1.443560e-05 -2.234910e-02 -2.475279e-02 2.090478e-03 3.949660e-01 -2.189180e-01 3.213440e-01 -1.717360e-01
  134   0.575524   0.091056   1.150780   0.325944 1.762620e-04 -2.198060e-02 -2.337731e-02 9.724757e-04 3.949660e-01 -2.189180e-01 3.213440e-01 -1.717360e-01
  135   0.581143   0.110867   1.279840   0.314257 1.174420e-04 -2.912180e-02 -2.873131e-02 9.584126e-04 3.949660e-01 -2.189180e-01 3.213440e-01 -1.717360e-01
  136   0.582085   0.125600   1.377440   0.307083 8.986420e-05 -3.317860e-02 -3.284682e-02 9.654265e-04 3.949660e-01 -2.189180e-01 3.213440e-01 -1.717360e-01
  137   0.585255   0.139438   1.456350   0.302250 7.133260e-05 -3.692690e-02 -3.488978e-02 1.023046e-03 3.949660e-01 -2.189180e-01 3.213440e-01 -1.717360e-01
  138   0.585943   0.153735   1.512500   0.298607 5.992930e-05 -4.035840e-02 -4.296080e-02 1.108208e-03 3.949660e-01 -2.189180e-01 3.213440e-01 -1.717360e-01
  139   0.586895   0.170921   1.574290   0.294786 4.924870e-05 -4.355440e-02 -4.426425e-02 1.175355e-03 3.949660e-01 -2.189180e-01 3.213440e-01 -1.717360e-01
  140   0.584413   0.196066   1.651090   0.291382 3.894170e-05 -4.639870e-02 -4.594147e-02 1.361262e-03 3.949660e-01 -2.189180e-01 3.213440e-01 -1.717360e-01
  141   0.572376   0.240949   1.760790   0.286573 2.795070e-05 -4.626520e-02 -4.621585e-02 1.508620e-03 3.949660e-01 -2.189180e-01 3.213440e-01 -1.717360e-01
  142   0.575264   0.077534   1.117490   0.510623 1.757520e-04 -2.059120e-02 -2.026311e-02 9.290328e-04 3.949660e-01 -2.189180e-01 3.213440e-01 -1.717360e-01
  143   0.582687   0.092625   1.208420   0.501867 1.309560e-04 -3.008100e-02 -3.079706e-02 9.568332e-04 3.949660e-01 -2.189180e-01 3.213440e-01 -1.717360e-01
  144   0.584742   0.103918   1.292910   0.495835 1.050290e-04 -3.570680e-02 -3.466151e-02 1.002221e-03 3.949660e-01 -2.189180e-01 3.213440e-01 -1.717360e-01
  145   0.587372   0.115345   1.384280   0.492887 8.341620e-05 -4.076050e-02 -4.095010e-02 1.027154e-03 3.949660e-01 -2.189180e-01 3.213440e-01 -1.717360e-01
  146   0.587172   0.128293   1.477260   0.491908 6.701520e-05 -4.600310e-02 -4.598970e-02 1.067978e-03 3.949660e-01 -2.189180e-01 3.213440e-01 -1.717360e-01
  147   0.588344   0.143912   1.543060   0.489429 5.551470e-05 -5.271900e-02 -5.242122e-02 1.197329e-03 3.949660e-01 -2.189180e-01 3.213440e-01 -1.717360e-01
  148   0.586770   0.167092   1.595790   0.487110 4.586760e-05 -6.141390e-02 -6.346449e-02 1.528822e-03 3.949660e-01 -2.189180e-01 3.213440e-01 -1.717360e-01
  149   0.573461   0.212034   1.728730   0.483689 3.212660e-05 -6.660410e-02 -6.228153e-02 1.891130e-03 3.949660e-01 -2.189180e-01 3.213440e-01 -1.717360e-01
  150   0.576859   0.069932   1.097830   0.696846 9.457630e-05 -1.954810e-02 -1.889789e-02 1.211340e-03 3.949660e-01 -2.189180e-01 3.213440e-01 -1.717360e-01
  151   0.586588   0.082685   1.166470   0.690986 7.554270e-05 -3.083820e-02 -2.846880e-02 1.258507e-03 3.949660e-01 -2.189180e-01 3.213440e-01 -1.717360e-01
  152   0.588846   0.092428   1.242790   0.688646 6.237480e-05 -3.739710e-02 -3.975947e-02 1.288541e-03 3.949660e-01 -2.189180e-01 3.213440e-01 -1.717360e-01
  153   0.590222   0.102891   1.333180   0.688158 5.041030e-05 -4.355230e-02 -4.457431e-02 1.378814e-03 3.949660e-01 -2.189180e-01 3.213440e-01 -1.717360e-01
  154   0.590764   0.114760   1.429270   0.687234 4.071230e-05 -5.005280e-02 -5.112032e-02 1.415849e-03 3.949660e-01 -2.189180e-01 3.213440e-01 -1.717360e-01
  155   0.589546   0.129002   1.515210   0.686038 3.342820e-05 -5.810350e-02 -5.770168e-02 1.516489e-03 3.949660e-01 -2.189180e-01 3.213440e-01 -1.717360e-01
  156   0.585532   0.149361   1.566270   0.683958 2.821950e-05 -7.016310e-02 -6.964485e-02 1.658350e-03 3.949660e-01 -2.189180e-01 3.213440e-01 -1.717360e-01
  157   0.570432   0.188780   1.710920   0.678193 2.007670e-05 -8.037580e-02 -7.733939e-02 2.038972e-03 3.949660e-01 -2.189180e-01 3.213440e-01 -1.717360e-01
  158   0.576775   0.066256   1.082590   0.897079 1.981680e-06 -3.021250e-01 -3.037762e-01 1.946320e-03 3.949660e-01 -2.189180e-01 3.213440e-01 -1.717360e-01
  159   0.589265   0.077174   1.157600   0.891510 5.792470e-06 -1.300120e-01 -1.319231e-01 2.050726e-03 3.949660e-01 -2.189180e-01 3.213440e-01 -1.717360e-01
  160   0.590704   0.085946   1.214920   0.890320 5.781160e-06 -1.430880e-01 -1.423712e-01 2.013719e-03 3.949660e-01 -2.189180e-01 3.213440e-01 -1.717360e-01
  161   0.591504   0.095439   1.292110   0.889422 5.743930e-06 -1.450470e-01 -1.424739e-01 2.023565e-03 3.949660e-01 -2.189180e-01 3.213440e-01 -1.717360e-01
  162   0.590532   0.105810   1.377520   0.887961 5.507740e-06 -1.470570e-01 -1.443390e-01 2.090842e-03 3.949660e-01 -2.189180e-01 3.213440e-01 -1.717360e-01
  163   0.589302   0.118199   1.473460   0.887258 4.964050e-06 -1.543040e-01 -1.538648e-01 2.095441e-03 3.949660e-01 -2.189180e-01 3.213440e-01 -1.717360e-01
  164   0.582604   0.135276   1.573620   0.884872 4.105520e-06 -1.779600e-01 -1.817386e-01 2.104552e-03 3.949660e-01 -2.189180e-01 3.213440e-01 -1.717360e-01
  165   0.565640   0.167139   1.712270   0.876429 3.025090e-06 -2.226030e-01 -2.249018e-01 2.569287e-03 3.949660e-01 -2.189180e-01 3.213440e-01 -1.717360e-01
  166   0.582574   0.063549   1.067390   1.088440 -4.656380e-05 2.459420e-03 1.775990e-03 2.979918e-03 3.949660e-01 -2.189180e-01 3.213440e-01 -1.717360e-01
  167   0.594095   0.072559   1.140800   1.085940 -3.272400e-05 4.753090e-03 4.425731e-03 3.035204e-03 3.949660e-01 -2.189180e-01 3.213440e-01 -1.717360e-01
  168   0.597396   0.079984   1.188220   1.084650 -2.705120e-05 6.899580e-03 7.440796e-03 3.125857e-03 3.949660e-01 -2.189180e-01 3.213440e-01 -1.717360e-01
  169   0.597157   0.087366   1.249970   1.082410 -2.226720e-05 8.911420e-03 1.190293e-02 3.050905e-03 3.949660e-01 -2.189180e-01 3.213440e-01 -1.717360e-01
  170   0.595112   0.096316   1.336910   1.079290 -1.746660e-05 1.133320e-02 8.636472e-03 3.053683e-03 3.949660e-01 -2.189180e-01 3.213440e-01 -1.717360e-01
  171   0.591748   0.107237   1.453180   1.077920 -1.310350e-05 1.403250e-02 1.434929e-02 3.210789e-03 3.949660e-01 -2.189180e-01 3.213440e-01 -1.717360e-01
  172   0.586360   0.121726   1.604790   1.076080 -9.336160e-06 1.764710e-02 1.814140e-02 3.278867e-03 3.949660e-01 -2.189180e-01 3.213440e-01 -1.717360e-01
  173   0.571485   0.145820   1.754260   1.065890 -7.062990e-06 2.594270e-02 2.622003e-02 4.229668e-03 3.949660e-01 -2.189180e-01 3.213440e-01 -1.717360e-01
  174   0.588216   0.061652   1.054170   1.267570 -6.184120e-05 -2.044720e-04 -6.400536e-03 7.620848e-03 3.949660e-01 -2.189180e-01 3.213440e-01 -1.717360e-01
  175   0.598231   0.068515   1.110530   1.266590 -4.810220e-05 3.674360e-05 -2.593446e-03 7.663811e-03 3.949660e-01 -2.189180e-01 3.213440e-01 -1.717360e-01
  176   0.603036   0.074500   1.169160   1.264320 -3.967540e-05 3.933940e-04 -6.433639e-03 7.653142e-03 3.949660e-01 -2.189180e-01 3.213440e-01 -1.717360e-01
  177   0.600754   0.080901   1.237120   1.262300 -3.296410e-05 4.840240e-04 -3.658268e-03 7.739947e-03 3.949660e-01 -2.189180e-01 3.213440e-01 -1.717360e-01
  178   0.600360   0.088316   1.326910   1.260030 -2.613420e-05 8.431500e-04 1.384637e-02 8.045460e-03 3.949660e-01 -2.189180e-01 3.213440e-01 -1.717360e-01
  179   0.597142   0.097661   1.449850   1.259350 -1.993080e-05 1.119690e-03 2.401809e-03 8.181184e-03 3.949660e-01 -2.189180e-01 3.213440e-01 -1.717360e-01
  180   0.593884   0.111625   1.631760   1.256880 -1.366770e-05 1.737160e-03 -4.631278e-04 8.320765e-03 3.949660e-01 -2.189180e-01 3.213440e-01 -1.717360e-01
  181   0.578495   0.131350   1.833940   1.250990 -9.967130e-06 2.604830e-03 2.660163e-04 1.229132e-02 3.949660e-01 -2.189180e-01 3.213440e-01 -1.717360e-01
  182   0.601468   0.077711   1.268820   1.447270 -3.254030e-05 -7.818640e-04 3.417726e-02 1.250533e-02 3.949660e-01 -2.189180e-01 3.213440e-01 -1.717360e-01
  183   0.323830   0.172811   2.195840   0.141554 7.270350e-05 -1.602480e-02 -1.715895e-02 2.393865e-03 3.949660e-01 -2.189180e-01 3.213440e-01 -1.717360e-01
  184   0.324690   0.202285   2.317340   0.128582 5.022750e-05 -1.806710e-02 -1.866942e-02 2.564036e-03 3.949660e-01 -2.189180e-01 3.213440e-01 -1.717360e-01
  185   0.325460   0.223724   2.400030   0.123139 3.953590e-05 -1.929830e-02 -1.867974e-02 2.680158e-03 3.949660e-01 -2.189180e-01 3.213440e-01 -1.717360e-01
  186   0.323956   0.243158   2.491700   0.117304 3.158010e-05 -1.979760e-02 -1.896319e-02 2.761173e-03 3.949660e-01 -2.189180e-01 3.213440e-01 -1.717360e-01
  187   0.324352   0.262403   2.551900   0.114436 2.621460e-05 -2.066820e-02 -1.862585e-02 2.867565e-03 3.949660e-01 -2.189180e-01 3.213440e-01 -1.717360e-01
  188   0.324808   0.284078   2.611350   0.118331 2.257110e-05 -2.273800e-02 -1.930956e-02 2.873718e-03 3.949660e-01 -2.189180e-01 3.213440e-01 -1.717360e-01
  189   0.324725   0.311544   2.701990   0.124242 1.855680e-05 -2.546730e-02 -2.601883e-02 2.955700e-03 3.949660e-01 -2.189180e-01 3.213440e-01 -1.717360e-01
  190   0.323731   0.357574   2.972740   0.129663 1.173390e-05 -2.887250e-02 -2.729952e-02 3.463486e-03 3.949660e-01 -2.189180e-01 3.213440e-01 -1.717360e-01
  191   0.323964   0.151393   2.129880   0.305742 1.325170e-04 -2.170720e-02 -1.892456e-02 2.048353e-03 3.949660e-01 -2.189180e-01 3.213440e-01 -1.717360e-01
  192   0.324466   0.174947   2.256910   0.292884 1.007900e-04 -2.687870e-02 -2.576120e-02 2.253904e-03 3.949660e-01 -2.189180e-01 3.213440e-01 -1.717360e-01
  193   0.325037   0.196068   2.360760   0.292581 8.060600e-05 -3.120160e-02 -3.211085e-02 2.617773e-03 3.949660e-01 -2.189180e-01 3.213440e-01 -1.717360e-01
  194   0.324963   0.217802   2.445140   0.290588 6.597910e-05 -3.511390e-02 -3.625004e-02 3.092935e-03 3.949660e-01 -2.189180e-01 3.213440e-01 -1.717360e-01
  195   0.324454   0.241935   2.538860   0.289931 5.313710e-05 -3.878340e-02 -3.198050e-02 3.329388e-03 3.949660e-01 -2.189180e-01 3.213440e-01 -1.717360e-01
  196   0.324728   0.269081   2.586810   0.291388 4.367680e-05 -4.314100e-02 -4.298437e-02 3.416958e-03 3.949660e-01 -2.189180e-01 3.213440e-01 -1.717360e-01
  197   0.324300   0.302888   2.623590   0.293791 3.492100e-05 -4.826740e-02 -4.442301e-02 3.317705e-03 3.949660e-01 -2.189180e-01 3.213440e-01 -1.717360e-01
  198   0.324564   0.355087   2.916390   0.290789 1.988700e-05 -5.287770e-02 -4.597545e-02 3.791674e-03 3.949660e-01 -2.189180e-01 3.213440e-01 -1.717360e-01
  199   0.324869   0.148085   2.122910   0.486525 1.033430e-04 -2.306400e-02 -1.968212e-02 3.041216e-03 3.949660e-01 -2.189180e-01 3.213440e-01 -1.717360e-01
  200   0.323813   0.173065   2.255980   0.491920 7.708000e-05 -2.998380e-02 -2.741363e-02 3.222964e-03 3.949660e-01 -2.189180e-01 3.213440e-01 -1.717360e-01
  201   0.324230   0.196153   2.344020   0.491410 6.193290e-05 -3.588140e-02 -4.002400e-02 3.167742e-03 3.949660e-01 -2.189180e-01 3.213440e-01 -1.717360e-01
  202   0.324232   0.220438   2.411980   0.492850 5.029040e-05 -4.129290e-02 -4.117292e-02 3.101962e-03 3.949660e-01 -2.189180e-01 3.213440e-01 -1.717360e-01
  203   0.323837   0.245114   2.522810   0.494764 3.933230e-05 -4.513450e-02 -4.647048e-02 3.246696e-03 3.949660e-01 -2.189180e-01 3.213440e-01 -1.717360e-01
  204   0.323763   0.272853   2.548880   0.493208 3.276040e-05 -5.013100e-02 -5.625846e-02 3.573817e-03 3.949660e-01 -2.189180e-01 3.213440e-01 -1.717360e-01
  205   0.324195   0.305201   2.615260   0.495217 2.516430e-05 -5.481380e-02 -6.224899e-02 4.054709e-03 3.949660e-01 -2.189180e-01 3.213440e-01 -1.717360e-01
  206   0.323825   0.355772   2.920420   0.494494 1.446850e-05 -5.973620e-02 -6.685407e-02 5.567662e-03 3.949660e-01 -2.189180e-01 3.213440e-01 -1.717360e-01
  207   0.324857   0.147069   2.114760   0.677185 3.607370e-05 -2.618920e-02 -2.590386e-02 4.211316e-03 3.949660e-01 -2.189180e-01 3.213440e-01 -1.717360e-01
  208   0.325110   0.169662   2.241850   0.676297 2.782220e-05 -3.318500e-02 -3.105083e-02 4.833961e-03 3.949660e-01 -2.189180e-01 3.213440e-01 -1.717360e-01
  209   0.325776   0.189396   2.332210   0.673968 2.301020e-05 -3.852480e-02 -3.671581e-02 5.428529e-03 3.949660e-01 -2.189180e-01 3.213440e-01 -1.717360e-01
  210   0.326270   0.209682   2.422370   0.669918 1.937090e-05 -4.283350e-02 -4.601158e-02 5.999019e-03 3.949660e-01 -2.189180e-01 3.213440e-01 -1.717360e-01
  211   0.326508   0.231732   2.540540   0.669448 1.537830e-05 -4.653360e-02 -4.680639e-02 6.806028e-03 3.949660e-01 -2.189180e-01 3.213440e-01 -1.717360e-01
  212   0.326505   0.256024   2.659780   0.665782 1.240500e-05 -4.967760e-02 -5.306583e-02 7.729319e-03 3.949660e-01 -2.189180e-01 3.213440e-01 -1.717360e-01
  213   0.326872   0.287889   2.781070   0.663132 9.381030e-06 -5.386180e-02 -4.770043e-02 9.287269e-03 3.949660e-01 -2.189180e-01 3.213440e-01 -1.717360e-01
  214   0.327024   0.339717   3.021120   0.656664 5.924140e-06 -5.906500e-02 -4.500351e-02 1.305658e-02 3.949660e-01 -2.189180e-01 3.213440e-01 -1.717360e-01
  215   0.333237   0.175969   2.358560   0.839705 -3.470770e-06 6.601960e-02 6.847158e-02 1.672579e-02 3.949660e-01 -2.189180e-01 3.213440e-01 -1.717360e-01
  216   0.335175   0.267050   3.095300   0.835555 -6.727610e-07 1.562540e-01 6.980012e-02 4.502246e-02 3.949660e-01 -2.189180e-01 3.213440e-01 -1.717360e-01
  217   0.373997   0.174771   2.209690   0.142296 5.016530e-05 -1.635520e-02 -1.720970e-02 2.682792e-03 3.949660e-01 -2.189180e-01 3.213440e-01 -1.717360e-01
  218   0.374305   0.205748   2.317650   0.128524 3.486520e-05 -1.819370e-02 -1.839375e-02 2.819927e-03 3.949660e-01 -2.189180e-01 3.213440e-01 -1.717360e-01
  219   0.373319   0.226568   2.396910   0.123560 2.806370e-05 -1.907630e-02 -1.702283e-02 2.944848e-03 3.949660e-01 -2.189180e-01 3.213440e-01 -1.717360e-01
  220   0.374058   0.245564   2.482560   0.115010 2.178090e-05 -1.879860e-02 -2.305508e-02 3.062872e-03 3.949660e-01 -2.189180e-01 3.213440e-01 -1.717360e-01
  221   0.374271   0.264415   2.555230   0.121774 1.925680e-05 -2.070550e-02 -1.485336e-02 3.101094e-03 3.949660e-01 -2.189180e-01 3.213440e-01 -1.717360e-01
  222   0.374966   0.285729   2.620620   0.122490 1.610900e-05 -2.173710e-02 -1.782697e-02 3.213856e-03 3.949660e-01 -2.189180e-01 3.213440e-01 -1.717360e-01
  223   0.374468   0.312381   2.726660   0.128960 1.319920e-05 -2.373850e-02 -2.541615e-02 3.300019e-03 3.949660e-01 -2.189180e-01 3.213440e-01 -1.717360e-01
  224   0.374347   0.357362   2.987280   0.131425 8.249730e-06 -2.535120e-02 -2.575561e-02 3.949636e-03 3.949660e-01 -2.189180e-01 3.213440e-01 -1.717360e-01
  225   0.373641   0.153832   2.138480   0.307766 9.358980e-05 -2.364300e-02 -2.172406e-02 2.189007e-03 3.949660e-01 -2.189180e-01 3.213440e-01 -1.717360e-01
  226   0.374727   0.177597   2.256870   0.300090 7.165920e-05 -2.906600e-02 -2.717948e-02 2.377135e-03 3.949660e-01 -2.189180e-01 3.213440e-01 -1.717360e-01
  227   0.374420   0.198039   2.361720   0.291828 5.753490e-05 -3.234920e-02 -2.703786e-02 2.662919e-03 3.949660e-01 -2.189180e-01 3.213440e-01 -1.717360e-01
  228   0.374425   0.219640   2.440590   0.291820 4.744000e-05 -3.594600e-02 -3.249380e-02 3.032410e-03 3.949660e-01 -2.189180e-01 3.213440e-01 -1.717360e-01
  229   0.374113   0.243176   2.544100   0.291277 3.794180e-05 -3.868760e-02 -3.560075e-02 3.336676e-03 3.949660e-01 -2.189180e-01 3.213440e-01 -1.717360e-01
  230   0.374731   0.270508   2.588950   0.292021 3.120590e-05 -4.211250e-02 -4.486437e-02 3.537168e-03 3.949660e-01 -2.189180e-01 3.213440e-01 -1.717360e-01
  231   0.374433   0.304414   2.638700   0.294706 2.468490e-05 -4.571240e-02 -4.397579e-02 3.339138e-03 3.949660e-01 -2.189180e-01 3.213440e-01 -1.717360e-01
  232   0.375307   0.357435   2.937850   0.288901 1.381670e-05 -4.771290e-02 -4.989389e-02 3.741672e-03 3.949660e-01 -2.189180e-01 3.213440e-01 -1.717360e-01
  233   0.374908   0.146792   2.115340   0.485618 7.974820e-05 -2.521140e-02 -2.301686e-02 3.074692e-03 3.949660e-01 -2.189180e-01 3.213440e-01 -1.717360e-01
  234   0.374697   0.169959   2.242710   0.485354 6.129710e-05 -3.213330e-02 -3.269049e-02 4.071104e-03 3.949660e-01 -2.189180e-01 3.213440e-01 -1.717360e-01
  235   0.374624   0.191785   2.337970   0.487172 4.913020e-05 -3.781980e-02 -3.837056e-02 4.477258e-03 3.949660e-01 -2.189180e-01 3.213440e-01 -1.717360e-01
  236   0.374401   0.215141   2.420030   0.490864 3.950460e-05 -4.292010e-02 -4.095312e-02 4.298755e-03 3.949660e-01 -2.189180e-01 3.213440e-01 -1.717360e-01
  237   0.373954   0.240413   2.505630   0.490595 3.177080e-05 -4.707790e-02 -4.370759e-02 4.017278e-03 3.949660e-01 -2.189180e-01 3.213440e-01 -1.717360e-01
  238   0.374153   0.267479   2.554320   0.490942 2.595220e-05 -5.109970e-02 -5.020593e-02 4.184486e-03 3.949660e-01 -2.189180e-01 3.213440e-01 -1.717360e-01
  239   0.373795   0.300443   2.605070   0.491378 2.040450e-05 -5.501340e-02 -5.122826e-02 4.561961e-03 3.949660e-01 -2.189180e-01 3.213440e-01 -1.717360e-01
  240   0.373873   0.352628   2.898220   0.490961 1.167020e-05 -5.804880e-02 -5.183691e-02 6.001261e-03 3.949660e-01 -2.189180e-01 3.213440e-01 -1.717360e-01
  241   0.374215   0.148713   2.124300   0.685926 2.920820e-05 -3.013300e-02 -2.685945e-02 4.170278e-03 3.949660e-01 -2.189180e-01 3.213440e-01 -1.717360e-01
  242   0.374606   0.172975   2.242480   0.687998 2.192250e-05 -3.896280e-02 -3.622800e-02 4.439234e-03 3.949660e-01 -2.189180e-01 3.213440e-01 -1.717360e-01
  243   0.374186   0.194573   2.334880   0.686128 1.786700e-05 -4.507350e-02 -4.567678e-02 4.698237e-03 3.949660e-01 -2.189180e-01 3.213440e-01 -1.717360e-01
  244   0.374073   0.216309   2.409480   0.684187 1.479710e-05 -5.022520e-02 -5.081595e-02 5.241373e-03 3.949660e-01 -2.189180e-01 3.213440e-01 -1.717360e-01
  245   0.374321   0.238955   2.503570   0.684037 1.186260e-05 -5.417550e-02 -5.964160e-02 5.730210e-03 3.949660e-01 -2.189180e-01 3.213440e-01 -1.717360e-01
  246   0.375034   0.262982   2.552360   0.680133 1.000290e-05 -5.798680e-02 -5.422326e-02 6.417995e-03 3.949660e-01 -2.189180e-01 3.213440e-01 -1.717360e-01
  247   0.374570   0.292144   2.656330   0.675131 7.946510e-06 -6.052230e-02 -5.855939e-02 7.438333e-03 3.949660e-01 -2.189180e-01 3.213440e-01 -1.717360e-01
  248   0.373806   0.338583   2.973480   0.668480 4.979710e-06 -6.155860e-02 -7.164543e-02 9.936971e-03 3.949660e-01 -2.189180e-01 3.213440e-01 -1.717360e-01
  249   0.377131   0.149110   2.129880   0.872949 -4.616830e-06 5.266270e-02 6.504264e-02 9.676602e-03 3.949660e-01 -2.189180e-01 3.213440e-01 -1.717360e-01
  250   0.377482   0.176186   2.284830   0.869720 -3.185840e-06 7.160070e-02 6.077613e-02 1.217221e-02 3.949660e-01 -2.189180e-01 3.213440e-01 -1.717360e-01
  251   0.378538   0.204682   2.468190   0.863585 -1.790390e-06 1.101310e-01 8.775911e-02 1.415024e-02 3.949660e-01 -2.189180e-01 3.213440e-01 -1.717360e-01
  252   0.378837   0.242085   2.743110   0.860909 -9.214900e-07 1.542200e-01 1.534268e-01 1.645480e-02 3.949660e-01 -2.189180e-01 3.213440e-01 -1.717360e-01
  253   0.378558   0.294339   3.067400   0.853840 -3.753130e-07 2.444180e-01 2.838817e-01 2.621575e-02 3.949660e-01 -2.189180e-01 3.213440e-01 -1.717360e-01
  254   0.445142   0.177581   2.204190   0.143188 3.079700e-05 -1.689120e-02 -1.149791e-02 2.229753e-03 3.949660e-01 -2.189180e-01 3.213440e-01 -1.717360e-01
  255   0.446579   0.208206   2.307640   0.129965 2.144310e-05 -1.824600e-02 -2.040616e-02 2.367894e-03 3.949660e-01 -2.189180e-01 3.213440e-01 -1.717360e-01
  256   0.445850   0.227679   2.356760   0.125666 1.798280e-05 -1.895970e-02 -2.200360e-02 2.463103e-03 3.949660e-01 -2.189180e-01 3.213440e-01 -1.717360e-01
  257   0.447027   0.245503   2.465140   0.122988 1.426780e-05 -1.899730e-02 -1.829983e-02 2.488806e-03 3.949660e-01 -2.189180e-01 3.213440e-01 -1.717360e-01
  258   0.447293   0.263879   2.524260   0.123332 1.221080e-05 -1.961030e-02 -1.592273e-02 2.618308e-03 3.949660e-01 -2.189180e-01 3.213440e-01 -1.717360e-01
  259   0.447163   0.284405   2.629540   0.124347 9.957400e-06 -1.998660e-02 -2.130489e-02 2.643991e-03 3.949660e-01 -2.189180e-01 3.213440e-01 -1.717360e-01
  260   0.445907   0.309100   2.712260   0.128692 8.358020e-06 -2.103210e-02 -2.163420e-02 2.773370e-03 3.949660e-01 -2.189180e-01 3.213440e-01 -1.717360e-01
  261   0.446062   0.352592   2.965910   0.132923 5.344340e-06 -2.170950e-02 -2.566983e-02 3.147221e-03 3.949660e-01 -2.189180e-01 3.213440e-01 -1.717360e-01
  262   0.445198   0.157298   2.148990   0.310988 5.758270e-05 -2.616050e-02 -2.740828e-02 1.752096e-03 3.949660e-01 -2.189180e-01 3.213440e-01 -1.717360e-01
  263   0.446967   0.183616   2.276640   0.302604 4.284770e-05 -3.170610e-02 -3.128176e-02 1.899685e-03 3.949660e-01 -2.189180e-01 3.213440e-01 -1.717360e-01
  264   0.447913   0.205050   2.374150   0.294329 3.416110e-05 -3.464950e-02 -3.453518e-02 2.080959e-03 3.949660e-01 -2.189180e-01 3.213440e-01 -1.717360e-01
  265   0.447468   0.226880   2.476310   0.294356 2.760810e-05 -3.713970e-02 -4.028017e-02 2.364470e-03 3.949660e-01 -2.189180e-01 3.213440e-01 -1.717360e-01
  266   0.447976   0.250194   2.560550   0.290334 2.232690e-05 -3.883150e-02 -3.979352e-02 2.585272e-03 3.949660e-01 -2.189180e-01 3.213440e-01 -1.717360e-01
  267   0.447885   0.276480   2.572640   0.290942 1.915280e-05 -4.124510e-02 -4.062364e-02 2.536083e-03 3.949660e-01 -2.189180e-01 3.213440e-01 -1.717360e-01
  268   0.448284   0.308394   2.628390   0.290122 1.513330e-05 -4.259740e-02 -4.385332e-02 2.432238e-03 3.949660e-01 -2.189180e-01 3.213440e-01 -1.717360e-01
  269   0.448296   0.358946   2.946260   0.289145 8.506970e-06 -4.225470e-02 -4.384734e-02 2.783501e-03 3.949660e-01 -2.189180e-01 3.213440e-01 -1.717360e-01
  270   0.447216   0.148176   2.117750   0.492031 5.232910e-05 -2.935240e-02 -2.946378e-02 2.256436e-03 3.949660e-01 -2.189180e-01 3.213440e-01 -1.717360e-01
  271   0.447992   0.170886   2.243000   0.486964 4.067550e-05 -3.652720e-02 -3.632418e-02 2.714799e-03 3.949660e-01 -2.189180e-01 3.213440e-01 -1.717360e-01
  272   0.447877   0.192284   2.346370   0.487129 3.263340e-05 -4.200390e-02 -4.706281e-02 3.421825e-03 3.949660e-01 -2.189180e-01 3.213440e-01 -1.717360e-01
  273   0.447313   0.214964   2.413490   0.488340 2.703260e-05 -4.707730e-02 -4.659038e-02 3.917769e-03 3.949660e-01 -2.189180e-01 3.213440e-01 -1.717360e-01
  274   0.448057   0.239427   2.514190   0.488507 2.140560e-05 -5.036050e-02 -5.376216e-02 3.732608e-03 3.949660e-01 -2.189180e-01 3.213440e-01 -1.717360e-01
  275   0.448682   0.267259   2.559860   0.488880 1.747230e-05 -5.371420e-02 -5.444594e-02 3.666368e-03 3.949660e-01 -2.189180e-01 3.213440e-01 -1.717360e-01
  276   0.447748   0.300744   2.617440   0.488387 1.375060e-05 -5.600650e-02 -6.035109e-02 3.841179e-03 3.949660e-01 -2.189180e-01 3.213440e-01 -1.717360e-01
  277   0.446649   0.352239   2.918000   0.485484 7.952700e-06 -5.586300e-02 -6.130562e-02 4.919625e-03 3.949660e-01 -2.189180e-01 3.213440e-01 -1.717360e-01
  278   0.448890   0.146787   2.116580   0.682536 2.444700e-05 -3.376970e-02 -2.822830e-02 4.162696e-03 3.949660e-01 -2.189180e-01 3.213440e-01 -1.717360e-01
  279   0.447533   0.170072   2.234710   0.686291 1.854990e-05 -4.313790e-02 -3.869283e-02 4.387534e-03 3.949660e-01 -2.189180e-01 3.213440e-01 -1.717360e-01
  280   0.446829   0.191183   2.313870   0.687229 1.509370e-05 -5.033610e-02 -5.274898e-02 4.139772e-03 3.949660e-01 -2.189180e-01 3.213440e-01 -1.717360e-01
  281   0.446584   0.212037   2.391390   0.688883 1.229020e-05 -5.576870e-02 -5.144213e-02 4.210606e-03 3.949660e-01 -2.189180e-01 3.213440e-01 -1.717360e-01
  282   0.446024   0.232994   2.447350   0.688414 1.032840e-05 -6.008340e-02 -5.260874e-02 4.355329e-03 3.949660e-01 -2.189180e-01 3.213440e-01 -1.717360e-01
  283   0.446131   0.255197   2.511490   0.687839 8.548250e-06 -6.319740e-02 -6.715767e-02 4.612247e-03 3.949660e-01 -2.189180e-01 3.213440e-01 -1.717360e-01
  284   0.445265   0.282516   2.620820   0.681595 6.898280e-06 -6.432440e-02 -6.419534e-02 5.216310e-03 3.949660e-01 -2.189180e-01 3.213440e-01 -1.717360e-01
  285   0.443044   0.328301   2.970050   0.672386 4.295520e-06 -6.214800e-02 -6.723143e-02 6.934399e-03 3.949660e-01 -2.189180e-01 3.213440e-01 -1.717360e-01
  286   0.449340   0.145311   2.103620   0.888578 -2.617300e-07 1.004710e+00 1.007941e+00 6.154851e-03 3.949660e-01 -2.189180e-01 3.213440e-01 -1.717360e-01
  287   0.449001   0.165187   2.203760   0.887951 -2.948830e-07 8.790200e-01 8.772064e-01 6.631226e-03 3.949660e-01 -2.189180e-01 3.213440e-01 -1.717360e-01
  288   0.449324   0.181393   2.285510   0.885694 -1.574480e-07 1.568770e+00 1.573143e+00 7.094475e-03 3.949660e-01 -2.189180e-01 3.213440e-01 -1.717360e-01
  289   0.450237   0.198115   2.359950   0.885917 -1.901400e-07 1.193140e+00 1.200120e+00 7.544806e-03 3.949660e-01 -2.189180e-01 3.213440e-01 -1.717360e-01
  290   0.450287   0.214840   2.417500   0.883024 -1.436750e-07 1.467970e+00 1.468106e+00 8.263861e-03 3.949660e-01 -2.189180e-01 3.213440e-01 -1.717360e-01
  291   0.449770   0.233273   2.533620   0.877740 9.162290e-08 -2.012030e+00 -2.008276e+00 8.625915e-03 3.949660e-01 -2.189180e-01 3.213440e-01 -1.717360e-01
  292   0.448061   0.256068   2.729050   0.874786 2.209790e-07 -6.497130e-01 -6.427220e-01 9.251177e-03 3.949660e-01 -2.189180e-01 3.213440e-01 -1.717360e-01
  293   0.444022   0.294728   3.050530   0.867946 2.936910e-07 -3.239260e-01 -3.436753e-01 1.180881e-02 3.949660e-01 -2.189180e-01 3.213440e-01 -1.717360e-01
  294   0.458482   0.153634   2.163370   1.072230 -9.245110e-06 6.837580e-03 2.768754e-03 1.029129e-02 3.949660e-01 -2.189180e-01 3.213440e-01 -1.717360e-01
  295   0.461384   0.192047   2.406940   1.063460 -5.564730e-06 9.781970e-03 2.146533e-02 1.382022e-02 3.949660e-01 -2.189180e-01 3.213440e-01 -1.717360e-01
  296   0.457673   0.242002   2.902650   1.054010 -2.540620e-06 1.344370e-02 2.746776e-02 1.956195e-02 3.949660e-01 -2.189180e-01 3.213440e-01 -1.717360e-01
  297   0.578291   0.182752   2.207600   0.135405 1.245680e-05 -1.656420e-02 -1.180261e-02 2.356781e-03 3.949660e-01 -2.189180e-01 3.213440e-01 -1.717360e-01
  298   0.580970   0.211552   2.305140   0.127939 9.047370e-06 -1.787430e-02 -2.134155e-02 2.432246e-03 3.949660e-01 -2.189180e-01 3.213440e-01 -1.717360e-01
  299   0.586277   0.229851   2.368160   0.129207 7.507170e-06 -1.902870e-02 -2.286863e-02 2.535407e-03 3.949660e-01 -2.189180e-01 3.213440e-01 -1.717360e-01
  300   0.582674   0.246461   2.443510   0.123850 6.280780e-06 -1.831390e-02 -1.288250e-02 2.601762e-03 3.949660e-01 -2.189180e-01 3.213440e-01 -1.717360e-01
  301   0.582325   0.263264   2.517390   0.125784 5.422470e-06 -1.859380e-02 -1.740840e-02 2.679038e-03 3.949660e-01 -2.189180e-01 3.213440e-01 -1.717360e-01
  302   0.578616   0.282604   2.623930   0.124034 4.453530e-06 -1.789350e-02 -1.756354e-02 2.735591e-03 3.949660e-01 -2.189180e-01 3.213440e-01 -1.717360e-01
  303   0.578799   0.307124   2.742230   0.130835 3.647880e-06 -1.840450e-02 -1.664786e-02 2.858219e-03 3.949660e-01 -2.189180e-01 3.213440e-01 -1.717360e-01
  304   0.571558   0.349417   3.013080   0.135290 2.426250e-06 -1.761720e-02 -1.374760e-02 3.439014e-03 3.949660e-01 -2.189180e-01 3.213440e-01 -1.717360e-01
  305   0.579078   0.162707   2.167390   0.313053 2.526210e-05 -2.980670e-02 -2.920164e-02 1.744521e-03 3.949660e-01 -2.189180e-01 3.213440e-01 -1.717360e-01
  306   0.583043   0.191383   2.283770   0.303802 1.853910e-05 -3.578320e-02 -3.369943e-02 1.881402e-03 3.949660e-01 -2.189180e-01 3.213440e-01 -1.717360e-01
  307   0.585246   0.212135   2.373140   0.298623 1.486620e-05 -3.820270e-02 -3.773807e-02 2.009539e-03 3.949660e-01 -2.189180e-01 3.213440e-01 -1.717360e-01
  308   0.586357   0.231511   2.459070   0.295457 1.218430e-05 -3.936680e-02 -4.018663e-02 2.169173e-03 3.949660e-01 -2.189180e-01 3.213440e-01 -1.717360e-01
  309   0.586783   0.251512   2.543220   0.290784 1.000310e-05 -3.952140e-02 -3.519423e-02 2.294580e-03 3.949660e-01 -2.189180e-01 3.213440e-01 -1.717360e-01
  310   0.583226   0.274737   2.590970   0.290052 8.622010e-06 -3.963430e-02 -4.469893e-02 2.247760e-03 3.949660e-01 -2.189180e-01 3.213440e-01 -1.717360e-01
  311   0.577254   0.303056   2.674530   0.289995 7.065640e-06 -3.853650e-02 -3.696712e-02 2.255083e-03 3.949660e-01 -2.189180e-01 3.213440e-01 -1.717360e-01
  312   0.564442   0.350791   2.964070   0.291277 4.455660e-06 -3.575110e-02 -3.801702e-02 2.654173e-03 3.949660e-01 -2.189180e-01 3.213440e-01 -1.717360e-01
  313   0.581555   0.150133   2.121760   0.501003 2.615880e-05 -3.653350e-02 -3.617066e-02 2.132727e-03 3.949660e-01 -2.189180e-01 3.213440e-01 -1.717360e-01
  314   0.585606   0.171599   2.228950   0.492153 2.057950e-05 -4.462560e-02 -4.560416e-02 2.295319e-03 3.949660e-01 -2.189180e-01 3.213440e-01 -1.717360e-01
  315   0.588902   0.189323   2.326650   0.489278 1.669040e-05 -4.923500e-02 -5.338295e-02 2.500579e-03 3.949660e-01 -2.189180e-01 3.213440e-01 -1.717360e-01
  316   0.590028   0.207893   2.405050   0.486972 1.394670e-05 -5.299880e-02 -5.642215e-02 2.972973e-03 3.949660e-01 -2.189180e-01 3.213440e-01 -1.717360e-01
  317   0.588537   0.227795   2.478230   0.487114 1.178780e-05 -5.581150e-02 -5.780029e-02 3.404997e-03 3.949660e-01 -2.189180e-01 3.213440e-01 -1.717360e-01
  318   0.586194   0.249962   2.573170   0.487199 9.694750e-06 -5.700800e-02 -5.305380e-02 3.616668e-03 3.949660e-01 -2.189180e-01 3.213440e-01 -1.717360e-01
  319   0.577819   0.278256   2.661780   0.485275 8.021820e-06 -5.614670e-02 -5.457688e-02 3.742019e-03 3.949660e-01 -2.189180e-01 3.213440e-01 -1.717360e-01
  320   0.561809   0.327446   2.930160   0.477725 5.222280e-06 -5.183440e-02 -5.796891e-02 3.960767e-03 3.949660e-01 -2.189180e-01 3.213440e-01 -1.717360e-01
  321   0.588608   0.144438   2.100660   0.685608 1.588220e-05 -4.218290e-02 -4.157370e-02 3.308307e-03 3.949660e-01 -2.189180e-01 3.213440e-01 -1.717360e-01
  322   0.592487   0.162516   2.208520   0.683551 1.271710e-05 -5.088790e-02 -4.816752e-02 3.903069e-03 3.949660e-01 -2.189180e-01 3.213440e-01 -1.717360e-01
  323   0.592433   0.178912   2.287320   0.684809 1.067590e-05 -5.774190e-02 -5.995741e-02 4.762001e-03 3.949660e-01 -2.189180e-01 3.213440e-01 -1.717360e-01
  324   0.590730   0.196389   2.359260   0.684519 9.114410e-06 -6.341480e-02 -5.450830e-02 5.615046e-03 3.949660e-01 -2.189180e-01 3.213440e-01 -1.717360e-01
  325   0.587614   0.214710   2.418430   0.684140 7.893730e-06 -6.788920e-02 -7.301616e-02 5.541294e-03 3.949660e-01 -2.189180e-01 3.213440e-01 -1.717360e-01
  326   0.581187   0.235257   2.517200   0.681063 6.682360e-06 -6.908430e-02 -7.239621e-02 5.375592e-03 3.949660e-01 -2.189180e-01 3.213440e-01 -1.717360e-01
  327   0.573410   0.260768   2.696470   0.678065 5.171630e-06 -6.726050e-02 -6.436025e-02 5.410531e-03 3.949660e-01 -2.189180e-01 3.213440e-01 -1.717360e-01
  328   0.559494   0.304791   3.004180   0.670179 3.383790e-06 -6.281880e-02 -7.288117e-02 7.105214e-03 3.949660e-01 -2.189180e-01 3.213440e-01 -1.717360e-01
  329   0.592842   0.141592   2.087220   0.888576 3.970300e-06 -7.492380e-02 -7.159048e-02 6.896794e-03 3.949660e-01 -2.189180e-01 3.213440e-01 -1.717360e-01
  330   0.591139   0.157618   2.176180   0.889974 3.234810e-06 -9.115860e-02 -9.481423e-02 7.669743e-03 3.949660e-01 -2.189180e-01 3.213440e-01 -1.717360e-01
  331   0.590298   0.170986   2.238740   0.889330 2.817810e-06 -1.024920e-01 -1.058470e-01 7.553429e-03 3.949660e-01 -2.189180e-01 3.213440e-01 -1.717360e-01
  332   0.587198   0.184454   2.303090   0.888047 2.466820e-06 -1.114270e-01 -1.085362e-01 7.176510e-03 3.949660e-01 -2.189180e-01 3.213440e-01 -1.717360e-01
  333   0.580131   0.198776   2.373950   0.887391 2.100910e-06 -1.219470e-01 -1.233440e-01 7.142480e-03 3.949660e-01 -2.189180e-01 3.213440e-01 -1.717360e-01
  334   0.573514   0.215095   2.468140   0.881460 1.883160e-06 -1.243810e-01 -1.318018e-01 7.116127e-03 3.949660e-01 -2.189180e-01 3.213440e-01 -1.717360e-01
  335   0.566462   0.236799   2.688430   0.876884 1.532060e-06 -1.164360e-01 -1.028766e-01 7.590505e-03 3.949660e-01 -2.189180e-01 3.213440e-01 -1.717360e-01
  336   0.554951   0.273577   3.030660   0.869146 1.086690e-06 -1.023570e-01 -1.024325e-01 1.049386e-02 3.949660e-01 -2.189180e-01 3.213440e-01 -1.717360e-01
  337   0.588940   0.142734   2.093330   1.085890 -3.290830e-06 2.866230e-02 2.539975e-02 8.137693e-03 3.949660e-01 -2.189180e-01 3.213440e-01 -1.717360e-01
  338   0.584076   0.160565   2.190000   1.082830 -2.804020e-06 3.356770e-02 3.253805e-02 8.109641e-03 3.949660e-01 -2.189180e-01 3.213440e-01 -1.717360e-01
  339   0.573501   0.177060   2.295790   1.075840 -2.434700e-06 3.981020e-02 3.142083e-02 8.543238e-03 3.949660e-01 -2.189180e-01 3.213440e-01 -1.717360e-01
  340   0.562074   0.199240   2.483740   1.068250 -1.813900e-06 4.560670e-02 4.566176e-02 9.139885e-03 3.949660e-01 -2.189180e-01 3.213440e-01 -1.717360e-01
  341   0.548855   0.236384   2.914260   1.056420 -8.846930e-07 5.527540e-02 4.949195e-02 1.389016e-02 3.949660e-01 -2.189180e-01 3.213440e-01 -1.717360e-01
  342   0.571884   0.157987   2.236740   1.252320 -5.194970e-06 5.239960e-03 2.867670e-04 1.321676e-02 3.949660e-01 -2.189180e-01 3.213440e-01 -1.717360e-01
  343   0.323652   0.285602   3.816530   0.130725 9.801620e-06 -1.669080e-02 -2.057794e-02 6.754499e-03 3.949660e-01 -2.189180e-01 3.213440e-01 -1.717360e-01
  344   0.324319   0.319769   3.996410   0.125414 6.927110e-06 -1.849810e-02 -1.398163e-02 7.019694e-03 3.949660e-01 -2.189180e-01 3.213440e-01 -1.717360e-01
  345   0.324770   0.342103   4.138030   0.121902 5.426850e-06 -1.934090e-02 -1.313267e-02 7.452083e-03 3.949660e-01 -2.189180e-01 3.213440e-01 -1.717360e-01
  346   0.324208   0.363023   4.256870   0.119983 4.421810e-06 -2.041420e-02 -1.636218e-02 7.517659e-03 3.949660e-01 -2.189180e-01 3.213440e-01 -1.717360e-01
  347   0.324198   0.384147   4.304650   0.120834 3.801180e-06 -2.233020e-02 -1.287816e-02 7.638490e-03 3.949660e-01 -2.189180e-01 3.213440e-01 -1.717360e-01
  348   0.324004   0.405470   4.351690   0.121837 3.261350e-06 -2.437670e-02 -2.208451e-02 7.946318e-03 3.949660e-01 -2.189180e-01 3.213440e-01 -1.717360e-01
  349   0.323722   0.431899   4.368620   0.126373 2.809160e-06 -2.793960e-02 -3.847496e-02 8.170482e-03 3.949660e-01 -2.189180e-01 3.213440e-01 -1.717360e-01
  350   0.323918   0.474790   4.659430   0.129991 1.821000e-06 -3.207560e-02 -1.893102e-02 9.437454e-03 3.949660e-01 -2.189180e-01 3.213440e-01 -1.717360e-01
  351   0.324777   0.276207   3.753850   0.288736 1.735790e-05 -2.912060e-02 -3.585236e-02 7.216816e-03 3.949660e-01 -2.189180e-01 3.213440e-01 -1.717360e-01
  352   0.325000   0.308610   4.012600   0.288856 1.226860e-05 -3.247000e-02 -4.109625e-02 8.482045e-03 3.949660e-01 -2.189180e-01 3.213440e-01 -1.717360e-01
  353   0.324279   0.333447   4.143700   0.289995 9.870960e-06 -3.581410e-02 -3.548845e-02 9.389989e-03 3.949660e-01 -2.189180e-01 3.213440e-01 -1.717360e-01
  354   0.325178   0.357782   4.270570   0.289298 7.869380e-06 -3.885940e-02 -2.835001e-02 9.642069e-03 3.949660e-01 -2.189180e-01 3.213440e-01 -1.717360e-01
  355   0.324319   0.380481   4.341530   0.290589 6.613660e-06 -4.253200e-02 -3.142590e-02 9.836923e-03 3.949660e-01 -2.189180e-01 3.213440e-01 -1.717360e-01
  356   0.324382   0.404021   4.336670   0.292761 5.710450e-06 -4.726060e-02 -5.541832e-02 9.332510e-03 3.949660e-01 -2.189180e-01 3.213440e-01 -1.717360e-01
  357   0.324587   0.432582   4.280760   0.291395 4.862440e-06 -5.332880e-02 -5.419645e-02 8.937066e-03 3.949660e-01 -2.189180e-01 3.213440e-01 -1.717360e-01
  358   0.324766   0.476543   4.606600   0.289223 2.982800e-06 -5.927210e-02 -7.624325e-02 1.044569e-02 3.949660e-01 -2.189180e-01 3.213440e-01 -1.717360e-01
  359   0.324335   0.277504   3.767270   0.488778 1.373370e-05 -3.353000e-02 -2.355368e-02 1.282210e-02 3.949660e-01 -2.189180e-01 3.213440e-01 -1.717360e-01
  360   0.323921   0.311869   4.015080   0.489148 9.683030e-06 -3.787580e-02 -3.789544e-02 1.256911e-02 3.949660e-01 -2.189180e-01 3.213440e-01 -1.717360e-01
  361   0.323799   0.337763   4.131570   0.488848 7.742310e-06 -4.190190e-02 -3.422662e-02 1.206041e-02 3.949660e-01 -2.189180e-01 3.213440e-01 -1.717360e-01
  362   0.324203   0.361058   4.275390   0.490913 6.126700e-06 -4.497870e-02 -6.065652e-02 1.201431e-02 3.949660e-01 -2.189180e-01 3.213440e-01 -1.717360e-01
  363   0.324311   0.383521   4.327440   0.490073 5.156030e-06 -4.909160e-02 -3.970977e-02 1.220824e-02 3.949660e-01 -2.189180e-01 3.213440e-01 -1.717360e-01
  364   0.324247   0.407031   4.322670   0.490739 4.403860e-06 -5.418990e-02 -4.678752e-02 1.293462e-02 3.949660e-01 -2.189180e-01 3.213440e-01 -1.717360e-01
  365   0.323793   0.435193   4.267460   0.491256 3.725660e-06 -6.111060e-02 -6.675461e-02 1.431163e-02 3.949660e-01 -2.189180e-01 3.213440e-01 -1.717360e-01
  366   0.323830   0.478224   4.644310   0.490171 2.251870e-06 -6.752770e-02 -8.885681e-02 1.898110e-02 3.949660e-01 -2.189180e-01 3.213440e-01 -1.717360e-01
  367   0.324658   0.293898   3.879870   0.686150 4.307550e-06 -3.863570e-02 -4.017791e-02 9.972435e-03 3.949660e-01 -2.189180e-01 3.213440e-01 -1.717360e-01
  368   0.324177   0.345481   4.166500   0.684280 2.652470e-06 -4.605810e-02 -6.188385e-02 1.169766e-02 3.949660e-01 -2.189180e-01 3.213440e-01 -1.717360e-01
  369   0.324228   0.388761   4.315100   0.679808 1.861970e-06 -5.337510e-02 -7.007862e-02 1.334933e-02 3.949660e-01 -2.189180e-01 3.213440e-01 -1.717360e-01
  370   0.324161   0.440720   4.593230   0.665483 1.242110e-06 -6.100580e-02 -7.409431e-02 2.005006e-02 3.949660e-01 -2.189180e-01 3.213440e-01 -1.717360e-01
  371   0.329221   0.342876   4.388110   0.858782 -2.342510e-07 1.141690e-01 1.332310e-01 2.682646e-02 3.949660e-01 -2.189180e-01 3.213440e-01 -1.717360e-01
  372   0.374693   0.286121   3.819720   0.128831 6.645730e-06 -1.525450e-02 -3.050544e-02 7.789964e-03 3.949660e-01 -2.189180e-01 3.213440e-01 -1.717360e-01
  373   0.374043   0.322321   4.007800   0.125652 4.729730e-06 -1.679980e-02 -3.156584e-02 8.092834e-03 3.949660e-01 -2.189180e-01 3.213440e-01 -1.717360e-01
  374   0.374392   0.345563   4.142650   0.124990 3.776510e-06 -1.771230e-02 -2.624165e-02 8.377116e-03 3.949660e-01 -2.189180e-01 3.213440e-01 -1.717360e-01
  375   0.373817   0.367546   4.240560   0.123095 3.095370e-06 -1.856920e-02 -9.860513e-03 8.410271e-03 3.949660e-01 -2.189180e-01 3.213440e-01 -1.717360e-01
  376   0.374292   0.386724   4.326430   0.124735 2.637290e-06 -1.974810e-02 -1.636813e-02 8.739423e-03 3.949660e-01 -2.189180e-01 3.213440e-01 -1.717360e-01
  377   0.374987   0.406656   4.334270   0.122489 2.267610e-06 -2.077930e-02 -2.651276e-02 8.913197e-03 3.949660e-01 -2.189180e-01 3.213440e-01 -1.717360e-01
  378   0.373890   0.432971   4.392840   0.128835 1.944590e-06 -2.363930e-02 -6.982966e-03 9.262415e-03 3.949660e-01 -2.189180e-01 3.213440e-01 -1.717360e-01
  379   0.373970   0.475176   4.674010   0.129641 1.249930e-06 -2.616260e-02 -2.960860e-02 1.097960e-02 3.949660e-01 -2.189180e-01 3.213440e-01 -1.717360e-01
  380   0.374335   0.276883   3.761850   0.295591 1.231920e-05 -2.850870e-02 -3.257588e-02 7.086749e-03 3.949660e-01 -2.189180e-01 3.213440e-01 -1.717360e-01
  381   0.374237   0.309528   4.032530   0.288879 8.597080e-06 -3.043440e-02 -3.236536e-02 8.024702e-03 3.949660e-01 -2.189180e-01 3.213440e-01 -1.717360e-01
  382   0.374133   0.334839   4.165230   0.289453 6.861950e-06 -3.291950e-02 -3.454225e-02 9.046371e-03 3.949660e-01 -2.189180e-01 3.213440e-01 -1.717360e-01
  383   0.374759   0.358529   4.268070   0.290923 5.591200e-06 -3.539090e-02 -3.023808e-02 9.642620e-03 3.949660e-01 -2.189180e-01 3.213440e-01 -1.717360e-01
  384   0.374328   0.382421   4.348580   0.289189 4.615020e-06 -3.792740e-02 -4.167247e-02 9.430755e-03 3.949660e-01 -2.189180e-01 3.213440e-01 -1.717360e-01
  385   0.375036   0.406850   4.301220   0.290707 4.044200e-06 -4.193000e-02 -6.097426e-02 9.077653e-03 3.949660e-01 -2.189180e-01 3.213440e-01 -1.717360e-01
  386   0.374596   0.435839   4.258930   0.287867 3.421130e-06 -4.638620e-02 -5.112972e-02 8.947640e-03 3.949660e-01 -2.189180e-01 3.213440e-01 -1.717360e-01
  387   0.374491   0.478469   4.634620   0.289268 2.065440e-06 -5.040870e-02 -6.365501e-02 1.077100e-02 3.949660e-01 -2.189180e-01 3.213440e-01 -1.717360e-01
  388   0.374271   0.278854   3.774290   0.486380 1.023400e-05 -3.457140e-02 1.647789e-03 1.747742e-02 3.949660e-01 -2.189180e-01 3.213440e-01 -1.717360e-01
  389   0.374168   0.314981   4.034000   0.487940 7.061800e-06 -3.817860e-02 -4.142237e-02 1.524558e-02 3.949660e-01 -2.189180e-01 3.213440e-01 -1.717360e-01
  390   0.374313   0.343808   4.212420   0.488534 5.342190e-06 -4.110430e-02 -3.572942e-02 1.409604e-02 3.949660e-01 -2.189180e-01 3.213440e-01 -1.717360e-01
  391   0.374531   0.370399   4.268110   0.486439 4.397040e-06 -4.501940e-02 -5.695823e-02 1.351435e-02 3.949660e-01 -2.189180e-01 3.213440e-01 -1.717360e-01
  392   0.374067   0.397640   4.361400   0.487774 3.497510e-06 -4.871970e-02 -6.716530e-02 1.342753e-02 3.949660e-01 -2.189180e-01 3.213440e-01 -1.717360e-01
  393   0.374301   0.430679   4.289360   0.489237 2.885490e-06 -5.543550e-02 -7.387445e-02 1.492940e-02 3.949660e-01 -2.189180e-01 3.213440e-01 -1.717360e-01
  394   0.374775   0.475760   4.600590   0.486766 1.779170e-06 -6.120540e-02 -6.183857e-02 2.073003e-02 3.949660e-01 -2.189180e-01 3.213440e-01 -1.717360e-01
  395   0.373968   0.301534   3.918900   0.689365 3.425470e-06 -4.112510e-02 -3.985550e-02 1.014967e-02 3.949660e-01 -2.189180e-01 3.213440e-01 -1.717360e-01
  396   0.374022   0.365369   4.242120   0.688326 1.893680e-06 -4.910720e-02 -6.371293e-02 1.149479e-02 3.949660e-01 -2.189180e-01 3.213440e-01 -1.717360e-01
  397   0.373889   0.426183   4.522610   0.673635 1.177050e-06 -5.659430e-02 -3.868608e-02 1.664390e-02 3.949660e-01 -2.189180e-01 3.213440e-01 -1.717360e-01
  398   0.375589   0.335768   4.276190   0.892373 -1.748570e-07 1.479660e-01 1.421607e-01 1.449989e-02 3.949660e-01 -2.189180e-01 3.213440e-01 -1.717360e-01
  399   0.447141   0.289216   3.824150   0.128676 3.896370e-06 -1.411810e-02 -1.426408e-02 6.512505e-03 3.949660e-01 -2.189180e-01 3.213440e-01 -1.717360e-01
  400   0.445946   0.324264   4.007520   0.127827 2.855200e-06 -1.515060e-02 -1.762004e-02 6.864283e-03 3.949660e-01 -2.189180e-01 3.213440e-01 -1.717360e-01
  401   0.444737   0.347235   4.122560   0.126160 2.321720e-06 -1.559190e-02 -7.698473e-03 7.050456e-03 3.949660e-01 -2.189180e-01 3.213440e-01 -1.717360e-01
  402   0.445794   0.367125   4.210230   0.124734 1.920850e-06 -1.592360e-02 -1.791776e-02 7.332450e-03 3.949660e-01 -2.189180e-01 3.213440e-01 -1.717360e-01
  403   0.446198   0.385733   4.315620   0.125802 1.617160e-06 -1.644990e-02 -1.229262e-02 7.459559e-03 3.949660e-01 -2.189180e-01 3.213440e-01 -1.717360e-01
  404   0.446097   0.406477   4.378190   0.128480 1.395660e-06 -1.750660e-02 -2.281649e-02 7.706979e-03 3.949660e-01 -2.189180e-01 3.213440e-01 -1.717360e-01
  405   0.447333   0.431507   4.416340   0.130287 1.164200e-06 -1.877030e-02 -1.406408e-02 7.922036e-03 3.949660e-01 -2.189180e-01 3.213440e-01 -1.717360e-01
  406   0.446003   0.473287   4.690400   0.132938 7.710960e-07 -2.059160e-02 -1.044896e-02 9.411848e-03 3.949660e-01 -2.189180e-01 3.213440e-01 -1.717360e-01
  407   0.446092   0.278036   3.771080   0.303446 7.601820e-06 -2.800880e-02 -2.192617e-02 5.489917e-03 3.949660e-01 -2.189180e-01 3.213440e-01 -1.717360e-01
  408   0.446661   0.311020   4.031360   0.295333 5.289030e-06 -2.895100e-02 -2.774537e-02 6.059894e-03 3.949660e-01 -2.189180e-01 3.213440e-01 -1.717360e-01
  409   0.447997   0.336095   4.158420   0.293812 4.188710e-06 -3.031790e-02 -3.320212e-02 6.641159e-03 3.949660e-01 -2.189180e-01 3.213440e-01 -1.717360e-01
  410   0.447268   0.359036   4.258480   0.292128 3.456540e-06 -3.157170e-02 -3.546023e-02 6.784842e-03 3.949660e-01 -2.189180e-01 3.213440e-01 -1.717360e-01
  411   0.448104   0.381562   4.337680   0.289735 2.851300e-06 -3.278690e-02 -3.630826e-02 6.974767e-03 3.949660e-01 -2.189180e-01 3.213440e-01 -1.717360e-01
  412   0.447771   0.404401   4.343200   0.289611 2.467760e-06 -3.485700e-02 -3.563462e-02 6.872995e-03 3.949660e-01 -2.189180e-01 3.213440e-01 -1.717360e-01
  413   0.447692   0.433539   4.286880   0.291771 2.113950e-06 -3.825010e-02 -5.400228e-02 6.833760e-03 3.949660e-01 -2.189180e-01 3.213440e-01 -1.717360e-01
  414   0.447131   0.477041   4.623920   0.293020 1.299950e-06 -4.090530e-02 -3.054039e-02 8.050790e-03 3.949660e-01 -2.189180e-01 3.213440e-01 -1.717360e-01
  415   0.449435   0.275350   3.749920   0.487278 6.881800e-06 -3.559570e-02 -4.480248e-02 1.150923e-02 3.949660e-01 -2.189180e-01 3.213440e-01 -1.717360e-01
  416   0.446915   0.307483   4.001750   0.486395 4.986610e-06 -3.746360e-02 -3.275325e-02 1.551490e-02 3.949660e-01 -2.189180e-01 3.213440e-01 -1.717360e-01
  417   0.447922   0.332862   4.135100   0.489446 3.918610e-06 -3.953270e-02 -2.829647e-02 1.447000e-02 3.949660e-01 -2.189180e-01 3.213440e-01 -1.717360e-01
  418   0.447304   0.356106   4.253120   0.489502 3.191070e-06 -4.116190e-02 -2.868354e-02 1.331251e-02 3.949660e-01 -2.189180e-01 3.213440e-01 -1.717360e-01
  419   0.448171   0.378282   4.325710   0.489926 2.649330e-06 -4.311380e-02 -7.161470e-02 1.257813e-02 3.949660e-01 -2.189180e-01 3.213440e-01 -1.717360e-01
  420   0.447491   0.401759   4.323680   0.488724 2.292860e-06 -4.600350e-02 -2.871329e-02 1.198733e-02 3.949660e-01 -2.189180e-01 3.213440e-01 -1.717360e-01
  421   0.447126   0.428535   4.280110   0.487271 1.971810e-06 -4.978920e-02 -5.448315e-02 1.234553e-02 3.949660e-01 -2.189180e-01 3.213440e-01 -1.717360e-01
  422   0.446005   0.471150   4.620350   0.479966 1.242250e-06 -5.263660e-02 -4.525214e-02 1.424100e-02 3.949660e-01 -2.189180e-01 3.213440e-01 -1.717360e-01
  423   0.447346   0.288135   3.846600   0.684371 3.118010e-06 -4.160860e-02 -6.850547e-02 1.285780e-02 3.949660e-01 -2.189180e-01 3.213440e-01 -1.717360e-01
  424   0.447852   0.334642   4.120910   0.686064 1.977910e-06 -4.568490e-02 -4.394592e-02 1.273180e-02 3.949660e-01 -2.189180e-01 3.213440e-01 -1.717360e-01
  425   0.446018   0.373001   4.277340   0.683951 1.437450e-06 -4.916640e-02 -4.712690e-02 1.279392e-02 3.949660e-01 -2.189180e-01 3.213440e-01 -1.717360e-01
  426   0.444640   0.420357   4.589700   0.670283 9.579720e-07 -5.176820e-02 -2.810724e-02 1.505223e-02 3.949660e-01 -2.189180e-01 3.213440e-01 -1.717360e-01
  427   0.447691   0.298859   3.927730   0.938761 -9.466460e-08 3.286850e-01 3.246233e-01 1.065966e-02 3.949660e-01 -2.189180e-01 3.213440e-01 -1.717360e-01
  428   0.444760   0.369630   4.613780   0.900207 1.025980e-07 -1.798080e-01 -1.708796e-01 1.390177e-02 3.949660e-01 -2.189180e-01 3.213440e-01 -1.717360e-01
  429   0.580172   0.288158   3.817190   0.127455 1.666170e-06 -1.259430e-02 -4.345028e-03 7.005685e-03 3.949660e-01 -2.189180e-01 3.213440e-01 -1.717360e-01
  430   0.581562   0.322965   3.973650   0.128073 1.234440e-06 -1.312570e-02 -1.571026e-02 7.360529e-03 3.949660e-01 -2.189180e-01 3.213440e-01 -1.717360e-01
  431   0.582349   0.342923   4.063450   0.125747 1.017770e-06 -1.296380e-02 -2.237325e-02 7.683310e-03 3.949660e-01 -2.189180e-01 3.213440e-01 -1.717360e-01
  432   0.579579   0.361353   4.178330   0.127682 8.774150e-07 -1.299720e-02 -1.864243e-02 7.859308e-03 3.949660e-01 -2.189180e-01 3.213440e-01 -1.717360e-01
  433   0.582323   0.379382   4.264320   0.125799 7.239530e-07 -1.282020e-02 -1.333506e-02 8.026552e-03 3.949660e-01 -2.189180e-01 3.213440e-01 -1.717360e-01
  434   0.579061   0.398373   4.388980   0.126859 6.149540e-07 -1.279820e-02 -2.131544e-02 8.190839e-03 3.949660e-01 -2.189180e-01 3.213440e-01 -1.717360e-01
  435   0.574283   0.422847   4.492890   0.130412 5.231470e-07 -1.326560e-02 -2.412081e-02 8.454800e-03 3.949660e-01 -2.189180e-01 3.213440e-01 -1.717360e-01
  436   0.564682   0.464293   4.731740   0.132547 3.713930e-07 -1.405520e-02 -1.813333e-02 9.789900e-03 3.949660e-01 -2.189180e-01 3.213440e-01 -1.717360e-01
  437   0.579713   0.280427   3.785240   0.306794 3.342520e-06 -2.742760e-02 -2.623504e-02 5.519112e-03 3.949660e-01 -2.189180e-01 3.213440e-01 -1.717360e-01
  438   0.584180   0.313079   4.001680   0.301141 2.338350e-06 -2.780970e-02 -3.871044e-02 5.962991e-03 3.949660e-01 -2.189180e-01 3.213440e-01 -1.717360e-01
  439   0.586876   0.336154   4.122490   0.297263 1.857390e-06 -2.776350e-02 -3.878875e-02 6.169791e-03 3.949660e-01 -2.189180e-01 3.213440e-01 -1.717360e-01
  440   0.587349   0.356580   4.237620   0.294535 1.524780e-06 -2.741570e-02 -2.788061e-02 6.428835e-03 3.949660e-01 -2.189180e-01 3.213440e-01 -1.717360e-01
  441   0.583538   0.376576   4.319130   0.293591 1.318250e-06 -2.736840e-02 -3.189979e-02 6.451126e-03 3.949660e-01 -2.189180e-01 3.213440e-01 -1.717360e-01
  442   0.579665   0.396773   4.398680   0.293745 1.137930e-06 -2.743050e-02 -3.308469e-02 6.620258e-03 3.949660e-01 -2.189180e-01 3.213440e-01 -1.717360e-01
  443   0.570315   0.422386   4.402300   0.293704 1.018450e-06 -2.829480e-02 -3.065200e-02 6.741380e-03 3.949660e-01 -2.189180e-01 3.213440e-01 -1.717360e-01
  444   0.557529   0.463832   4.642380   0.292040 7.149830e-07 -2.987290e-02 -3.216369e-02 7.573553e-03 3.949660e-01 -2.189180e-01 3.213440e-01 -1.717360e-01
  445   0.587500   0.271426   3.706380   0.486736 3.531620e-06 -3.863180e-02 -3.807870e-02 7.738236e-03 3.949660e-01 -2.189180e-01 3.213440e-01 -1.717360e-01
  446   0.589392   0.299569   3.957620   0.486625 2.539890e-06 -3.856410e-02 -4.070495e-02 9.083500e-03 3.949660e-01 -2.189180e-01 3.213440e-01 -1.717360e-01
  447   0.588730   0.321768   4.077210   0.487375 2.084630e-06 -3.915300e-02 -3.818617e-02 1.050530e-02 3.949660e-01 -2.189180e-01 3.213440e-01 -1.717360e-01
  448   0.587893   0.341408   4.205720   0.486357 1.730740e-06 -3.892980e-02 -6.366745e-02 1.147334e-02 3.949660e-01 -2.189180e-01 3.213440e-01 -1.717360e-01
  449   0.586234   0.361373   4.294910   0.485840 1.472080e-06 -3.905010e-02 -4.709703e-02 1.192967e-02 3.949660e-01 -2.189180e-01 3.213440e-01 -1.717360e-01
  450   0.579696   0.381819   4.412200   0.484708 1.259920e-06 -3.859190e-02 -3.674337e-02 1.183204e-02 3.949660e-01 -2.189180e-01 3.213440e-01 -1.717360e-01
  451   0.570680   0.405740   4.500610   0.482300 1.080960e-06 -3.875080e-02 -4.037009e-02 1.163656e-02 3.949660e-01 -2.189180e-01 3.213440e-01 -1.717360e-01
  452   0.553935   0.446972   4.733010   0.473959 7.844890e-07 -4.055880e-02 -5.746506e-02 1.264170e-02 3.949660e-01 -2.189180e-01 3.213440e-01 -1.717360e-01
  453   0.593055   0.279975   3.790440   0.682986 1.997870e-06 -4.711710e-02 -3.881116e-02 1.778997e-02 3.949660e-01 -2.189180e-01 3.213440e-01 -1.717360e-01
  454   0.585696   0.318649   4.068690   0.683085 1.395030e-06 -4.738160e-02 -4.652726e-02 1.787987e-02 3.949660e-01 -2.189180e-01 3.213440e-01 -1.717360e-01
  455   0.578798   0.350889   4.295170   0.679909 1.049640e-06 -4.641440e-02 -6.765269e-02 1.617173e-02 3.949660e-01 -2.189180e-01 3.213440e-01 -1.717360e-01
  456   0.566779   0.393063   4.722670   0.673067 6.869830e-07 -4.378650e-02 -5.215874e-02 1.615934e-02 3.949660e-01 -2.189180e-01 3.213440e-01 -1.717360e-01
  457   0.573896   0.298206   3.966600   0.918990 4.154020e-07 -8.338900e-02 -9.700567e-02 1.210124e-02 3.949660e-01 -2.189180e-01 3.213440e-01 -1.717360e-01
  458   0.553772   0.369358   4.780480   0.878268 2.683450e-07 -6.084580e-02 -5.275452e-02 2.597616e-02 3.949660e-01 -2.189180e-01 3.213440e-01 -1.717360e-01
  459   0.324122   0.420749   5.704750   0.324245 2.655710e-06 -3.790530e-02 -4.661331e-02 1.085249e-02 3.949660e-01 -2.189180e-01 3.213440e-01 -1.717360e-01
  460   0.324118   0.450325   5.899160   0.319584 1.996850e-06 -4.234380e-02 -3.646206e-02 1.140779e-02 3.949660e-01 -2.189180e-01 3.213440e-01 -1.717360e-01
  461   0.323866   0.474070   6.042070   0.302922 1.583490e-06 -4.534110e-02 -5.569370e-02 1.173364e-02 3.949660e-01 -2.189180e-01 3.213440e-01 -1.717360e-01
  462   0.324402   0.497196   6.179560   0.303716 1.259010e-06 -4.946520e-02 -2.898878e-02 1.215578e-02 3.949660e-01 -2.189180e-01 3.213440e-01 -1.717360e-01
  463   0.324334   0.523540   6.331460   0.296432 9.648740e-07 -5.380190e-02 -5.938089e-02 1.246473e-02 3.949660e-01 -2.189180e-01 3.213440e-01 -1.717360e-01
  464   0.324298   0.557083   6.554080   0.290327 6.721440e-07 -5.955870e-02 -4.846474e-02 1.313000e-02 3.949660e-01 -2.189180e-01 3.213440e-01 -1.717360e-01
  465   0.324184   0.602615   7.241520   0.276803 3.480500e-07 -6.281520e-02 -4.599192e-02 2.251748e-02 3.949660e-01 -2.189180e-01 3.213440e-01 -1.717360e-01
  466   0.374212   0.423009   5.718120   0.338236 1.845770e-06 -3.422170e-02 -3.683726e-02 1.148923e-02 3.949660e-01 -2.189180e-01 3.213440e-01 -1.717360e-01
  467   0.374036   0.456150   5.932880   0.318894 1.337340e-06 -3.730590e-02 -4.143380e-02 1.185987e-02 3.949660e-01 -2.189180e-01 3.213440e-01 -1.717360e-01
  468   0.373726   0.484372   6.117130   0.307619 1.008470e-06 -4.027450e-02 -5.563837e-02 1.226895e-02 3.949660e-01 -2.189180e-01 3.213440e-01 -1.717360e-01
  469   0.374312   0.514016   6.275230   0.301563 7.511980e-07 -4.419400e-02 -5.376182e-02 1.263966e-02 3.949660e-01 -2.189180e-01 3.213440e-01 -1.717360e-01
  470   0.374312   0.551086   6.508420   0.292250 5.063940e-07 -4.898230e-02 -5.468266e-02 1.309959e-02 3.949660e-01 -2.189180e-01 3.213440e-01 -1.717360e-01
  471   0.374135   0.598812   7.189780   0.280454 2.579420e-07 -5.203970e-02 -4.939800e-02 2.245785e-02 3.949660e-01 -2.189180e-01 3.213440e-01 -1.717360e-01
  472   0.446375   0.442325   5.828090   0.128158 5.234780e-07 -1.394110e-02 8.405262e-04 1.097740e-02 3.949660e-01 -2.189180e-01 3.213440e-01 -1.717360e-01
  473   0.446630   0.501217   6.219930   0.125435 2.859710e-07 -1.609110e-02 -7.676998e-03 1.196512e-02 3.949660e-01 -2.189180e-01 3.213440e-01 -1.717360e-01
  474   0.445610   0.565796   6.766770   0.127532 1.412990e-07 -1.938960e-02 -2.940985e-02 1.636527e-02 3.949660e-01 -2.189180e-01 3.213440e-01 -1.717360e-01
  475   0.447476   0.433439   5.790350   0.291638 9.856670e-07 -2.710430e-02 -1.301910e-02 1.257435e-02 3.949660e-01 -2.189180e-01 3.213440e-01 -1.717360e-01
  476   0.447877   0.482395   6.087360   0.290162 6.142920e-07 -3.113160e-02 -4.010832e-02 1.351884e-02 3.949660e-01 -2.189180e-01 3.213440e-01 -1.717360e-01
  477   0.447436   0.534392   6.351620   0.292103 3.740490e-07 -3.695770e-02 -3.001197e-02 1.302551e-02 3.949660e-01 -2.189180e-01 3.213440e-01 -1.717360e-01
  478   0.446975   0.591247   7.022680   0.292626 1.801160e-07 -4.159450e-02 -3.268429e-02 2.262595e-02 3.949660e-01 -2.189180e-01 3.213440e-01 -1.717360e-01
  479   0.447187   0.439602   5.837000   0.582017 6.887060e-07 -3.821020e-02 -2.356347e-02 1.565189e-02 3.949660e-01 -2.189180e-01 3.213440e-01 -1.717360e-01
  480   0.446715   0.506628   6.251910   0.544988 3.953090e-07 -4.588000e-02 -6.694673e-02 1.703093e-02 3.949660e-01 -2.189180e-01 3.213440e-01 -1.717360e-01
  481   0.444649   0.573730   6.848610   0.496646 2.058900e-07 -5.324750e-02 -3.364067e-02 3.178778e-02 3.949660e-01 -2.189180e-01 3.213440e-01 -1.717360e-01
  482   0.581590   0.421819   5.706130   0.235598 4.272130e-07 -1.700590e-02 -2.193249e-02 1.123392e-02 3.949660e-01 -2.189180e-01 3.213440e-01 -1.717360e-01
  483   0.582902   0.450611   5.888220   0.229095 3.161480e-07 -1.725740e-02 -7.051346e-03 1.180415e-02 3.949660e-01 -2.189180e-01 3.213440e-01 -1.717360e-01
  484   0.583035   0.474518   6.051330   0.226903 2.474910e-07 -1.772740e-02 -1.963010e-02 1.208384e-02 3.949660e-01 -2.189180e-01 3.213440e-01 -1.717360e-01
  485   0.577836   0.499494   6.212530   0.220368 1.955530e-07 -1.822620e-02 -1.461934e-02 1.244143e-02 3.949660e-01 -2.189180e-01 3.213440e-01 -1.717360e-01
  486   0.567198   0.530586   6.436770   0.221959 1.507040e-07 -1.999590e-02 -2.119779e-02 1.291380e-02 3.949660e-01 -2.189180e-01 3.213440e-01 -1.717360e-01
  487   0.549886   0.577387   6.950100   0.218707 9.064440e-08 -2.309470e-02 -2.599011e-02 1.762452e-02 3.949660e-01 -2.189180e-01 3.213440e-01 -1.717360e-01
  488   0.580732   0.435028   5.814160   0.554298 4.021880e-07 -3.219100e-02 -4.216694e-02 1.874238e-02 3.949660e-01 -2.189180e-01 3.213440e-01 -1.717360e-01
