8
0	8
0 	0 	0.577505 	1.22278 	0.147951 	0.115758 	0.563241 	0.00140062 	6.03804e+07 	5.89921 	1.03582 	1.01819 	1.01819
0 	1 	0.58538 	1.34133 	0.134468 	0.137773 	0.522578 	0.00145749 	5.93268e+07 	6.28319 	1.00364 	1.00229 	1.00229
0 	2 	0.583715 	1.41763 	0.128436 	0.152636 	0.498311 	0.00146183 	6.15528e+07 	6.28319 	1.0044 	1.0023 	1.0023
0 	3 	0.583462 	1.48082 	0.125382 	0.166495 	0.476731 	0.00148166 	6.24652e+07 	6.28319 	1.01255 	1.00631 	1.00631
0 	4 	0.582643 	1.53254 	0.125959 	0.180299 	0.457751 	0.00155793 	5.89409e+07 	6.28319 	1.01281 	1.00674 	1.00674
0 	5 	0.58174 	1.60651 	0.125202 	0.195436 	0.444273 	0.00160664 	5.80959e+07 	6.28319 	1.01718 	1.0088 	1.0088
0 	6 	0.579484 	1.70746 	0.123421 	0.215829 	0.424549 	0.00166104 	5.79237e+07 	6.28319 	1.01225 	1.00615 	1.00615
0 	7 	0.573898 	1.79492 	0.129389 	0.250318 	0.386348 	0.00208451 	4.08391e+07 	6.28319 	1.00395 	1.00286 	1.00286
1	8
1 	0 	0.575524 	1.15078 	0.325944 	0.0910557 	0.646469 	0.000927147 	1.29092e+08 	3.76991 	1.08847 	1.04889 	1.04889
1 	1 	0.581143 	1.27984 	0.314257 	0.110867 	0.6072 	0.00095694 	1.27753e+08 	4.39823 	1.00308 	1.00154 	1.00154
1 	2 	0.582085 	1.37744 	0.307083 	0.1256 	0.577217 	0.0009625 	1.31425e+08 	4.53786 	1.00406 	1.00304 	1.00304
1 	3 	0.585255 	1.45635 	0.30225 	0.139438 	0.550261 	0.00100109 	1.26405e+08 	4.85202 	1.04009 	1.02193 	1.02193
1 	4 	0.585943 	1.5125 	0.298607 	0.153735 	0.519709 	0.00104939 	1.1996e+08 	5.09636 	1.10988 	1.05605 	1.05605
1 	5 	0.586895 	1.57429 	0.294786 	0.170921 	0.490858 	0.00105766 	1.2445e+08 	5.96903 	1.22238 	1.11128 	1.11128
1 	6 	0.584413 	1.65109 	0.291382 	0.196066 	0.454917 	0.0011227 	1.19387e+08 	6.24828 	1.39498 	1.21249 	1.21249
1 	7 	0.572376 	1.76079 	0.286573 	0.240949 	0.392091 	0.00141753 	8.57717e+07 	6.28319 	1.05889 	1.06426 	1.06426
2	8
2 	0 	0.575264 	1.11749 	0.510623 	0.0775341 	0.714846 	0.00091815 	1.27014e+08 	4.46804 	1.02229 	1.01185 	1.01185
2 	1 	0.582687 	1.20842 	0.501867 	0.092625 	0.665468 	0.000956213 	1.2204e+08 	4.7822 	1.00054 	1.00065 	1.00065
2 	2 	0.584742 	1.29291 	0.495835 	0.103918 	0.641596 	0.00099397 	1.16363e+08 	4.95673 	1.01489 	1.0083 	1.0083
2 	3 	0.587372 	1.38428 	0.492887 	0.115345 	0.6208 	0.000998712 	1.18876e+08 	5.16617 	1.05395 	1.02848 	1.02848
2 	4 	0.587172 	1.47726 	0.491908 	0.128293 	0.595918 	0.00100475 	1.217e+08 	5.37561 	1.12481 	1.06293 	1.06293
2 	5 	0.588344 	1.54306 	0.489429 	0.143912 	0.558196 	0.001045 	1.17666e+08 	5.68977 	1.29145 	1.14577 	1.14577
2 	6 	0.58677 	1.59579 	0.48711 	0.167092 	0.506659 	0.00109811 	1.14158e+08 	5.68977 	1.73649 	1.39223 	1.39223
2 	7 	0.573461 	1.72873 	0.483689 	0.212034 	0.437073 	0.0013506 	8.65014e+07 	5.41052 	1.49263 	1.40022 	1.40022
3	8
3 	0 	0.576859 	1.09783 	0.696846 	0.0699324 	0.765097 	0.00120896 	7.17825e+07 	6.28319 	1.00315 	1.00197 	1.00197
3 	1 	0.586588 	1.16647 	0.690986 	0.0826846 	0.705223 	0.00123474 	7.13639e+07 	6.28319 	1.03741 	1.01925 	1.01925
3 	2 	0.588846 	1.24279 	0.688646 	0.092428 	0.682329 	0.00124125 	7.24822e+07 	6.28319 	1.07609 	1.0381 	1.0381
3 	3 	0.590222 	1.33318 	0.688158 	0.102891 	0.66116 	0.00127702 	7.03926e+07 	6.28319 	1.1593 	1.07971 	1.07971
3 	4 	0.590764 	1.42927 	0.687234 	0.11476 	0.637344 	0.00128641 	7.16013e+07 	6.28319 	1.19997 	1.10062 	1.10062
3 	5 	0.589546 	1.51521 	0.686038 	0.129002 	0.604624 	0.00133279 	6.93654e+07 	6.28319 	1.26716 	1.13783 	1.13783
3 	6 	0.585532 	1.56627 	0.683958 	0.149361 	0.547878 	0.0013908 	6.74616e+07 	6.28319 	1.33744 	1.19237 	1.19237
3 	7 	0.570432 	1.71092 	0.678193 	0.18878 	0.481817 	0.00169198 	5.12393e+07 	4.88692 	1.14471 	1.20508 	1.20508
4	8
4 	0 	0.576775 	1.08259 	0.897079 	0.0662558 	0.793119 	0.00192938 	3.54011e+07 	6.28319 	1.01755 	1.00878 	1.00878
4 	1 	0.589265 	1.1576 	0.89151 	0.0771741 	0.736494 	0.00199398 	3.33493e+07 	6.28319 	1.05669 	1.02846 	1.02846
4 	2 	0.590704 	1.21492 	0.89032 	0.0859464 	0.706648 	0.00194017 	3.53673e+07 	6.28319 	1.07526 	1.03791 	1.03791
4 	3 	0.591504 	1.29211 	0.889422 	0.095439 	0.683817 	0.00195118 	3.52132e+07 	6.28319 	1.0712 	1.0371 	1.0371
4 	4 	0.590532 	1.37752 	0.887961 	0.10581 	0.66156 	0.00202857 	3.28729e+07 	6.28319 	1.05843 	1.0307 	1.0307
4 	5 	0.589302 	1.47346 	0.887258 	0.118199 	0.635358 	0.00204373 	3.27882e+07 	6.28319 	1.04384 	1.0253 	1.0253
4 	6 	0.582604 	1.57362 	0.884872 	0.135276 	0.594327 	0.00206129 	3.27949e+07 	6.28319 	1.01763 	1.02099 	1.02099
4 	7 	0.56564 	1.71227 	0.876429 	0.167139 	0.531353 	0.00243152 	2.44931e+07 	4.43314 	1.01781 	1.05666 	1.05666
5	8
5 	0 	0.582574 	1.06739 	1.08844 	0.0635488 	0.814557 	0.00296518 	1.49409e+07 	6.28319 	1.00993 	1.00497 	1.00497
5 	1 	0.594095 	1.1408 	1.08594 	0.0725588 	0.762791 	0.00301091 	1.46036e+07 	6.28319 	1.01596 	1.00807 	1.00807
5 	2 	0.597396 	1.18822 	1.08465 	0.0799842 	0.730742 	0.00311279 	1.37131e+07 	6.28319 	1.00788 	1.0042 	1.0042
5 	3 	0.597157 	1.24997 	1.08241 	0.0873665 	0.709339 	0.0030478 	1.43979e+07 	6.28319 	1.00138 	1.00102 	1.00102
5 	4 	0.595112 	1.33691 	1.07929 	0.0963163 	0.690837 	0.0030507 	1.45331e+07 	6.28319 	1.00007 	1.00098 	1.00098
5 	5 	0.591748 	1.45318 	1.07792 	0.107237 	0.672745 	0.00320325 	1.34074e+07 	6.28319 	1.00187 	1.00235 	1.00235
5 	6 	0.58636 	1.60479 	1.07608 	0.121726 	0.651883 	0.00325423 	1.33254e+07 	6.28319 	1.00788 	1.00757 	1.00757
5 	7 	0.571485 	1.75426 	1.06589 	0.14582 	0.597255 	0.0039521 	9.31394e+06 	5.13127 	1.11168 	1.07023 	1.07023
6	8
6 	0 	0.588216 	1.05417 	1.26757 	0.061652 	0.828792 	0.00759678 	2.7804e+06 	6.28319 	1.00581 	1.00317 	1.00317
6 	1 	0.598231 	1.11053 	1.26659 	0.068515 	0.78508 	0.00766352 	2.67129e+06 	6.28319 	1.00006 	1.00004 	1.00004
6 	2 	0.603036 	1.16916 	1.26432 	0.0744998 	0.761071 	0.00764328 	2.66028e+06 	6.28319 	1.00171 	1.00129 	1.00129
6 	3 	0.600754 	1.23712 	1.2623 	0.0809008 	0.74492 	0.00767426 	2.63747e+06 	6.28319 	1.01609 	1.00856 	1.00856
6 	4 	0.60036 	1.32691 	1.26003 	0.088316 	0.73108 	0.00793563 	2.47651e+06 	6.28319 	1.02662 	1.01384 	1.01384
6 	5 	0.597142 	1.44985 	1.25935 	0.097661 	0.721244 	0.00797681 	2.4782e+06 	6.28319 	1.0492 	1.02562 	1.02562
6 	6 	0.593884 	1.63176 	1.25688 	0.111625 	0.709149 	0.00805112 	2.47804e+06 	5.79449 	1.06187 	1.03349 	1.03349
6 	7 	0.578495 	1.83394 	1.25099 	0.13135 	0.677786 	0.0111641 	1.32027e+06 	4.57276 	1.18523 	1.10097 	1.10097
7	1
7 	0 	0.601468 	1.26882 	1.44727 	0.0777111 	0.795553 	0.0117957 	1.02033e+06 	5.16617 	1.11457 	1.06016 	1.06016
