7
0	8
0 	0 	0.578291 	2.2076 	0.135405 	0.182752 	0.587873 	0.00235478 	2.63008e+07 	6.24828 	1.00169 	1.00085 	1.00085
0 	1 	0.58097 	2.30514 	0.127939 	0.211552 	0.536496 	0.00242477 	2.7183e+07 	6.28319 	1.00581 	1.00308 	1.00308
0 	2 	0.586277 	2.36816 	0.129207 	0.229851 	0.51311 	0.00252614 	2.65712e+07 	6.28319 	1.00703 	1.00367 	1.00367
0 	3 	0.582674 	2.44351 	0.12385 	0.246461 	0.497056 	0.00259039 	2.65781e+07 	6.28319 	1.00866 	1.00439 	1.00439
0 	4 	0.582325 	2.51739 	0.125784 	0.263264 	0.482665 	0.00267127 	2.63027e+07 	6.28319 	1.00581 	1.00291 	1.00291
0 	5 	0.578616 	2.62393 	0.124034 	0.282604 	0.469422 	0.00273505 	2.65493e+07 	6.28319 	1.0004 	1.0002 	1.0002
0 	6 	0.578799 	2.74223 	0.130835 	0.307124 	0.45565 	0.00285579 	2.61338e+07 	6.28319 	1.00062 	1.00085 	1.00085
0 	7 	0.571558 	3.01308 	0.13529 	0.349417 	0.448286 	0.0034021 	2.06403e+07 	6.28319 	1.01927 	1.01085 	1.01085
1	8
1 	0 	0.579078 	2.16739 	0.313053 	0.162707 	0.647505 	0.00173951 	4.53e+07 	3.97935 	1.00574 	1.00288 	1.00288
1 	1 	0.583043 	2.28377 	0.303802 	0.191383 	0.580094 	0.00185192 	4.37839e+07 	4.60767 	1.02796 	1.01592 	1.01592
1 	2 	0.585246 	2.37314 	0.298623 	0.212135 	0.55035 	0.00190899 	4.40513e+07 	6.24828 	1.10481 	1.05267 	1.05267
1 	3 	0.586357 	2.45907 	0.295457 	0.231511 	0.52654 	0.00195391 	4.4713e+07 	6.28319 	1.20542 	1.11017 	1.11017
1 	4 	0.586783 	2.54322 	0.290784 	0.251512 	0.503217 	0.00205442 	4.30278e+07 	6.28319 	1.2271 	1.1169 	1.1169
1 	5 	0.583226 	2.59097 	0.290052 	0.274737 	0.473767 	0.00208721 	4.46136e+07 	6.28319 	1.13683 	1.07692 	1.07692
1 	6 	0.577254 	2.67453 	0.289995 	0.303056 	0.447532 	0.0022007 	4.34469e+07 	6.28319 	1.02817 	1.02471 	1.02471
1 	7 	0.564442 	2.96407 	0.291277 	0.350791 	0.433026 	0.00258838 	3.56632e+07 	5.89921 	1.00513 	1.02542 	1.02542
2	8
2 	0 	0.581555 	2.12176 	0.501003 	0.150133 	0.685816 	0.00212849 	2.91205e+07 	4.29351 	1.00259 	1.00199 	1.00199
2 	1 	0.585606 	2.22895 	0.492153 	0.171599 	0.629325 	0.00222643 	2.84835e+07 	4.50295 	1.0572 	1.03094 	1.03094
2 	2 	0.588902 	2.32665 	0.489278 	0.189323 	0.596105 	0.00226421 	2.91771e+07 	4.7822 	1.20314 	1.10439 	1.10439
2 	3 	0.590028 	2.40505 	0.486972 	0.207893 	0.566484 	0.00238422 	2.79284e+07 	4.85202 	1.49306 	1.24694 	1.24694
2 	4 	0.588537 	2.47823 	0.487114 	0.227795 	0.537806 	0.00243693 	2.84494e+07 	5.02655 	1.7587 	1.39725 	1.39725
2 	5 	0.586194 	2.57317 	0.487199 	0.249962 	0.511245 	0.00252636 	2.83323e+07 	5.27089 	1.74259 	1.43157 	1.43157
2 	6 	0.577819 	2.66178 	0.485275 	0.278256 	0.478636 	0.00263508 	2.82577e+07 	5.37561 	1.60585 	1.42008 	1.42008
2 	7 	0.561809 	2.93016 	0.477725 	0.327446 	0.455234 	0.00303103 	2.44225e+07 	3.94444 	1.21207 	1.30674 	1.30674
3	8
3 	0 	0.588608 	2.10066 	0.685608 	0.144438 	0.705216 	0.00321088 	1.25995e+07 	5.02655 	1.05422 	1.03034 	1.03034
3 	1 	0.592487 	2.20852 	0.683551 	0.162516 	0.658326 	0.00337222 	1.20937e+07 	5.09636 	1.31471 	1.15742 	1.15742
3 	2 	0.592433 	2.28732 	0.684809 	0.178912 	0.619354 	0.00345203 	1.2156e+07 	5.79449 	1.74133 	1.37948 	1.37948
3 	3 	0.59073 	2.35926 	0.684519 	0.196389 	0.584718 	0.00358814 	1.18899e+07 	5.86431 	2.05923 	1.56489 	1.56489
3 	4 	0.587614 	2.41843 	0.68414 	0.21471 	0.554137 	0.00368295 	1.19483e+07 	5.96903 	1.86522 	1.50458 	1.50458
3 	5 	0.581187 	2.5172 	0.681063 	0.235257 	0.528949 	0.00380584 	1.19141e+07 	5.96903 	1.61073 	1.41246 	1.41246
3 	6 	0.57341 	2.69647 	0.678065 	0.260768 	0.511941 	0.00400907 	1.15937e+07 	5.34071 	1.4203 	1.34957 	1.34957
3 	7 	0.559494 	3.00418 	0.670179 	0.304791 	0.493197 	0.00500399 	8.42979e+06 	3.49066 	1.26062 	1.41991 	1.41991
4	8
4 	0 	0.592842 	2.08722 	0.888576 	0.141592 	0.714625 	0.00595563 	4.35375e+06 	6.28319 	1.30802 	1.15803 	1.15803
4 	1 	0.591139 	2.17618 	0.889974 	0.157618 	0.668809 	0.0060572 	4.3044e+06 	6.28319 	1.51052 	1.26622 	1.26622
4 	2 	0.590298 	2.23874 	0.88933 	0.170986 	0.634209 	0.00621546 	4.15723e+06 	6.28319 	1.40233 	1.21527 	1.21527
4 	3 	0.587198 	2.30309 	0.888047 	0.184454 	0.604922 	0.00616011 	4.3126e+06 	5.68977 	1.26122 	1.165 	1.165
4 	4 	0.580131 	2.37395 	0.887391 	0.198776 	0.581167 	0.00636334 	4.13515e+06 	5.51524 	1.14163 	1.12244 	1.12244
4 	5 	0.573514 	2.46814 	0.88146 	0.215095 	0.561569 	0.00647183 	4.12061e+06 	4.57276 	1.07017 	1.09955 	1.09955
4 	6 	0.566462 	2.68843 	0.876884 	0.236799 	0.554313 	0.00673687 	4.02346e+06 	4.46804 	1.05621 	1.12671 	1.12671
4 	7 	0.554951 	3.03066 	0.869146 	0.273577 	0.540158 	0.00846874 	2.78359e+06 	4.04916 	1.03636 	1.23912 	1.23912
5	5
5 	0 	0.58894 	2.09333 	1.08589 	0.142734 	0.711098 	0.00797204 	2.43583e+06 	6.28319 	1.0393 	1.02078 	1.02078
5 	1 	0.584076 	2.19 	1.08283 	0.160565 	0.660778 	0.00801095 	2.4741e+06 	5.37561 	1.0028 	1.01232 	1.01232
5 	2 	0.573501 	2.29579 	1.07584 	0.17706 	0.628113 	0.00827048 	2.38665e+06 	4.29351 	1.01304 	1.03298 	1.03298
5 	3 	0.562074 	2.48374 	1.06825 	0.19924 	0.603964 	0.00854027 	2.34529e+06 	4.08407 	1.05636 	1.07021 	1.07021
5 	4 	0.548855 	2.91426 	1.05642 	0.236384 	0.59712 	0.0124408 	1.21691e+06 	3.63028 	1.0821 	1.1165 	1.1165
6	1
6 	0 	0.571884 	2.23674 	1.25232 	0.157987 	0.688889 	0.0120504 	1.21891e+06 	4.18879 	1.16223 	1.09679 	1.09679
