7
0	8
0 	0 	0.578994 	2.2173 	0.136967 	0.183128 	0.589399 	0.0022825 	1.5377e+07 	6.28319 	1.00632 	1.00456 	1.00456
0 	1 	0.578261 	2.30448 	0.130306 	0.211043 	0.537386 	0.00232716 	1.53943e+07 	6.28319 	1.00718 	1.00395 	1.00395
0 	2 	0.581274 	2.36299 	0.127867 	0.229134 	0.513091 	0.00234296 	1.55834e+07 	6.28319 	1.00629 	1.00315 	1.00315
0 	3 	0.581173 	2.43769 	0.125123 	0.24617 	0.497387 	0.00236719 	1.5673e+07 	6.28319 	1.01064 	1.00611 	1.00611
0 	4 	0.581268 	2.52328 	0.127247 	0.262879 	0.483111 	0.0024811 	1.46318e+07 	6.28319 	1.01306 	1.00661 	1.00661
0 	5 	0.577557 	2.61363 	0.127628 	0.281394 	0.469774 	0.00250044 	1.48352e+07 	6.28319 	1.00967 	1.00485 	1.00485
0 	6 	0.576063 	2.74131 	0.129475 	0.306129 	0.458155 	0.00254484 	1.48216e+07 	6.28319 	1.00011 	1.00009 	1.00009
0 	7 	0.569373 	3.00539 	0.134128 	0.348695 	0.447815 	0.00302626 	1.10488e+07 	6.28319 	1.01828 	1.01013 	1.01013
1	8
1 	0 	0.576137 	2.16288 	0.312227 	0.161146 	0.652223 	0.00172434 	2.62751e+07 	3.94444 	1.00805 	1.00426 	1.00426
1 	1 	0.580426 	2.28196 	0.302914 	0.189661 	0.584414 	0.00175016 	2.63646e+07 	4.50295 	1.01644 	1.01075 	1.01075
1 	2 	0.584039 	2.36066 	0.300134 	0.210005 	0.552287 	0.00180777 	2.53987e+07 	5.3058 	1.09267 	1.04732 	1.04732
1 	3 	0.58471 	2.45458 	0.295157 	0.229312 	0.530743 	0.00183523 	2.53725e+07 	6.14356 	1.18509 	1.09349 	1.09349
1 	4 	0.585288 	2.53487 	0.293643 	0.249638 	0.506043 	0.00187797 	2.49826e+07 	6.28319 	1.21113 	1.10939 	1.10939
1 	5 	0.582963 	2.57647 	0.29034 	0.272739 	0.473967 	0.00191383 	2.49177e+07 	6.28319 	1.13756 	1.07687 	1.07687
1 	6 	0.576388 	2.67189 	0.289857 	0.301062 	0.449721 	0.00194572 	2.51755e+07 	6.28319 	1.03956 	1.03257 	1.03257
1 	7 	0.563712 	2.94272 	0.291408 	0.348775 	0.431937 	0.00220942 	2.08167e+07 	5.86431 	1.00375 	1.02288 	1.02288
2	8
2 	0 	0.57914 	2.12 	0.501079 	0.149552 	0.687837 	0.00212851 	1.70141e+07 	4.15388 	1.00256 	1.0025 	1.0025
2 	1 	0.583299 	2.22597 	0.491437 	0.170672 	0.631903 	0.00213031 	1.73329e+07 	4.60767 	1.04964 	1.0264 	1.0264
2 	2 	0.587789 	2.32264 	0.490514 	0.187927 	0.599212 	0.00221524 	1.63565e+07 	4.60767 	1.18678 	1.0946 	1.0946
2 	3 	0.587701 	2.39534 	0.487743 	0.205818 	0.569219 	0.0022314 	1.65396e+07 	4.95673 	1.47209 	1.23611 	1.23611
2 	4 	0.58531 	2.47184 	0.487471 	0.226271 	0.539835 	0.00223889 	1.69675e+07 	5.06145 	1.78422 	1.40907 	1.40907
2 	5 	0.583764 	2.56894 	0.486127 	0.249453 	0.511884 	0.00229313 	1.67721e+07 	5.20108 	1.80568 	1.46075 	1.46075
2 	6 	0.574107 	2.65344 	0.485318 	0.278863 	0.477521 	0.00238936 	1.62322e+07 	5.37561 	1.55783 	1.40159 	1.40159
2 	7 	0.55999 	2.9267 	0.477127 	0.327855 	0.454286 	0.00272502 	1.34228e+07 	4.36332 	1.2115 	1.29675 	1.29675
3	8
3 	0 	0.585822 	2.09705 	0.686674 	0.143691 	0.707652 	0.00321575 	7.39276e+06 	4.99164 	1.06438 	1.03303 	1.03303
3 	1 	0.589373 	2.19572 	0.683762 	0.16103 	0.66053 	0.00334762 	6.92133e+06 	5.02655 	1.29602 	1.14802 	1.14802
3 	2 	0.591124 	2.27366 	0.683555 	0.176229 	0.625005 	0.00330674 	7.21503e+06 	5.09636 	1.69483 	1.352 	1.352
3 	3 	0.58962 	2.35068 	0.684625 	0.193417 	0.590483 	0.00336398 	7.14038e+06 	5.68977 	2.09362 	1.5782 	1.5782
3 	4 	0.588124 	2.40862 	0.684937 	0.211889 	0.558008 	0.00345838 	6.94541e+06 	5.96903 	1.98709 	1.56453 	1.56453
3 	5 	0.578599 	2.5059 	0.683326 	0.232132 	0.533899 	0.00349116 	7.07146e+06 	6.28319 	1.64033 	1.42785 	1.42785
3 	6 	0.572967 	2.65679 	0.678494 	0.257252 	0.511619 	0.00359452 	6.95962e+06 	5.93412 	1.4268 	1.35756 	1.35756
3 	7 	0.559052 	2.96844 	0.669656 	0.301321 	0.492451 	0.00420588 	5.46469e+06 	3.80482 	1.26558 	1.41217 	1.41217
4	8
4 	0 	0.59223 	2.08301 	0.888375 	0.14088 	0.716708 	0.0054953 	2.58787e+06 	6.28319 	1.3227 	1.16526 	1.16526
4 	1 	0.590051 	2.17008 	0.889247 	0.156595 	0.671301 	0.00549406 	2.6013e+06 	6.28319 	1.49356 	1.25921 	1.25921
4 	2 	0.587376 	2.23335 	0.890236 	0.169939 	0.636575 	0.0055515 	2.56985e+06 	6.21337 	1.41372 	1.23121 	1.23121
4 	3 	0.583302 	2.29678 	0.889783 	0.18345 	0.606459 	0.0055955 	2.56362e+06 	6.00393 	1.24623 	1.15687 	1.15687
4 	4 	0.578296 	2.36188 	0.887653 	0.197851 	0.580667 	0.00565332 	2.55756e+06 	5.23599 	1.12637 	1.12041 	1.12041
4 	5 	0.57095 	2.45155 	0.882638 	0.213921 	0.561461 	0.005828 	2.46831e+06 	4.53786 	1.06 	1.0994 	1.0994
4 	6 	0.564484 	2.67053 	0.877411 	0.235761 	0.552758 	0.0059835 	2.42807e+06 	4.60767 	1.04273 	1.12347 	1.12347
4 	7 	0.55408 	3.01043 	0.868498 	0.272322 	0.539274 	0.00745922 	1.66265e+06 	4.15388 	1.03795 	1.23344 	1.23344
5	3
5 	0 	0.585811 	2.12252 	1.0859 	0.14823 	0.695026 	0.00565333 	2.45885e+06 	6.28319 	1.02162 	1.01443 	1.01443
5 	1 	0.573418 	2.29348 	1.0789 	0.176476 	0.630013 	0.00581162 	2.37932e+06 	4.7822 	1.01292 	1.02788 	1.02788
5 	2 	0.554108 	2.68169 	1.06244 	0.216762 	0.599475 	0.00700416 	1.73816e+06 	3.87463 	1.08101 	1.09788 	1.09788
6	1
6 	0 	0.571558 	2.23371 	1.25262 	0.157707 	0.689124 	0.0102143 	770205 	4.39823 	1.16302 	1.09752 	1.09752
