6
0	8
0 	0 	0.443859 	2.20116 	0.141333 	0.177388 	0.603531 	0.00222505 	1.72866e+07 	6.14356 	1.00092 	1.00059 	1.00059
0 	1 	0.444872 	2.31116 	0.128642 	0.207616 	0.547291 	0.00227067 	1.74312e+07 	6.28319 	1.01285 	1.00714 	1.00714
0 	2 	0.445011 	2.37427 	0.122391 	0.228275 	0.518402 	0.00232568 	1.72263e+07 	6.28319 	1.02124 	1.01112 	1.01112
0 	3 	0.446289 	2.46559 	0.124765 	0.246478 	0.500656 	0.0023443 	1.74943e+07 	6.28319 	1.01629 	1.00816 	1.00816
0 	4 	0.445314 	2.54192 	0.12594 	0.265422 	0.482107 	0.00237377 	1.76384e+07 	6.28319 	1.02809 	1.01416 	1.01416
0 	5 	0.446218 	2.61751 	0.123798 	0.285985 	0.462924 	0.00244351 	1.72029e+07 	6.28319 	1.01097 	1.00724 	1.00724
0 	6 	0.446053 	2.72279 	0.128016 	0.310944 	0.44748 	0.00251588 	1.68556e+07 	6.28319 	1.00002 	1.00127 	1.00127
0 	7 	0.445983 	2.98305 	0.13354 	0.354564 	0.436385 	0.00286824 	1.37152e+07 	6.28319 	1.04218 	1.0237 	1.0237
1	8
1 	0 	0.444181 	2.15078 	0.311157 	0.156466 	0.667632 	0.0017582 	2.68674e+07 	4.18879 	1.00023 	1.00027 	1.00027
1 	1 	0.446207 	2.27008 	0.300998 	0.182798 	0.602033 	0.00178567 	2.70313e+07 	4.43314 	1.03967 	1.02235 	1.02235
1 	2 	0.44644 	2.37396 	0.295121 	0.203958 	0.569477 	0.00183114 	2.66324e+07 	4.71239 	1.15791 	1.08111 	1.08111
1 	3 	0.447278 	2.46542 	0.295128 	0.225352 	0.54018 	0.00188287 	2.6137e+07 	5.48033 	1.38917 	1.19603 	1.19603
1 	4 	0.448395 	2.54349 	0.291525 	0.248665 	0.509019 	0.00189744 	2.67842e+07 	6.14356 	1.45976 	1.24403 	1.24403
1 	5 	0.44721 	2.57311 	0.289433 	0.275519 	0.469228 	0.00195447 	2.64178e+07 	6.28319 	1.30511 	1.19849 	1.19849
1 	6 	0.447842 	2.62212 	0.290288 	0.307531 	0.433522 	0.00202535 	2.58271e+07 	6.14356 	1.06289 	1.0918 	1.0918
1 	7 	0.448055 	2.93764 	0.290104 	0.358162 	0.419507 	0.00231517 	2.10867e+07 	5.06145 	1.00265 	1.08421 	1.08421
2	8
2 	0 	0.446819 	2.11278 	0.492177 	0.147088 	0.696822 	0.00223931 	1.63446e+07 	4.71239 	1.04685 	1.02538 	1.02538
2 	1 	0.44809 	2.23495 	0.487174 	0.167984 	0.644635 	0.00229826 	1.59402e+07 	4.85202 	1.26785 	1.13415 	1.13415
2 	2 	0.44847 	2.33427 	0.485756 	0.187819 	0.602918 	0.00233086 	1.59817e+07 	5.37561 	1.68853 	1.35103 	1.35103
2 	3 	0.447562 	2.41391 	0.487659 	0.210367 	0.563308 	0.00235863 	1.62233e+07 	5.48033 	2.08513 	1.59041 	1.59041
2 	4 	0.4475 	2.49468 	0.489683 	0.235444 	0.525689 	0.00241794 	1.61284e+07 	5.61996 	1.73173 	1.46171 	1.46171
2 	5 	0.446601 	2.5491 	0.489679 	0.262707 	0.486308 	0.00250755 	1.5721e+07 	5.72468 	1.38667 	1.36279 	1.36279
2 	6 	0.445673 	2.61081 	0.487857 	0.29637 	0.447961 	0.00256848 	1.5822e+07 	3.87463 	1.12341 	1.32629 	1.32629
2 	7 	0.446037 	2.90516 	0.485177 	0.349066 	0.427232 	0.00287274 	1.35733e+07 	2.72271 	1.01232 	1.46359 	1.46359
3	8
3 	0 	0.447872 	2.11104 	0.683029 	0.146166 	0.700697 	0.0033401 	7.33559e+06 	6.28319 	1.41881 	1.2184 	1.2184
3 	1 	0.446393 	2.22435 	0.686198 	0.168537 	0.639596 	0.00351321 	6.83241e+06 	6.21337 	1.41399 	1.23431 	1.23431
3 	2 	0.446395 	2.3139 	0.686573 	0.189048 	0.594131 	0.00348748 	7.15978e+06 	6.10865 	1.22288 	1.16025 	1.16025
3 	3 	0.446456 	2.38183 	0.688386 	0.209932 	0.557777 	0.00358793 	7.00777e+06 	4.57276 	1.06435 	1.10973 	1.10973
3 	4 	0.445654 	2.4522 	0.68965 	0.23148 	0.526293 	0.00364941 	7.03752e+06 	4.32842 	1.00226 	1.11013 	1.11013
3 	5 	0.446182 	2.50909 	0.687206 	0.254222 	0.494924 	0.00373254 	6.99526e+06 	4.29351 	1.01248 	1.13839 	1.13839
3 	6 	0.444229 	2.62345 	0.681477 	0.281875 	0.469784 	0.00384746 	6.90436e+06 	3.42085 	1.05993 	1.22332 	1.22332
3 	7 	0.443281 	2.96809 	0.672759 	0.328058 	0.461384 	0.00447974 	5.45562e+06 	2.79253 	1.10731 	1.42236 	1.42236
4	8
4 	0 	0.448543 	2.10114 	0.886961 	0.144703 	0.704231 	0.00556119 	2.77782e+06 	5.96903 	1.00002 	1.0034 	1.0034
4 	1 	0.448327 	2.2058 	0.885054 	0.164125 	0.651146 	0.00565002 	2.70244e+06 	3.90954 	1.03628 	1.03746 	1.03746
4 	2 	0.44894 	2.28095 	0.885803 	0.180502 	0.612171 	0.00572642 	2.65572e+06 	3.52557 	1.12854 	1.10459 	1.10459
4 	3 	0.449771 	2.35625 	0.886831 	0.196926 	0.581611 	0.0057585 	2.66748e+06 	3.45575 	1.23675 	1.16659 	1.16659
4 	4 	0.450456 	2.40679 	0.881951 	0.213796 	0.551692 	0.00592671 	2.57211e+06 	3.1765 	1.43841 	1.27083 	1.27083
4 	5 	0.449481 	2.52515 	0.878098 	0.232119 	0.535027 	0.00599937 	2.58646e+06 	3.1765 	1.51443 	1.30266 	1.30266
4 	6 	0.44755 	2.7134 	0.8739 	0.255241 	0.521614 	0.00612548 	2.58341e+06 	3.14159 	1.5785 	1.35814 	1.35814
4 	7 	0.443495 	3.04909 	0.865929 	0.29483 	0.51047 	0.00722443 	1.9905e+06 	2.61799 	1.72445 	1.48863 	1.48863
5	2
5 	0 	0.459542 	2.20059 	1.07873 	0.160089 	0.669108 	0.00600914 	2.37929e+06 	3.49066 	1.67899 	1.37072 	1.37072
5 	1 	0.458671 	2.68729 	1.06056 	0.221133 	0.589977 	0.00685076 	1.94669e+06 	2.51327 	2.46356 	1.78551 	1.78551
