0 0.323316 0.0981387 1.1826 0.15835 0.000451849 0.0279365 -1.98513e-05 0.394966 -0.218918 0.321344 -0.171736 
1 0.323721 0.120971 1.32576 0.144115 0.000280152 0.034119 -2.32811e-05 0.394966 -0.218918 0.321344 -0.171736 
2 0.323827 0.137078 1.42174 0.136838 0.000208158 0.0372464 -2.63551e-05 0.394966 -0.218918 0.321344 -0.171736 
3 0.324658 0.15185 1.48686 0.127695 0.000161989 0.038596 -2.84632e-05 0.394966 -0.218918 0.321344 -0.171736 
4 0.324429 0.167933 1.54778 0.121666 0.000129697 0.0400539 -3.07836e-05 0.394966 -0.218918 0.321344 -0.171736 
5 0.324299 0.185398 1.59744 0.116815 0.000105715 0.0410871 -3.43881e-05 0.394966 -0.218918 0.321344 -0.171736 
6 0.324586 0.209337 1.67067 0.111849 8.02274e-05 0.0410655 -3.81836e-05 0.394966 -0.218918 0.321344 -0.171736 
7 0.32427 0.251878 1.77879 0.120638 5.86422e-05 0.0435777 -5.43554e-05 0.394966 -0.218918 0.321344 -0.171736 
8 0.323053 0.0754367 1.11806 0.324665 0.000818735 0.0230214 -1.15765e-05 0.394966 -0.218918 0.321344 -0.171736 
9 0.323879 0.0906643 1.20735 0.311597 0.000612708 0.0342689 -1.70255e-05 0.394966 -0.218918 0.321344 -0.171736 
10 0.323687 0.102482 1.30835 0.305978 0.000473616 0.0409288 -2.10369e-05 0.394966 -0.218918 0.321344 -0.171736 
11 0.324452 0.114958 1.40859 0.299841 0.000368385 0.0472849 -2.45869e-05 0.394966 -0.218918 0.321344 -0.171736 
12 0.324065 0.128719 1.50323 0.296327 0.00029298 0.054239 -2.98322e-05 0.394966 -0.218918 0.321344 -0.171736 
13 0.324541 0.14605 1.55119 0.295296 0.000245135 0.0641734 -4.05056e-05 0.394966 -0.218918 0.321344 -0.171736 
14 0.324739 0.173752 1.58818 0.293502 0.000197348 0.0766802 -5.74101e-05 0.394966 -0.218918 0.321344 -0.171736 
15 0.324732 0.2279 1.70951 0.295013 0.000122901 0.0850011 -8.46976e-05 0.394966 -0.218918 0.321344 -0.171736 
16 0.32359 0.0672625 1.09415 0.500788 0.000629097 0.0149209 -8.97938e-06 0.394966 -0.218918 0.321344 -0.171736 
17 0.324566 0.0801027 1.18111 0.492421 0.00048937 0.0245079 -1.48513e-05 0.394966 -0.218918 0.321344 -0.171736 
18 0.324381 0.0908127 1.26485 0.490749 0.000392336 0.0316487 -1.95769e-05 0.394966 -0.218918 0.321344 -0.171736 
19 0.324331 0.102875 1.35798 0.489622 0.000310873 0.0392736 -2.40355e-05 0.394966 -0.218918 0.321344 -0.171736 
20 0.324447 0.117169 1.4615 0.489622 0.000241354 0.0476752 -2.91848e-05 0.394966 -0.218918 0.321344 -0.171736 
21 0.324379 0.135737 1.52888 0.489531 0.000194181 0.0596128 -3.76749e-05 0.394966 -0.218918 0.321344 -0.171736 
22 0.324575 0.165161 1.57158 0.488467 0.000152277 0.0756382 -5.25086e-05 0.394966 -0.218918 0.321344 -0.171736 
23 0.324385 0.222872 1.71368 0.487706 8.97887e-05 0.0873637 -0.000102448 0.394966 -0.218918 0.321344 -0.171736 
24 0.326046 0.0636883 1.07488 0.675517 0.000196228 0.0110723 -1.62232e-05 0.394966 -0.218918 0.321344 -0.171736 
25 0.3261 0.0745826 1.16812 0.671532 0.000158077 0.0173565 -2.50976e-05 0.394966 -0.218918 0.321344 -0.171736 
26 0.326746 0.0844898 1.24276 0.668796 0.000132547 0.0233427 -3.40201e-05 0.394966 -0.218918 0.321344 -0.171736 
27 0.327148 0.0948762 1.33662 0.666025 0.00011029 0.028675 -4.25959e-05 0.394966 -0.218918 0.321344 -0.171736 
28 0.326629 0.106733 1.45228 0.665833 8.75321e-05 0.0339368 -5.42179e-05 0.394966 -0.218918 0.321344 -0.171736 
29 0.326809 0.12156 1.58023 0.664686 6.84066e-05 0.0404666 -6.68459e-05 0.394966 -0.218918 0.321344 -0.171736 
30 0.327679 0.143747 1.67355 0.659631 5.45034e-05 0.0519382 -0.000103852 0.394966 -0.218918 0.321344 -0.171736 
31 0.330235 0.189487 1.77808 0.644989 3.97761e-05 0.0693506 -0.000286826 0.394966 -0.218918 0.321344 -0.171736 
32 0.332189 0.0646603 1.09511 0.84587 -9.83111e-05 0.000824352 1.84129e-05 0.394966 -0.218918 0.321344 -0.171736 
33 0.333434 0.0808895 1.29209 0.842432 -4.89287e-05 -0.000112725 5.01759e-05 0.394966 -0.218918 0.321344 -0.171736 
34 0.333421 0.104362 1.58048 0.841303 -2.07433e-05 -0.00369719 0.000111226 0.394966 -0.218918 0.321344 -0.171736 
35 0.335469 0.134961 1.85099 0.83342 -8.18845e-06 -0.0168469 0.000471457 0.394966 -0.218918 0.321344 -0.171736 
36 0.372792 0.104025 1.20558 0.155955 0.000291217 0.0258037 -2.45934e-05 0.394966 -0.218918 0.321344 -0.171736 
37 0.374518 0.126201 1.34096 0.141428 0.00018201 0.03001 -2.8497e-05 0.394966 -0.218918 0.321344 -0.171736 
38 0.374202 0.14228 1.42061 0.133021 0.000138234 0.0323068 -3.08558e-05 0.394966 -0.218918 0.321344 -0.171736 
39 0.374192 0.156485 1.49144 0.126673 0.000109348 0.0335176 -3.45289e-05 0.394966 -0.218918 0.321344 -0.171736 
40 0.374128 0.171418 1.5429 0.121079 8.94743e-05 0.0345164 -3.6973e-05 0.394966 -0.218918 0.321344 -0.171736 
41 0.374151 0.188778 1.61205 0.11688 7.11889e-05 0.0351326 -3.97632e-05 0.394966 -0.218918 0.321344 -0.171736 
42 0.374845 0.211196 1.66989 0.115003 5.68525e-05 0.0360157 -4.13709e-05 0.394966 -0.218918 0.321344 -0.171736 
43 0.374008 0.251552 1.79021 0.122089 4.10427e-05 0.0379718 -5.61995e-05 0.394966 -0.218918 0.321344 -0.171736 
44 0.373199 0.0790726 1.12404 0.324194 0.000566332 0.0237221 -1.51805e-05 0.394966 -0.218918 0.321344 -0.171736 
45 0.373663 0.0951563 1.22805 0.311967 0.000411935 0.0335048 -2.1528e-05 0.394966 -0.218918 0.321344 -0.171736 
46 0.374092 0.107965 1.32933 0.306797 0.000315459 0.039845 -2.57707e-05 0.394966 -0.218918 0.321344 -0.171736 
47 0.374478 0.120782 1.42696 0.301546 0.000246937 0.0454873 -3.11302e-05 0.394966 -0.218918 0.321344 -0.171736 
48 0.374365 0.13464 1.50104 0.296522 0.000202173 0.0517888 -3.66448e-05 0.394966 -0.218918 0.321344 -0.171736 
49 0.374083 0.152704 1.56028 0.29393 0.000166655 0.0598458 -4.74239e-05 0.394966 -0.218918 0.321344 -0.171736 
50 0.374687 0.181149 1.59802 0.292598 0.00013345 0.0700971 -6.96854e-05 0.394966 -0.218918 0.321344 -0.171736 
51 0.374476 0.235231 1.72931 0.293414 8.24483e-05 0.0761336 -9.64024e-05 0.394966 -0.218918 0.321344 -0.171736 
52 0.373245 0.0693349 1.10316 0.502571 0.000459487 0.0162151 -1.20148e-05 0.394966 -0.218918 0.321344 -0.171736 
53 0.374138 0.0831614 1.18246 0.493145 0.000360742 0.026743 -1.98931e-05 0.394966 -0.218918 0.321344 -0.171736 
54 0.374383 0.0937708 1.27237 0.492998 0.000284797 0.0330919 -2.64168e-05 0.394966 -0.218918 0.321344 -0.171736 
55 0.374275 0.105715 1.37323 0.490632 0.0002245 0.0398244 -3.17318e-05 0.394966 -0.218918 0.321344 -0.171736 
56 0.374566 0.120137 1.48011 0.49124 0.000173105 0.0477065 -3.87948e-05 0.394966 -0.218918 0.321344 -0.171736 
57 0.374236 0.138886 1.5201 0.490211 0.000145485 0.0602412 -4.93027e-05 0.394966 -0.218918 0.321344 -0.171736 
58 0.374176 0.170546 1.55578 0.493142 0.00011258 0.07653 -6.35199e-05 0.394966 -0.218918 0.321344 -0.171736 
59 0.373736 0.228228 1.70522 0.494868 6.54666e-05 0.0868319 -0.00012166 0.394966 -0.218918 0.321344 -0.171736 
60 0.374541 0.0650787 1.08285 0.681949 0.000163153 0.0127832 -1.78958e-05 0.394966 -0.218918 0.321344 -0.171736 
61 0.375232 0.076601 1.17482 0.678774 0.000128704 0.020181 -3.04303e-05 0.394966 -0.218918 0.321344 -0.171736 
62 0.374975 0.0864892 1.24217 0.678043 0.00010674 0.0269069 -3.99589e-05 0.394966 -0.218918 0.321344 -0.171736 
63 0.375337 0.097347 1.33071 0.676797 8.73168e-05 0.0332034 -4.91623e-05 0.394966 -0.218918 0.321344 -0.171736 
64 0.375305 0.110717 1.43488 0.676594 6.9004e-05 0.0405458 -5.91434e-05 0.394966 -0.218918 0.321344 -0.171736 
65 0.375068 0.127467 1.54085 0.675205 5.43059e-05 0.0495517 -7.62128e-05 0.394966 -0.218918 0.321344 -0.171736 
66 0.375864 0.152418 1.61462 0.671782 4.2526e-05 0.0633808 -0.00011257 0.394966 -0.218918 0.321344 -0.171736 
67 0.376813 0.204311 1.74549 0.66199 2.79181e-05 0.0802794 -0.000235334 0.394966 -0.218918 0.321344 -0.171736 
68 0.376761 0.0619719 1.06142 0.873897 -8.1861e-05 -0.000562048 1.59923e-05 0.394966 -0.218918 0.321344 -0.171736 
69 0.377449 0.0704964 1.13906 0.872235 -6.10549e-05 -0.00119302 2.79094e-05 0.394966 -0.218918 0.321344 -0.171736 
70 0.377559 0.078386 1.2164 0.86613 -4.38762e-05 -0.00283097 4.49905e-05 0.394966 -0.218918 0.321344 -0.171736 
71 0.378706 0.0868881 1.29708 0.866931 -3.37793e-05 -0.00419343 6.89032e-05 0.394966 -0.218918 0.321344 -0.171736 
72 0.378034 0.0973676 1.41905 0.863954 -2.2368e-05 -0.00783203 9.78574e-05 0.394966 -0.218918 0.321344 -0.171736 
73 0.378833 0.110489 1.56263 0.86311 -1.41753e-05 -0.0137413 0.000146058 0.394966 -0.218918 0.321344 -0.171736 
74 0.37886 0.128164 1.72466 0.859301 -8.27292e-06 -0.0255245 0.000250434 0.394966 -0.218918 0.321344 -0.171736 
75 0.381408 0.159317 1.81585 0.84548 -4.66457e-06 -0.0555612 0.0010359 0.394966 -0.218918 0.321344 -0.171736 
76 0.387841 0.0837419 1.35632 1.03027 -6.9302e-05 0.00272346 7.63725e-06 0.394966 -0.218918 0.321344 -0.171736 
77 0.442283 0.108024 1.21476 0.154468 0.000173523 0.0219505 -2.23572e-05 0.394966 -0.218918 0.321344 -0.171736 
78 0.444619 0.131003 1.33074 0.139783 0.000110799 0.0253813 -2.49786e-05 0.394966 -0.218918 0.321344 -0.171736 
79 0.444224 0.146579 1.42634 0.130378 8.14599e-05 0.0263723 -2.60523e-05 0.394966 -0.218918 0.321344 -0.171736 
80 0.447908 0.160634 1.47753 0.124634 6.48756e-05 0.0272036 -2.83757e-05 0.394966 -0.218918 0.321344 -0.171736 
81 0.446573 0.174328 1.52359 0.123781 5.61557e-05 0.028844 -3.08672e-05 0.394966 -0.218918 0.321344 -0.171736 
82 0.44609 0.190037 1.58478 0.120674 4.60912e-05 0.0295378 -3.20824e-05 0.394966 -0.218918 0.321344 -0.171736 
83 0.448063 0.211524 1.66901 0.119542 3.54691e-05 0.0301719 -3.39964e-05 0.394966 -0.218918 0.321344 -0.171736 
84 0.444975 0.250217 1.78129 0.127613 2.66792e-05 0.0327954 -4.2334e-05 0.394966 -0.218918 0.321344 -0.171736 
85 0.442179 0.0834669 1.13531 0.326887 0.000347991 0.0235281 -1.62961e-05 0.394966 -0.218918 0.321344 -0.171736 
86 0.444967 0.100713 1.24904 0.315474 0.000243364 0.0318597 -2.17018e-05 0.394966 -0.218918 0.321344 -0.171736 
87 0.446343 0.114031 1.34348 0.308903 0.000186936 0.037256 -2.5513e-05 0.394966 -0.218918 0.321344 -0.171736 
88 0.445803 0.126851 1.43556 0.302448 0.00014848 0.0417637 -2.98262e-05 0.394966 -0.218918 0.321344 -0.171736 
89 0.445629 0.141154 1.5035 0.299112 0.000122567 0.0471835 -3.4341e-05 0.394966 -0.218918 0.321344 -0.171736 
90 0.448119 0.159344 1.57125 0.295268 9.77744e-05 0.0528205 -4.25755e-05 0.394966 -0.218918 0.321344 -0.171736 
91 0.447917 0.186126 1.60666 0.293459 7.99061e-05 0.0604991 -5.95305e-05 0.394966 -0.218918 0.321344 -0.171736 
92 0.447829 0.238894 1.73911 0.291206 4.96219e-05 0.0653191 -7.13969e-05 0.394966 -0.218918 0.321344 -0.171736 
93 0.443679 0.0713163 1.10628 0.505237 0.000306958 0.0171709 -1.31547e-05 0.394966 -0.218918 0.321344 -0.171736 
94 0.445717 0.0851636 1.18389 0.496647 0.000239298 0.0269618 -2.07743e-05 0.394966 -0.218918 0.321344 -0.171736 
95 0.446466 0.0959415 1.26934 0.492735 0.000191473 0.0331132 -2.57382e-05 0.394966 -0.218918 0.321344 -0.171736 
96 0.447005 0.107361 1.3643 0.490728 0.000151734 0.039019 -3.23312e-05 0.394966 -0.218918 0.321344 -0.171736 
97 0.447247 0.120725 1.47213 0.4913 0.000117481 0.0454436 -3.8697e-05 0.394966 -0.218918 0.321344 -0.171736 
98 0.447828 0.138091 1.53386 0.489063 9.65257e-05 0.0554347 -5.08216e-05 0.394966 -0.218918 0.321344 -0.171736 
99 0.446663 0.16566 1.54855 0.490322 8.02283e-05 0.0704548 -6.68409e-05 0.394966 -0.218918 0.321344 -0.171736 
100 0.446545 0.219953 1.68253 0.490637 4.87744e-05 0.0830728 -9.61039e-05 0.394966 -0.218918 0.321344 -0.171736 
101 0.445215 0.0665821 1.08819 0.693027 0.00012198 0.0148502 -1.76614e-05 0.394966 -0.218918 0.321344 -0.171736 
102 0.447611 0.0790829 1.1738 0.687475 9.69689e-05 0.0239265 -2.8655e-05 0.394966 -0.218918 0.321344 -0.171736 
103 0.44838 0.0898249 1.24971 0.685796 7.94427e-05 0.0313419 -3.77038e-05 0.394966 -0.218918 0.321344 -0.171736 
104 0.447785 0.101805 1.34793 0.685439 6.32366e-05 0.0384247 -4.58539e-05 0.394966 -0.218918 0.321344 -0.171736 
105 0.448105 0.115691 1.44334 0.683747 5.08229e-05 0.0466883 -5.62445e-05 0.394966 -0.218918 0.321344 -0.171736 
106 0.44783 0.133152 1.51347 0.684345 4.07344e-05 0.0581468 -6.91785e-05 0.394966 -0.218918 0.321344 -0.171736 
107 0.447946 0.16084 1.56131 0.684072 3.1484e-05 0.0751229 -9.40108e-05 0.394966 -0.218918 0.321344 -0.171736 
108 0.446098 0.209441 1.71377 0.67768 2.03217e-05 0.0893801 -0.000173812 0.394966 -0.218918 0.321344 -0.171736 
109 0.451053 0.0637497 1.07463 0.885995 -3.17239e-05 -0.00767619 2.72861e-05 0.394966 -0.218918 0.321344 -0.171736 
110 0.452326 0.0740217 1.15909 0.883299 -2.16323e-05 -0.0147631 5.29749e-05 0.394966 -0.218918 0.321344 -0.171736 
111 0.452782 0.0829286 1.2209 0.881679 -1.67893e-05 -0.0217041 7.83207e-05 0.394966 -0.218918 0.321344 -0.171736 
112 0.453573 0.0928533 1.30469 0.880324 -1.18154e-05 -0.0330442 0.000117567 0.394966 -0.218918 0.321344 -0.171736 
113 0.453333 0.104797 1.40886 0.878526 -7.67111e-06 -0.0518998 0.000172931 0.394966 -0.218918 0.321344 -0.171736 
114 0.453844 0.119571 1.53367 0.877389 -4.56974e-06 -0.0853838 0.000269918 0.394966 -0.218918 0.321344 -0.171736 
115 0.454854 0.140553 1.62923 0.874567 -3.13917e-06 -0.125651 0.000430364 0.394966 -0.218918 0.321344 -0.171736 
116 0.457042 0.179275 1.74875 0.865241 -1.56817e-06 -0.246176 0.00139613 0.394966 -0.218918 0.321344 -0.171736 
117 0.458043 0.0613045 1.05705 1.07331 -9.85098e-05 0.000976098 2.18503e-06 0.394966 -0.218918 0.321344 -0.171736 
118 0.460012 0.0689571 1.12638 1.07282 -7.76878e-05 0.00138312 3.99944e-06 0.394966 -0.218918 0.321344 -0.171736 
119 0.460694 0.0758975 1.19268 1.06834 -6.28526e-05 0.00165008 6.41993e-06 0.394966 -0.218918 0.321344 -0.171736 
120 0.461713 0.0834268 1.27075 1.0669 -4.99913e-05 0.00187978 9.8899e-06 0.394966 -0.218918 0.321344 -0.171736 
121 0.462239 0.0922424 1.3725 1.06554 -3.80951e-05 0.00193734 1.46361e-05 0.394966 -0.218918 0.321344 -0.171736 
122 0.462929 0.103697 1.50025 1.065 -2.76959e-05 0.00196035 2.23384e-05 0.394966 -0.218918 0.321344 -0.171736 
123 0.462878 0.11887 1.66355 1.06467 -1.90841e-05 0.00183334 3.31746e-05 0.394966 -0.218918 0.321344 -0.171736 
124 0.467632 0.145557 1.78799 1.05382 -1.3053e-05 0.00203039 7.14467e-05 0.394966 -0.218918 0.321344 -0.171736 
125 0.479473 0.0837414 1.34077 1.23958 -4.62187e-05 0.00247488 -5.69843e-06 0.394966 -0.218918 0.321344 -0.171736 
126 0.57814 0.114655 1.21588 0.147947 6.9699e-05 0.0162511 -2.41015e-05 0.394966 -0.218918 0.321344 -0.171736 
127 0.582342 0.136896 1.34147 0.133658 4.32033e-05 0.0179302 -2.6687e-05 0.394966 -0.218918 0.321344 -0.171736 
128 0.583964 0.151131 1.40794 0.128007 3.38245e-05 0.0189315 -2.79706e-05 0.394966 -0.218918 0.321344 -0.171736 
129 0.583706 0.163893 1.45534 0.12851 2.92578e-05 0.0204496 -2.99247e-05 0.394966 -0.218918 0.321344 -0.171736 
130 0.581241 0.177488 1.51352 0.125514 2.4602e-05 0.0212121 -3.16393e-05 0.394966 -0.218918 0.321344 -0.171736 
131 0.58253 0.192169 1.60286 0.124009 1.94167e-05 0.0217422 -3.28934e-05 0.394966 -0.218918 0.321344 -0.171736 
132 0.580773 0.211308 1.67778 0.123391 1.58006e-05 0.0226366 -3.32141e-05 0.394966 -0.218918 0.321344 -0.171736 
133 0.573 0.245914 1.77936 0.130324 1.2545e-05 0.0249662 -3.94342e-05 0.394966 -0.218918 0.321344 -0.171736 
134 0.572223 0.0895868 1.14184 0.326317 0.000157073 0.0211896 -2.26351e-05 0.394966 -0.218918 0.321344 -0.171736 
135 0.579207 0.108402 1.2693 0.31345 0.000103405 0.0273162 -2.81281e-05 0.394966 -0.218918 0.321344 -0.171736 
136 0.581862 0.121944 1.35222 0.308686 8.04137e-05 0.0314969 -3.25783e-05 0.394966 -0.218918 0.321344 -0.171736 
137 0.581211 0.134926 1.43122 0.302179 6.49995e-05 0.0347942 -3.67555e-05 0.394966 -0.218918 0.321344 -0.171736 
138 0.582713 0.148699 1.50012 0.29997 5.31379e-05 0.0383568 -4.14755e-05 0.394966 -0.218918 0.321344 -0.171736 
139 0.585679 0.165496 1.56054 0.296606 4.30831e-05 0.0421841 -4.67169e-05 0.394966 -0.218918 0.321344 -0.171736 
140 0.582744 0.188832 1.62611 0.290913 3.47783e-05 0.0463213 -5.62781e-05 0.394966 -0.218918 0.321344 -0.171736 
141 0.572832 0.233591 1.74619 0.288913 2.43653e-05 0.0510213 -5.75298e-05 0.394966 -0.218918 0.321344 -0.171736 
142 0.574551 0.0767367 1.11234 0.509762 0.000153653 0.0193077 -1.96991e-05 0.394966 -0.218918 0.321344 -0.171736 
143 0.579509 0.0910007 1.19676 0.502228 0.000116288 0.027473 -2.97765e-05 0.394966 -0.218918 0.321344 -0.171736 
144 0.582563 0.101958 1.28059 0.497332 9.21705e-05 0.0326264 -3.55499e-05 0.394966 -0.218918 0.321344 -0.171736 
145 0.58587 0.113357 1.36699 0.494727 7.29575e-05 0.0376145 -4.04172e-05 0.394966 -0.218918 0.321344 -0.171736 
146 0.587264 0.126292 1.46475 0.492054 5.74175e-05 0.0427424 -4.73037e-05 0.394966 -0.218918 0.321344 -0.171736 
147 0.586897 0.141901 1.53345 0.489789 4.7418e-05 0.049742 -6.0141e-05 0.394966 -0.218918 0.321344 -0.171736 
148 0.585463 0.164986 1.58895 0.487675 3.87225e-05 0.0594687 -8.59757e-05 0.394966 -0.218918 0.321344 -0.171736 
149 0.572771 0.210441 1.72074 0.483269 2.69173e-05 0.070631 -0.00011506 0.394966 -0.218918 0.321344 -0.171736 
150 0.574452 0.0698472 1.0976 0.696655 8.13992e-05 0.0176027 -2.37976e-05 0.394966 -0.218918 0.321344 -0.171736 
151 0.585546 0.082601 1.16481 0.690602 6.42029e-05 0.027394 -3.87498e-05 0.394966 -0.218918 0.321344 -0.171736 
152 0.588205 0.0924522 1.24398 0.688556 5.22117e-05 0.0332744 -4.77093e-05 0.394966 -0.218918 0.321344 -0.171736 
153 0.588555 0.102838 1.33007 0.687676 4.24583e-05 0.0390879 -5.88819e-05 0.394966 -0.218918 0.321344 -0.171736 
154 0.58959 0.114775 1.42782 0.687007 3.387e-05 0.0452678 -7.00097e-05 0.394966 -0.218918 0.321344 -0.171736 
155 0.588596 0.129506 1.51962 0.685043 2.74247e-05 0.0533725 -8.48089e-05 0.394966 -0.218918 0.321344 -0.171736 
156 0.58278 0.151755 1.57052 0.683618 2.28072e-05 0.0674874 -0.000109489 0.394966 -0.218918 0.321344 -0.171736 
157 0.567335 0.19208 1.71978 0.678174 1.59874e-05 0.082791 -0.00016915 0.394966 -0.218918 0.321344 -0.171736 
158 0.575004 0.0661481 1.08202 0.896067 7.31631e-07 0.521285 -0.000546764 0.394966 -0.218918 0.321344 -0.171736 
159 0.586976 0.0771003 1.15679 0.891571 3.65358e-06 0.13116 -0.000245529 0.394966 -0.218918 0.321344 -0.171736 
160 0.589102 0.0859559 1.21548 0.890647 3.77842e-06 0.138879 -0.000267946 0.394966 -0.218918 0.321344 -0.171736 
161 0.589718 0.0953605 1.29544 0.88962 3.93375e-06 0.13405 -0.000273177 0.394966 -0.218918 0.321344 -0.171736 
162 0.588689 0.10629 1.38031 0.888622 3.72827e-06 0.140132 -0.000276279 0.394966 -0.218918 0.321344 -0.171736 
163 0.586851 0.119571 1.48371 0.887864 3.37077e-06 0.147805 -0.000293072 0.394966 -0.218918 0.321344 -0.171736 
164 0.579194 0.138608 1.58526 0.885192 2.70247e-06 0.182531 -0.000338913 0.394966 -0.218918 0.321344 -0.171736 
165 0.561905 0.171428 1.72899 0.874549 2.17082e-06 0.21672 -0.000618882 0.394966 -0.218918 0.321344 -0.171736 
166 0.582359 0.0635239 1.06781 1.0875 -4.11072e-05 -0.000357243 6.81708e-06 0.394966 -0.218918 0.321344 -0.171736 
167 0.593052 0.0725215 1.13948 1.0847 -2.92403e-05 -0.00114542 1.33909e-05 0.394966 -0.218918 0.321344 -0.171736 
168 0.595367 0.080014 1.18982 1.08394 -2.42296e-05 -0.00176859 2.01017e-05 0.394966 -0.218918 0.321344 -0.171736 
169 0.595692 0.0873914 1.25125 1.08106 -1.9797e-05 -0.002672 2.53724e-05 0.394966 -0.218918 0.321344 -0.171736 
170 0.593597 0.0962549 1.34031 1.08051 -1.56072e-05 -0.00362785 3.20434e-05 0.394966 -0.218918 0.321344 -0.171736 
171 0.589924 0.107632 1.45998 1.07846 -1.1596e-05 -0.00516979 4.06251e-05 0.394966 -0.218918 0.321344 -0.171736 
172 0.583396 0.123805 1.61992 1.07579 -8.12558e-06 -0.00773529 5.20362e-05 0.394966 -0.218918 0.321344 -0.171736 
173 0.568316 0.148872 1.76978 1.06467 -6.03959e-06 -0.0123555 0.000116976 0.394966 -0.218918 0.321344 -0.171736 
174 0.58905 0.0628431 1.06356 1.26765 -5.22538e-05 0.00119414 -1.19913e-06 0.394966 -0.218918 0.321344 -0.171736 
175 0.599986 0.0714961 1.13931 1.26537 -3.8031e-05 0.00152759 2.12977e-07 0.394966 -0.218918 0.321344 -0.171736 
176 0.599799 0.0797827 1.22517 1.26185 -2.97259e-05 0.00182015 2.30815e-06 0.394966 -0.218918 0.321344 -0.171736 
177 0.598349 0.09008 1.35216 1.2597 -2.16143e-05 0.00196608 2.88549e-06 0.394966 -0.218918 0.321344 -0.171736 
178 0.593898 0.106093 1.56002 1.25826 -1.3776e-05 0.00206862 5.03349e-06 0.394966 -0.218918 0.321344 -0.171736 
179 0.579016 0.129355 1.81599 1.25171 -8.83441e-06 0.00214329 1.07026e-05 0.394966 -0.218918 0.321344 -0.171736 
180 0.601182 0.0772959 1.26296 1.44687 -2.8569e-05 0.00189626 1.97072e-05 0.394966 -0.218918 0.321344 -0.171736 
181 0.322974 0.171351 2.19712 0.142118 6.50377e-05 0.0330518 6.12971e-06 0.394966 -0.218918 0.321344 -0.171736 
182 0.323107 0.200782 2.30628 0.129027 4.55933e-05 0.0354186 -1.95253e-06 0.394966 -0.218918 0.321344 -0.171736 
183 0.323328 0.222123 2.3894 0.123901 3.60667e-05 0.0358174 -4.08658e-05 0.394966 -0.218918 0.321344 -0.171736 
184 0.324286 0.242416 2.5013 0.117539 2.75296e-05 0.0341132 -4.73877e-05 0.394966 -0.218918 0.321344 -0.171736 
185 0.324167 0.262709 2.55326 0.117859 2.3576e-05 0.0341481 -5.17347e-05 0.394966 -0.218918 0.321344 -0.171736 
186 0.324231 0.285026 2.62637 0.117955 1.95253e-05 0.0331472 -5.44109e-05 0.394966 -0.218918 0.321344 -0.171736 
187 0.324134 0.312592 2.69225 0.122358 1.63158e-05 0.0324096 -5.71319e-05 0.394966 -0.218918 0.321344 -0.171736 
188 0.324646 0.358572 2.9842 0.129402 1.02663e-05 0.0287853 -7.45192e-05 0.394966 -0.218918 0.321344 -0.171736 
189 0.323587 0.150399 2.1268 0.307049 0.000118582 0.0447511 -5.17597e-05 0.394966 -0.218918 0.321344 -0.171736 
190 0.324036 0.173558 2.24976 0.294914 9.04622e-05 0.0538329 -6.38839e-05 0.394966 -0.218918 0.321344 -0.171736 
191 0.324536 0.193731 2.35505 0.293522 7.24155e-05 0.0594627 -5.41746e-05 0.394966 -0.218918 0.321344 -0.171736 
192 0.32438 0.215446 2.42722 0.292194 5.99616e-05 0.0641336 -7.96356e-05 0.394966 -0.218918 0.321344 -0.171736 
193 0.324224 0.240325 2.53334 0.291813 4.74348e-05 0.0658471 -9.9712e-05 0.394966 -0.218918 0.321344 -0.171736 
194 0.324395 0.268704 2.57783 0.29123 3.89084e-05 0.0662694 -0.000113892 0.394966 -0.218918 0.321344 -0.171736 
195 0.324549 0.303223 2.64227 0.294266 3.02901e-05 0.0635173 -0.000119628 0.394966 -0.218918 0.321344 -0.171736 
196 0.324605 0.356367 2.91889 0.292076 1.76659e-05 0.0534554 -0.00015321 0.394966 -0.218918 0.321344 -0.171736 
197 0.323957 0.146614 2.11564 0.488069 9.32118e-05 0.0431243 -0.00014658 0.394966 -0.218918 0.321344 -0.171736 
198 0.32391 0.171007 2.24093 0.49111 7.00965e-05 0.0545769 -0.000168149 0.394966 -0.218918 0.321344 -0.171736 
199 0.323854 0.194558 2.34175 0.493186 5.50399e-05 0.0625369 -7.02122e-05 0.394966 -0.218918 0.321344 -0.171736 
200 0.323782 0.218519 2.41441 0.493877 4.46941e-05 0.0680097 -9.07024e-05 0.394966 -0.218918 0.321344 -0.171736 
201 0.32364 0.242731 2.50821 0.493626 3.58182e-05 0.0699162 -0.00011197 0.394966 -0.218918 0.321344 -0.171736 
202 0.323854 0.270208 2.54255 0.495252 2.93902e-05 0.0706239 -0.00013746 0.394966 -0.218918 0.321344 -0.171736 
203 0.32443 0.302396 2.60405 0.493347 2.31194e-05 0.0682568 -0.000169693 0.394966 -0.218918 0.321344 -0.171736 
204 0.323472 0.352855 2.89079 0.494883 1.36034e-05 0.0592676 -0.000242787 0.394966 -0.218918 0.321344 -0.171736 
205 0.325283 0.146727 2.11447 0.67789 3.21004e-05 0.0376129 -0.000230768 0.394966 -0.218918 0.321344 -0.171736 
206 0.325025 0.168453 2.23403 0.67565 2.53289e-05 0.0464133 -0.000280137 0.394966 -0.218918 0.321344 -0.171736 
207 0.325746 0.18784 2.32601 0.671444 2.13016e-05 0.0526393 -0.000136961 0.394966 -0.218918 0.321344 -0.171736 
208 0.325646 0.207627 2.41659 0.671439 1.73653e-05 0.0570958 -0.000193266 0.394966 -0.218918 0.321344 -0.171736 
209 0.325851 0.229875 2.53898 0.668398 1.40701e-05 0.0596571 -0.000248095 0.394966 -0.218918 0.321344 -0.171736 
210 0.32615 0.254783 2.66176 0.665503 1.12225e-05 0.0609626 -0.000304405 0.394966 -0.218918 0.321344 -0.171736 
211 0.327391 0.287504 2.77709 0.662365 8.53648e-06 0.0613772 -0.000392069 0.394966 -0.218918 0.321344 -0.171736 
212 0.325983 0.339773 3.02618 0.655587 5.4552e-06 0.0576718 -0.000599224 0.394966 -0.218918 0.321344 -0.171736 
213 0.333512 0.195408 2.51854 0.838354 -1.87838e-06 -0.051392 -0.000742624 0.394966 -0.218918 0.321344 -0.171736 
214 0.373574 0.17499 2.20807 0.140382 4.28797e-05 0.0285709 -0.00015639 0.394966 -0.218918 0.321344 -0.171736 
215 0.374593 0.204986 2.31036 0.127305 2.9951e-05 0.0303392 0.000184138 0.394966 -0.218918 0.321344 -0.171736 
216 0.374256 0.224898 2.37857 0.122013 2.42937e-05 0.0306031 0.000448344 0.394966 -0.218918 0.321344 -0.171736 
217 0.37443 0.244143 2.47076 0.117354 1.93256e-05 0.0297606 -4.70021e-05 0.394966 -0.218918 0.321344 -0.171736 
218 0.373777 0.263304 2.53624 0.117829 1.65237e-05 0.0298499 -5.39518e-05 0.394966 -0.218918 0.321344 -0.171736 
219 0.374041 0.284709 2.61803 0.122759 1.41086e-05 0.0302521 -5.69678e-05 0.394966 -0.218918 0.321344 -0.171736 
220 0.374043 0.310475 2.69172 0.125773 1.17043e-05 0.0296968 -5.76824e-05 0.394966 -0.218918 0.321344 -0.171736 
221 0.37376 0.355024 2.9736 0.132953 7.53196e-06 0.0274373 -7.17772e-05 0.394966 -0.218918 0.321344 -0.171736 
222 0.373839 0.15272 2.138 0.309023 8.1514e-05 0.0409157 -4.81997e-05 0.394966 -0.218918 0.321344 -0.171736 
223 0.374457 0.177213 2.26291 0.298039 6.15258e-05 0.0492862 -5.55365e-05 0.394966 -0.218918 0.321344 -0.171736 
224 0.374347 0.197805 2.36449 0.288505 4.92781e-05 0.0535774 -6.40893e-05 0.394966 -0.218918 0.321344 -0.171736 
225 0.374152 0.219287 2.43909 0.290972 4.09235e-05 0.057796 -7.14788e-05 0.394966 -0.218918 0.321344 -0.171736 
226 0.374525 0.242337 2.55127 0.291435 3.24321e-05 0.0590631 -9.27915e-05 0.394966 -0.218918 0.321344 -0.171736 
227 0.374469 0.269993 2.58421 0.292153 2.71134e-05 0.0602744 -0.000108303 0.394966 -0.218918 0.321344 -0.171736 
228 0.374119 0.304715 2.64576 0.291289 2.1216e-05 0.0583395 -0.000110514 0.394966 -0.218918 0.321344 -0.171736 
229 0.374735 0.35695 2.92967 0.288544 1.23174e-05 0.0506496 -0.000131524 0.394966 -0.218918 0.321344 -0.171736 
230 0.374755 0.147291 2.11859 0.485711 6.89152e-05 0.0418883 -0.00013077 0.394966 -0.218918 0.321344 -0.171736 
231 0.37411 0.169983 2.24252 0.4841 5.34263e-05 0.0522338 -0.000182899 0.394966 -0.218918 0.321344 -0.171736 
232 0.374387 0.192218 2.33271 0.489548 4.2299e-05 0.0602407 -0.000200192 0.394966 -0.218918 0.321344 -0.171736 
233 0.374026 0.216863 2.41898 0.491138 3.38261e-05 0.0661237 -9.99102e-05 0.394966 -0.218918 0.321344 -0.171736 
234 0.37369 0.242135 2.50603 0.489519 2.728e-05 0.069014 -0.000124583 0.394966 -0.218918 0.321344 -0.171736 
235 0.374 0.270222 2.55822 0.489635 2.21473e-05 0.070204 -0.000149439 0.394966 -0.218918 0.321344 -0.171736 
236 0.373846 0.303486 2.61067 0.494191 1.72296e-05 0.0688497 -0.000178803 0.394966 -0.218918 0.321344 -0.171736 
237 0.374124 0.355568 2.91596 0.490698 1.00046e-05 0.0611498 -0.000278973 0.394966 -0.218918 0.321344 -0.171736 
238 0.374032 0.14749 2.11768 0.686209 2.59874e-05 0.0402234 -0.000216958 0.394966 -0.218918 0.321344 -0.171736 
239 0.374253 0.17097 2.23222 0.685179 2.01021e-05 0.0509515 -0.000239891 0.394966 -0.218918 0.321344 -0.171736 
240 0.374033 0.192 2.32185 0.685747 1.613e-05 0.058353 -0.000268921 0.394966 -0.218918 0.321344 -0.171736 
241 0.374123 0.212888 2.38907 0.685101 1.33568e-05 0.0640466 -0.000150451 0.394966 -0.218918 0.321344 -0.171736 
242 0.373889 0.234642 2.4672 0.681517 1.12296e-05 0.0674208 -0.000207107 0.394966 -0.218918 0.321344 -0.171736 
243 0.375026 0.257739 2.55293 0.682502 8.96151e-06 0.0694508 -0.0002648 0.394966 -0.218918 0.321344 -0.171736 
244 0.374605 0.287256 2.64762 0.677705 7.17674e-06 0.0698435 -0.000338181 0.394966 -0.218918 0.321344 -0.171736 
245 0.373745 0.334154 2.94055 0.670459 4.63188e-06 0.065406 -0.000455859 0.394966 -0.218918 0.321344 -0.171736 
246 0.376913 0.154224 2.15896 0.873788 -3.63233e-06 -0.0369852 -0.000450976 0.394966 -0.218918 0.321344 -0.171736 
247 0.377788 0.192005 2.39102 0.865227 -1.69684e-06 -0.077918 -0.000601254 0.394966 -0.218918 0.321344 -0.171736 
248 0.378654 0.242411 2.74709 0.860097 -5.94333e-07 -0.169669 -0.000769636 0.394966 -0.218918 0.321344 -0.171736 
249 0.3783 0.304633 3.14318 0.852523 -1.50738e-07 -0.449137 0.00163728 0.394966 -0.218918 0.321344 -0.171736 
250 0.443859 0.177388 2.20116 0.141333 2.60701e-05 0.0239433 0.000159409 0.394966 -0.218918 0.321344 -0.171736 
251 0.444872 0.207616 2.31116 0.128642 1.8082e-05 0.0253198 0.000251858 0.394966 -0.218918 0.321344 -0.171736 
252 0.445011 0.228275 2.37427 0.122391 1.45388e-05 0.0254799 0.000362655 0.394966 -0.218918 0.321344 -0.171736 
253 0.446289 0.246478 2.46559 0.124765 1.21362e-05 0.026152 0.000577665 0.394966 -0.218918 0.321344 -0.171736 
254 0.445314 0.265422 2.54192 0.12594 1.03541e-05 0.0264951 -4.06637e-05 0.394966 -0.218918 0.321344 -0.171736 
255 0.446218 0.285985 2.61751 0.123798 8.45391e-06 0.0257518 -4.4907e-05 0.394966 -0.218918 0.321344 -0.171736 
256 0.446053 0.310944 2.72279 0.128016 6.91705e-06 0.0258024 -4.77608e-05 0.394966 -0.218918 0.321344 -0.171736 
257 0.445983 0.354564 2.98305 0.13354 4.5072e-06 0.0246856 -5.57801e-05 0.394966 -0.218918 0.321344 -0.171736 
258 0.444181 0.156466 2.15078 0.311157 4.93234e-05 0.0366547 -3.44881e-05 0.394966 -0.218918 0.321344 -0.171736 
259 0.446207 0.182798 2.27008 0.300998 3.67013e-05 0.0441794 -3.64871e-05 0.394966 -0.218918 0.321344 -0.171736 
260 0.44644 0.203958 2.37396 0.295121 2.9236e-05 0.047841 -4.16366e-05 0.394966 -0.218918 0.321344 -0.171736 
261 0.447278 0.225352 2.46542 0.295128 2.36913e-05 0.0506295 -4.8889e-05 0.394966 -0.218918 0.321344 -0.171736 
262 0.448395 0.248665 2.54349 0.291525 1.92038e-05 0.0519427 -6.17511e-05 0.394966 -0.218918 0.321344 -0.171736 
263 0.44721 0.275519 2.57311 0.289433 1.62888e-05 0.0530382 -7.42687e-05 0.394966 -0.218918 0.321344 -0.171736 
264 0.447842 0.307531 2.62212 0.290288 1.30323e-05 0.0525467 -7.66196e-05 0.394966 -0.218918 0.321344 -0.171736 
265 0.448055 0.358162 2.93764 0.290104 7.4578e-06 0.0476789 -9.32255e-05 0.394966 -0.218918 0.321344 -0.171736 
266 0.446819 0.147088 2.11278 0.492177 4.51673e-05 0.0392571 -8.91626e-05 0.394966 -0.218918 0.321344 -0.171736 
267 0.44809 0.167984 2.23495 0.487174 3.5271e-05 0.0480269 -0.000107508 0.394966 -0.218918 0.321344 -0.171736 
268 0.44847 0.187819 2.33427 0.485756 2.85637e-05 0.0547952 -0.000134142 0.394966 -0.218918 0.321344 -0.171736 
269 0.447562 0.210367 2.41391 0.487659 2.33702e-05 0.0611149 -0.000158505 0.394966 -0.218918 0.321344 -0.171736 
270 0.4475 0.235444 2.49468 0.489683 1.87962e-05 0.0654579 -0.000103741 0.394966 -0.218918 0.321344 -0.171736 
271 0.446601 0.262707 2.5491 0.489679 1.54687e-05 0.0681217 -0.000124823 0.394966 -0.218918 0.321344 -0.171736 
272 0.445673 0.29637 2.61081 0.487857 1.22441e-05 0.0685113 -0.000143088 0.394966 -0.218918 0.321344 -0.171736 
273 0.446037 0.349066 2.90516 0.485177 7.12373e-06 0.0633798 -0.000197937 0.394966 -0.218918 0.321344 -0.171736 
274 0.447872 0.146166 2.11104 0.683029 2.11235e-05 0.0409271 -0.000204946 0.394966 -0.218918 0.321344 -0.171736 
275 0.446393 0.168537 2.22435 0.686198 1.61888e-05 0.0520168 -0.000232926 0.394966 -0.218918 0.321344 -0.171736 
276 0.446395 0.189048 2.3139 0.686573 1.30995e-05 0.0601514 -0.000226622 0.394966 -0.218918 0.321344 -0.171736 
277 0.446456 0.209932 2.38183 0.688386 1.07169e-05 0.0669895 -0.000222426 0.394966 -0.218918 0.321344 -0.171736 
278 0.445654 0.23148 2.4522 0.68965 8.79938e-06 0.0717751 -0.000136812 0.394966 -0.218918 0.321344 -0.171736 
279 0.446182 0.254222 2.50909 0.687206 7.39734e-06 0.075106 -0.000183297 0.394966 -0.218918 0.321344 -0.171736 
280 0.444229 0.281875 2.62345 0.681477 5.97225e-06 0.0755235 -0.000236915 0.394966 -0.218918 0.321344 -0.171736 
281 0.443281 0.328058 2.96809 0.672759 3.74326e-06 0.0708813 -0.000355347 0.394966 -0.218918 0.321344 -0.171736 
282 0.448543 0.144703 2.10114 0.886961 -1.22302e-08 -16.1588 -0.000335271 0.394966 -0.218918 0.321344 -0.171736 
283 0.448327 0.164125 2.2058 0.885054 5.10739e-08 3.88011 -0.000370442 0.394966 -0.218918 0.321344 -0.171736 
284 0.44894 0.180502 2.28095 0.885803 -3.72549e-08 -5.06345 -0.000406874 0.394966 -0.218918 0.321344 -0.171736 
285 0.449771 0.196926 2.35625 0.886831 -9.51428e-08 -1.83196 -0.000417498 0.394966 -0.218918 0.321344 -0.171736 
286 0.450456 0.213796 2.40679 0.881951 2.01282e-08 8.46376 0.00756733 0.394966 -0.218918 0.321344 -0.171736 
287 0.449481 0.232119 2.52515 0.878098 1.61454e-07 0.94203 0.00686967 0.394966 -0.218918 0.321344 -0.171736 
288 0.44755 0.255241 2.7134 0.8739 2.81922e-07 0.444632 0.013051 0.394966 -0.218918 0.321344 -0.171736 
289 0.443495 0.29483 3.04909 0.865929 3.48435e-07 0.252996 0.0128316 0.394966 -0.218918 0.321344 -0.171736 
290 0.459542 0.160089 2.20059 1.07873 -7.32039e-06 0.000524484 0.0120914 0.394966 -0.218918 0.321344 -0.171736 
291 0.458671 0.221133 2.68729 1.06056 -2.95632e-06 -0.0039894 -0.0246114 0.394966 -0.218918 0.321344 -0.171736 
292 0.578994 0.183128 2.2173 0.136967 1.01809e-05 0.0173527 -0.00148973 0.394966 -0.218918 0.321344 -0.171736 
293 0.578261 0.211043 2.30448 0.130306 7.6995e-06 0.0190899 -0.000756805 0.394966 -0.218918 0.321344 -0.171736 
294 0.581274 0.229134 2.36299 0.127867 6.35462e-06 0.0198076 1.60706e-05 0.394966 -0.218918 0.321344 -0.171736 
295 0.581173 0.24617 2.43769 0.125123 5.28462e-06 0.0199688 2.32973e-05 0.394966 -0.218918 0.321344 -0.171736 
296 0.581268 0.262879 2.52328 0.127247 4.50925e-06 0.0205815 3.35756e-05 0.394966 -0.218918 0.321344 -0.171736 
297 0.577557 0.281394 2.61363 0.127628 3.85078e-06 0.0207488 -4.16186e-05 0.394966 -0.218918 0.321344 -0.171736 
298 0.576063 0.306129 2.74131 0.129475 3.06602e-06 0.0209599 -4.54914e-05 0.394966 -0.218918 0.321344 -0.171736 
299 0.569373 0.348695 3.00539 0.134128 2.07714e-06 0.0209527 -5.8169e-05 0.394966 -0.218918 0.321344 -0.171736 
300 0.576137 0.161146 2.16288 0.312227 2.1506e-05 0.0296954 -3.17139e-05 0.394966 -0.218918 0.321344 -0.171736 
301 0.580426 0.189661 2.28196 0.302914 1.56136e-05 0.0360372 -3.28919e-05 0.394966 -0.218918 0.321344 -0.171736 
302 0.584039 0.210005 2.36066 0.300134 1.2581e-05 0.0393876 -3.38779e-05 0.394966 -0.218918 0.321344 -0.171736 
303 0.58471 0.229312 2.45458 0.295157 1.02237e-05 0.0410048 -3.69343e-05 0.394966 -0.218918 0.321344 -0.171736 
304 0.585288 0.249638 2.53487 0.293643 8.44708e-06 0.042585 -3.67037e-05 0.394966 -0.218918 0.321344 -0.171736 
305 0.582963 0.272739 2.57647 0.29034 7.26958e-06 0.0439377 -6.14301e-05 0.394966 -0.218918 0.321344 -0.171736 
306 0.576388 0.301062 2.67189 0.289857 5.95377e-06 0.0442619 -7.18918e-05 0.394966 -0.218918 0.321344 -0.171736 
307 0.563712 0.348775 2.94272 0.291408 3.89052e-06 0.0430708 -8.63371e-05 0.394966 -0.218918 0.321344 -0.171736 
308 0.57914 0.149552 2.12 0.501079 2.19818e-05 0.0355301 -8.40021e-05 0.394966 -0.218918 0.321344 -0.171736 
309 0.583299 0.170672 2.22597 0.491437 1.72571e-05 0.043547 -8.64155e-05 0.394966 -0.218918 0.321344 -0.171736 
310 0.587789 0.187927 2.32264 0.490514 1.38566e-05 0.0485838 -9.61054e-05 0.394966 -0.218918 0.321344 -0.171736 
311 0.587701 0.205818 2.39534 0.487743 1.17508e-05 0.0533024 -0.000106294 0.394966 -0.218918 0.321344 -0.171736 
312 0.58531 0.226271 2.47184 0.487471 9.91915e-06 0.0576324 -0.000112786 0.394966 -0.218918 0.321344 -0.171736 
313 0.583764 0.249453 2.56894 0.486127 8.08629e-06 0.0605872 -0.000122376 0.394966 -0.218918 0.321344 -0.171736 
314 0.574107 0.278863 2.65344 0.485318 6.74281e-06 0.0627411 -0.000149447 0.394966 -0.218918 0.321344 -0.171736 
315 0.55999 0.327855 2.9267 0.477127 4.4134e-06 0.0614776 -0.00017398 0.394966 -0.218918 0.321344 -0.171736 
316 0.585822 0.143691 2.09705 0.686674 1.31884e-05 0.0388948 -0.00017606 0.394966 -0.218918 0.321344 -0.171736 
317 0.589373 0.16103 2.19572 0.683762 1.0694e-05 0.0474375 -0.000214491 0.394966 -0.218918 0.321344 -0.171736 
318 0.591124 0.176229 2.27366 0.683555 8.99405e-06 0.0541246 -0.000254867 0.394966 -0.218918 0.321344 -0.171736 
319 0.58962 0.193417 2.35068 0.684625 7.58685e-06 0.0609168 -0.000298085 0.394966 -0.218918 0.321344 -0.171736 
320 0.588124 0.211889 2.40862 0.684937 6.50321e-06 0.0674808 -0.000280463 0.394966 -0.218918 0.321344 -0.171736 
321 0.578599 0.232132 2.5059 0.683326 5.56948e-06 0.0715284 -0.000210276 0.394966 -0.218918 0.321344 -0.171736 
322 0.572967 0.257252 2.65679 0.678494 4.4408e-06 0.0735659 -0.000248322 0.394966 -0.218918 0.321344 -0.171736 
323 0.559052 0.301321 2.96844 0.669656 2.95229e-06 0.0729523 -0.000342953 0.394966 -0.218918 0.321344 -0.171736 
324 0.59223 0.14088 2.08301 0.888375 3.08915e-06 0.065484 -0.000406074 0.394966 -0.218918 0.321344 -0.171736 
325 0.590051 0.156595 2.17008 0.889247 2.52623e-06 0.0815132 -0.000469669 0.394966 -0.218918 0.321344 -0.171736 
326 0.587376 0.169939 2.23335 0.890236 2.13689e-06 0.0955641 -0.000472195 0.394966 -0.218918 0.321344 -0.171736 
327 0.583302 0.18345 2.29678 0.889783 1.84323e-06 0.108423 -0.000435395 0.394966 -0.218918 0.321344 -0.171736 
328 0.578296 0.197851 2.36188 0.887653 1.61679e-06 0.120036 -0.000397896 0.394966 -0.218918 0.321344 -0.171736 
329 0.57095 0.213921 2.45155 0.882638 1.44921e-06 0.126792 -0.000480059 0.394966 -0.218918 0.321344 -0.171736 
330 0.564484 0.235761 2.67053 0.877411 1.21501e-06 0.120957 -0.000612794 0.394966 -0.218918 0.321344 -0.171736 
331 0.55408 0.272322 3.01043 0.868498 9.05541e-07 0.112152 -0.000942974 0.394966 -0.218918 0.321344 -0.171736 
332 0.585811 0.14823 2.12252 1.0859 -2.85727e-06 -0.0162233 -0.000639022 0.394966 -0.218918 0.321344 -0.171736 
333 0.573418 0.176476 2.29348 1.0789 -2.18649e-06 -0.0227108 -0.00072847 0.394966 -0.218918 0.321344 -0.171736 
334 0.554108 0.216762 2.68169 1.06244 -1.12921e-06 -0.0361678 -0.000956459 0.394966 -0.218918 0.321344 -0.171736 
335 0.571558 0.157707 2.23371 1.25262 -4.45506e-06 0.00048259 -0.0013053 0.394966 -0.218918 0.321344 -0.171736 
336 0.323758 0.284941 3.80803 0.133054 8.83742e-06 0.0246813 -0.000676356 0.394966 -0.218918 0.321344 -0.171736 
337 0.324726 0.320097 3.99248 0.126091 6.15402e-06 0.0229203 0.000197417 0.394966 -0.218918 0.321344 -0.171736 
338 0.324072 0.343222 4.13944 0.119991 4.76513e-06 0.0208795 0.000235945 0.394966 -0.218918 0.321344 -0.171736 
339 0.324664 0.363773 4.22252 0.119823 4.01275e-06 0.0200213 0.000284324 0.394966 -0.218918 0.321344 -0.171736 
340 0.323792 0.382885 4.29999 0.12064 3.47792e-06 0.0193173 0.000327788 0.394966 -0.218918 0.321344 -0.171736 
341 0.32364 0.403464 4.35795 0.122422 3.01966e-06 0.0187564 0.000394443 0.394966 -0.218918 0.321344 -0.171736 
342 0.32363 0.429344 4.39502 0.126613 2.59875e-06 0.0184727 3.79819e-05 0.394966 -0.218918 0.321344 -0.171736 
343 0.323256 0.472376 4.66239 0.129348 1.73909e-06 0.0171241 -0.000131144 0.394966 -0.218918 0.321344 -0.171736 
344 0.32446 0.27421 3.737 0.288552 1.56603e-05 0.0432722 -0.000122545 0.394966 -0.218918 0.321344 -0.171736 
345 0.324485 0.30606 4.00662 0.288106 1.1098e-05 0.0416008 -0.000149625 0.394966 -0.218918 0.321344 -0.171736 
346 0.324276 0.331572 4.1413 0.287496 8.88712e-06 0.0404551 -0.00017779 0.394966 -0.218918 0.321344 -0.171736 
347 0.324979 0.355371 4.26231 0.29147 7.21668e-06 0.0390531 -0.000202825 0.394966 -0.218918 0.321344 -0.171736 
348 0.324742 0.37907 4.32609 0.291876 6.07233e-06 0.0376978 -0.000209256 0.394966 -0.218918 0.321344 -0.171736 
349 0.324426 0.403746 4.34784 0.292994 5.18813e-06 0.0365024 -0.000230308 0.394966 -0.218918 0.321344 -0.171736 
350 0.324267 0.432758 4.28183 0.288982 4.48707e-06 0.0353524 -0.000251577 0.394966 -0.218918 0.321344 -0.171736 
351 0.324106 0.475826 4.60703 0.287496 2.83459e-06 0.0320839 -0.000255547 0.394966 -0.218918 0.321344 -0.171736 
352 0.323785 0.283941 3.81275 0.488938 1.14343e-05 0.0465892 -0.000329528 0.394966 -0.218918 0.321344 -0.171736 
353 0.324278 0.326491 4.08235 0.48892 7.61179e-06 0.0453596 -0.000340866 0.394966 -0.218918 0.321344 -0.171736 
354 0.324022 0.360468 4.25565 0.489466 5.64645e-06 0.0433778 -0.000357418 0.394966 -0.218918 0.321344 -0.171736 
355 0.323889 0.393649 4.30899 0.490876 4.45039e-06 0.0421293 -0.000395536 0.394966 -0.218918 0.321344 -0.171736 
356 0.324106 0.431709 4.27962 0.490244 3.53085e-06 0.0413281 -0.000480816 0.394966 -0.218918 0.321344 -0.171736 
357 0.323867 0.481347 4.68257 0.490785 2.04651e-06 0.0383544 -0.000948999 0.394966 -0.218918 0.321344 -0.171736 
358 0.323997 0.305156 3.9439 0.685499 3.51768e-06 0.043454 -0.00048072 0.394966 -0.218918 0.321344 -0.171736 
359 0.324262 0.37347 4.26337 0.682904 1.93036e-06 0.0443801 -0.000323813 0.394966 -0.218918 0.321344 -0.171736 
360 0.3238 0.435913 4.56846 0.66784 1.2131e-06 0.0434998 -0.000598724 0.394966 -0.218918 0.321344 -0.171736 
361 0.328857 0.342897 4.39587 0.858287 -1.57221e-07 -0.126268 -0.00101607 0.394966 -0.218918 0.321344 -0.171736 
362 0.373332 0.291084 3.84382 0.132073 5.66863e-06 0.0216606 -0.000304861 0.394966 -0.218918 0.321344 -0.171736 
363 0.373259 0.328752 4.0318 0.124134 3.89269e-06 0.0201973 -0.000344865 0.394966 -0.218918 0.321344 -0.171736 
364 0.37383 0.353386 4.17534 0.123689 3.08781e-06 0.0193772 -0.00038211 0.394966 -0.218918 0.321344 -0.171736 
365 0.373891 0.376146 4.22976 0.123041 2.61513e-06 0.0188901 -0.000445464 0.394966 -0.218918 0.321344 -0.171736 
366 0.374193 0.398485 4.36872 0.124411 2.13381e-06 0.0182623 -0.000494498 0.394966 -0.218918 0.321344 -0.171736 
367 0.373828 0.426753 4.38701 0.129374 1.84993e-06 0.0186056 -0.000285468 0.394966 -0.218918 0.321344 -0.171736 
368 0.373295 0.47105 4.64681 0.131089 1.22975e-06 0.0178633 -0.000404504 0.394966 -0.218918 0.321344 -0.171736 
369 0.373438 0.275731 3.75146 0.295646 1.08336e-05 0.0399659 -0.000361957 0.394966 -0.218918 0.321344 -0.171736 
370 0.374392 0.30799 4.00493 0.290863 7.6579e-06 0.0388678 -0.000461375 0.394966 -0.218918 0.321344 -0.171736 
371 0.374354 0.333467 4.136 0.29125 6.14977e-06 0.038405 0.000986407 0.394966 -0.218918 0.321344 -0.171736 
372 0.37378 0.356407 4.27361 0.290479 5.00334e-06 0.0371861 -0.000131953 0.394966 -0.218918 0.321344 -0.171736 
373 0.374245 0.380449 4.33778 0.28949 4.18159e-06 0.0364604 -0.000143758 0.394966 -0.218918 0.321344 -0.171736 
374 0.37449 0.405009 4.3169 0.287927 3.64844e-06 0.0362263 -0.000145913 0.394966 -0.218918 0.321344 -0.171736 
375 0.374962 0.434025 4.2704 0.286652 3.12308e-06 0.036063 -0.000144897 0.394966 -0.218918 0.321344 -0.171736 
376 0.374129 0.47649 4.60392 0.289321 1.99079e-06 0.0342988 -0.000173127 0.394966 -0.218918 0.321344 -0.171736 
377 0.374341 0.290037 3.85665 0.486075 7.92521e-06 0.0463057 -0.000257363 0.394966 -0.218918 0.321344 -0.171736 
378 0.374312 0.338902 4.16624 0.488321 4.97689e-06 0.0454113 -0.000250645 0.394966 -0.218918 0.321344 -0.171736 
379 0.374199 0.380181 4.29967 0.490269 3.60145e-06 0.0447403 -0.000258664 0.394966 -0.218918 0.321344 -0.171736 
380 0.374012 0.426122 4.29557 0.489357 2.71587e-06 0.0449691 -0.000289438 0.394966 -0.218918 0.321344 -0.171736 
381 0.374195 0.481427 4.67079 0.487032 1.55187e-06 0.043391 -0.000591253 0.394966 -0.218918 0.321344 -0.171736 
382 0.374597 0.302016 3.93274 0.759708 1.69472e-06 0.0529074 -0.000237543 0.394966 -0.218918 0.321344 -0.171736 
383 0.373976 0.367994 4.31858 0.739166 1.09677e-06 0.0531416 -0.000294392 0.394966 -0.218918 0.321344 -0.171736 
384 0.37331 0.428891 4.61608 0.695887 8.87667e-07 0.0500206 -0.0005541 0.394966 -0.218918 0.321344 -0.171736 
385 0.4454 0.287531 3.82191 0.128862 3.3762e-06 0.0179993 -0.000258646 0.394966 -0.218918 0.321344 -0.171736 
386 0.44476 0.322651 3.98888 0.125421 2.4671e-06 0.0179903 -0.000292343 0.394966 -0.218918 0.321344 -0.171736 
387 0.444524 0.345125 4.11229 0.128345 2.06647e-06 0.0182258 -0.000324847 0.394966 -0.218918 0.321344 -0.171736 
388 0.445753 0.364922 4.20169 0.123134 1.67531e-06 0.0173656 -0.00022755 0.394966 -0.218918 0.321344 -0.171736 
389 0.444585 0.383857 4.32156 0.123211 1.4153e-06 0.0170948 -0.000253783 0.394966 -0.218918 0.321344 -0.171736 
390 0.445697 0.404387 4.37138 0.12743 1.24781e-06 0.0176383 -0.000271478 0.394966 -0.218918 0.321344 -0.171736 
391 0.446109 0.429271 4.42217 0.130867 1.06727e-06 0.0181686 -0.000304196 0.394966 -0.218918 0.321344 -0.171736 
392 0.445407 0.471508 4.70795 0.131203 7.04985e-07 0.0179934 -0.000367515 0.394966 -0.218918 0.321344 -0.171736 
393 0.444877 0.276427 3.75212 0.302899 6.61286e-06 0.0361141 -0.000287199 0.394966 -0.218918 0.321344 -0.171736 
394 0.446329 0.308556 3.99992 0.294376 4.65636e-06 0.0355586 -0.000345713 0.394966 -0.218918 0.321344 -0.171736 
395 0.446595 0.333564 4.14317 0.291485 3.703e-06 0.0353932 -0.000247975 0.394966 -0.218918 0.321344 -0.171736 
396 0.447025 0.35702 4.25657 0.291054 3.02845e-06 0.0352708 -0.000299135 0.394966 -0.218918 0.321344 -0.171736 
397 0.446374 0.379373 4.32234 0.289389 2.57627e-06 0.0352774 -0.000344281 0.394966 -0.218918 0.321344 -0.171736 
398 0.446873 0.402553 4.3252 0.288949 2.2405e-06 0.0357953 0.000890519 0.394966 -0.218918 0.321344 -0.171736 
399 0.446448 0.430764 4.26635 0.289671 1.96738e-06 0.0369313 -8.08763e-05 0.394966 -0.218918 0.321344 -0.171736 
400 0.446541 0.474561 4.58919 0.293211 1.24745e-06 0.0367262 -9.54134e-05 0.394966 -0.218918 0.321344 -0.171736 
401 0.447435 0.276685 3.76248 0.484623 5.84206e-06 0.0447306 -0.000167079 0.394966 -0.218918 0.321344 -0.171736 
402 0.446792 0.312952 4.01804 0.486917 4.08655e-06 0.0458034 -0.000202114 0.394966 -0.218918 0.321344 -0.171736 
403 0.446831 0.340855 4.17371 0.488772 3.17653e-06 0.0462056 -0.000190103 0.394966 -0.218918 0.321344 -0.171736 
404 0.446928 0.367948 4.26826 0.488395 2.57557e-06 0.046775 -0.000184398 0.394966 -0.218918 0.321344 -0.171736 
405 0.446881 0.394958 4.34376 0.486092 2.11473e-06 0.047227 -0.000181326 0.394966 -0.218918 0.321344 -0.171736 
406 0.446779 0.426335 4.28097 0.486903 1.80383e-06 0.0493605 -0.000197684 0.394966 -0.218918 0.321344 -0.171736 
407 0.446319 0.472266 4.62496 0.479557 1.1341e-06 0.0487838 -0.000337458 0.394966 -0.218918 0.321344 -0.171736 
408 0.446541 0.301924 3.93145 0.684814 2.35456e-06 0.0501366 -0.000268108 0.394966 -0.218918 0.321344 -0.171736 
409 0.445817 0.369293 4.26892 0.683675 1.31425e-06 0.0534918 -0.00027075 0.394966 -0.218918 0.321344 -0.171736 
410 0.443017 0.429267 4.65977 0.668098 8.07518e-07 0.0534427 -0.000466289 0.394966 -0.218918 0.321344 -0.171736 
411 0.445872 0.321425 4.14066 0.926935 2.71616e-08 0.91623 -0.000251577 0.394966 -0.218918 0.321344 -0.171736 
412 0.442491 0.411826 5.10042 0.874567 1.29591e-07 0.107251 -0.00106038 0.394966 -0.218918 0.321344 -0.171736 
413 0.578048 0.289236 3.81867 0.129017 1.39875e-06 0.0144429 -0.000240919 0.394966 -0.218918 0.321344 -0.171736 
414 0.5791 0.323079 3.98799 0.12627 1.0207e-06 0.0150651 -0.00026404 0.394966 -0.218918 0.321344 -0.171736 
415 0.579169 0.345401 4.11911 0.124739 8.23957e-07 0.0152031 -0.000232097 0.394966 -0.218918 0.321344 -0.171736 
416 0.578149 0.366083 4.18625 0.128501 7.30628e-07 0.016081 -0.000247448 0.394966 -0.218918 0.321344 -0.171736 
417 0.576024 0.385929 4.31717 0.126637 6.04719e-07 0.0159146 -0.000258137 0.394966 -0.218918 0.321344 -0.171736 
418 0.574976 0.408348 4.40021 0.127884 5.15027e-07 0.0164343 -0.000275536 0.394966 -0.218918 0.321344 -0.171736 
419 0.567462 0.443627 4.61103 0.129325 3.91843e-07 0.016709 -0.00029496 0.394966 -0.218918 0.321344 -0.171736 
420 0.556656 0.495716 4.99034 0.129525 2.44058e-07 0.0176963 -0.00073482 0.394966 -0.218918 0.321344 -0.171736 
421 0.578437 0.279885 3.77574 0.305469 2.79179e-06 0.0306472 -0.000253926 0.394966 -0.218918 0.321344 -0.171736 
422 0.581534 0.312442 3.99072 0.299127 1.98594e-06 0.0319706 -0.000284586 0.394966 -0.218918 0.321344 -0.171736 
423 0.582572 0.335554 4.13133 0.296896 1.59117e-06 0.0327567 -0.00022893 0.394966 -0.218918 0.321344 -0.171736 
424 0.582741 0.356563 4.21427 0.29376 1.34209e-06 0.0335857 -0.00025316 0.394966 -0.218918 0.321344 -0.171736 
425 0.579773 0.376464 4.33002 0.2935 1.14304e-06 0.0339256 -0.000270905 0.394966 -0.218918 0.321344 -0.171736 
426 0.577072 0.397466 4.38986 0.292384 9.95853e-07 0.0346458 -0.000286966 0.394966 -0.218918 0.321344 -0.171736 
427 0.568345 0.424348 4.39963 0.292216 8.92312e-07 0.0355099 0.00183238 0.394966 -0.218918 0.321344 -0.171736 
428 0.555087 0.467158 4.66159 0.291002 6.32601e-07 0.0369992 -0.00116317 0.394966 -0.218918 0.321344 -0.171736 
429 0.587891 0.273825 3.73259 0.48836 2.79089e-06 0.0423416 -8.21035e-05 0.394966 -0.218918 0.321344 -0.171736 
430 0.585373 0.305872 4.00136 0.486999 2.01422e-06 0.044233 -0.000102785 0.394966 -0.218918 0.321344 -0.171736 
431 0.584417 0.331708 4.14137 0.486779 1.61785e-06 0.0463617 -0.000114697 0.394966 -0.218918 0.321344 -0.171736 
432 0.582748 0.35542 4.25538 0.486467 1.34076e-06 0.0479949 -0.000120383 0.394966 -0.218918 0.321344 -0.171736 
433 0.57679 0.380047 4.40326 0.486813 1.10819e-06 0.0485248 -0.00011826 0.394966 -0.218918 0.321344 -0.171736 
434 0.566493 0.411656 4.5253 0.48287 9.12487e-07 0.0492034 -0.000111842 0.394966 -0.218918 0.321344 -0.171736 
435 0.547476 0.458882 4.807 0.469999 6.50431e-07 0.0510728 -0.000167164 0.394966 -0.218918 0.321344 -0.171736 
436 0.584535 0.282859 3.81334 0.768461 1.15508e-06 0.0573269 -0.000127936 0.394966 -0.218918 0.321344 -0.171736 
437 0.577399 0.329669 4.17841 0.740164 8.4419e-07 0.0592221 -0.000266578 0.394966 -0.218918 0.321344 -0.171736 
438 0.563204 0.385347 4.6704 0.703253 5.78759e-07 0.0574953 -0.000277609 0.394966 -0.218918 0.321344 -0.171736 
439 0.323838 0.426844 5.74266 0.323004 2.31783e-06 0.026673 -0.000226338 0.394966 -0.218918 0.321344 -0.171736 
440 0.323722 0.465489 5.99512 0.312265 1.6196e-06 0.0253709 -0.000229782 0.394966 -0.218918 0.321344 -0.171736 
441 0.324111 0.500263 6.20329 0.300709 1.16306e-06 0.0247161 -0.000231581 0.394966 -0.218918 0.321344 -0.171736 
442 0.323938 0.543575 6.45803 0.291269 7.61666e-07 0.0248278 -0.000234334 0.394966 -0.218918 0.321344 -0.171736 
443 0.32416 0.596724 7.13727 0.28081 3.81453e-07 0.0245466 -0.000429402 0.394966 -0.218918 0.321344 -0.171736 
444 0.374151 0.431293 5.77059 0.325616 1.55147e-06 0.027521 -0.000240748 0.394966 -0.218918 0.321344 -0.171736 
445 0.373933 0.477372 6.06781 0.310208 1.01094e-06 0.0269524 -0.000319033 0.394966 -0.218918 0.321344 -0.171736 
446 0.3742 0.5249 6.33025 0.298149 6.46231e-07 0.0275399 -0.000317173 0.394966 -0.218918 0.321344 -0.171736 
447 0.37404 0.581499 6.89478 0.285 3.32666e-07 0.0280326 -0.000460374 0.394966 -0.218918 0.321344 -0.171736 
448 0.446312 0.424247 5.7264 0.33634 1.00866e-06 0.0287554 -0.000299291 0.394966 -0.218918 0.321344 -0.171736 
449 0.445736 0.458439 5.9495 0.322686 7.3785e-07 0.0289194 -0.000309804 0.394966 -0.218918 0.321344 -0.171736 
450 0.446099 0.488746 6.13364 0.309243 5.53153e-07 0.0292232 -0.000305362 0.394966 -0.218918 0.321344 -0.171736 
451 0.446012 0.522455 6.32243 0.302479 4.03654e-07 0.0304166 -0.000302268 0.394966 -0.218918 0.321344 -0.171736 
452 0.445481 0.572456 6.78766 0.288957 2.28537e-07 0.0314013 -0.000326949 0.394966 -0.218918 0.321344 -0.171736 
453 0.581082 0.425746 5.73476 0.34752 4.36783e-07 0.0310733 -0.000333535 0.394966 -0.218918 0.321344 -0.171736 
454 0.57822 0.461966 5.97547 0.315193 3.10713e-07 0.0306751 -0.00033874 0.394966 -0.218918 0.321344 -0.171736 
455 0.572404 0.496559 6.21159 0.295066 2.2669e-07 0.0304095 -0.000330464 0.394966 -0.218918 0.321344 -0.171736 
456 0.555934 0.549194 6.65456 0.267166 0 -nan -0.000316865 0.394966 -0.218918 0.321344 -0.171736 
457 0.573896 0.298206 3.9666 0.91899 0 -nan -0.00100911 0.394966 -0.218918 0.321344 -0.171736 
458 0.553772 0.369358 4.78048 0.878268 0 -nan -0.00158054 0.394966 -0.218918 0.321344 -0.171736 
459 0.324122 0.420749 5.70475 0.324245 0 -nan -0.000411367 0.394966 -0.218918 0.321344 -0.171736 
460 0.324118 0.450325 5.89916 0.319584 0 -nan -0.000483049 0.394966 -0.218918 0.321344 -0.171736 
461 0.323866 0.47407 6.04207 0.302922 0 -nan -0.000532016 0.394966 -0.218918 0.321344 -0.171736 
462 0.324402 0.497196 6.17956 0.303716 0 -nan -0.000601288 0.394966 -0.218918 0.321344 -0.171736 
463 0.324334 0.52354 6.33146 0.296432 0 -nan -0.000670626 0.394966 -0.218918 0.321344 -0.171736 
464 0.324298 0.557083 6.55408 0.290327 0 -nan -0.000782006 0.394966 -0.218918 0.321344 -0.171736 
465 0.324184 0.602615 7.24152 0.276803 0 -nan -0.00141444 0.394966 -0.218918 0.321344 -0.171736 
466 0.374212 0.423009 5.71812 0.338236 0 -nan -0.000393181 0.394966 -0.218918 0.321344 -0.171736 
467 0.374036 0.45615 5.93288 0.318894 0 -nan -0.000442443 0.394966 -0.218918 0.321344 -0.171736 
468 0.373726 0.484372 6.11713 0.307619 0 -nan -0.000494126 0.394966 -0.218918 0.321344 -0.171736 
469 0.374312 0.514016 6.27523 0.301563 0 -nan -0.000558597 0.394966 -0.218918 0.321344 -0.171736 
470 0.374312 0.551086 6.50842 0.29225 0 -nan -0.000641648 0.394966 -0.218918 0.321344 -0.171736 
471 0.374135 0.598812 7.18978 0.280454 0 -nan -0.0011687 0.394966 -0.218918 0.321344 -0.171736 
472 0.446375 0.442325 5.82809 0.128158 0 -nan -0.000153037 0.394966 -0.218918 0.321344 -0.171736 
473 0.44663 0.501217 6.21993 0.125435 0 -nan -0.000192532 0.394966 -0.218918 0.321344 -0.171736 
474 0.44561 0.565796 6.76677 0.127532 0 -nan -0.000317316 0.394966 -0.218918 0.321344 -0.171736 
475 0.447476 0.433439 5.79035 0.291638 0 -nan -0.000340819 0.394966 -0.218918 0.321344 -0.171736 
476 0.447877 0.482395 6.08736 0.290162 0 -nan -0.000420863 0.394966 -0.218918 0.321344 -0.171736 
477 0.447436 0.534392 6.35162 0.292103 0 -nan -0.000481393 0.394966 -0.218918 0.321344 -0.171736 
478 0.446975 0.591247 7.02268 0.292626 0 -nan -0.000941115 0.394966 -0.218918 0.321344 -0.171736 
479 0.447187 0.439602 5.837 0.582017 0 -nan -0.000598062 0.394966 -0.218918 0.321344 -0.171736 
480 0.446715 0.506628 6.25191 0.544988 0 -nan -0.000781379 0.394966 -0.218918 0.321344 -0.171736 
481 0.444649 0.57373 6.84861 0.496646 0 -nan -0.00169262 0.394966 -0.218918 0.321344 -0.171736 
482 0.58159 0.421819 5.70613 0.235598 0 -nan -0.000191043 0.394966 -0.218918 0.321344 -0.171736 
483 0.582902 0.450611 5.88822 0.229095 0 -nan -0.000203709 0.394966 -0.218918 0.321344 -0.171736 
484 0.583035 0.474518 6.05133 0.226903 0 -nan -0.000214215 0.394966 -0.218918 0.321344 -0.171736 
485 0.577836 0.499494 6.21253 0.220368 0 -nan -0.00022676 0.394966 -0.218918 0.321344 -0.171736 
486 0.567198 0.530586 6.43677 0.221959 0 -nan -0.000258223 0.394966 -0.218918 0.321344 -0.171736 
487 0.549886 0.577387 6.9501 0.218707 0 -nan -0.000407033 0.394966 -0.218918 0.321344 -0.171736 
488 0.580732 0.435028 5.81416 0.554298 0 -nan -0.000603336 0.394966 -0.218918 0.321344 -0.171736 
