                   BLNY           Nu_c           Nd_c           au_c           ad_c           bu_c           bd_c           Nu_T           Nd_T           au_T           ad_T           bu_T           bd_T
----- -----     2.36166e-02    2.61971e-01   -1.95220e-01    1.69586e+00    3.20601e-01    1.46831e-06    3.61390e-03    8.54376e-01   -9.99999e-01    6.88367e-01    1.79434e+00    4.81953e-02    6.99676e+00
+BLNY  BLNY     2.43336e-02    2.61971e-01   -1.95220e-01    1.69586e+00    3.20601e-01    1.46831e-06    3.61390e-03    8.54376e-01   -9.99999e-01    6.88367e-01    1.79434e+00    4.81953e-02    6.99676e+00
-BLNY  BLNY     2.28996e-02    2.61971e-01   -1.95220e-01    1.69586e+00    3.20601e-01    1.46831e-06    3.61390e-03    8.54376e-01   -9.99999e-01    6.88367e-01    1.79434e+00    4.81953e-02    6.99676e+00
+Nu_c  Nu_c     2.36166e-02    2.86625e-01   -1.95220e-01    1.69586e+00    3.20601e-01    1.46831e-06    3.61390e-03    8.54376e-01   -9.99999e-01    6.88367e-01    1.79434e+00    4.81953e-02    6.99676e+00
-Nu_c  Nu_c     2.36166e-02    2.37317e-01   -1.95220e-01    1.69586e+00    3.20601e-01    1.46831e-06    3.61390e-03    8.54376e-01   -9.99999e-01    6.88367e-01    1.79434e+00    4.81953e-02    6.99676e+00
+Nd_c  Nd_c     2.36166e-02    2.61971e-01   -1.88061e-01    1.69586e+00    3.20601e-01    1.46831e-06    3.61390e-03    8.54376e-01   -9.99999e-01    6.88367e-01    1.79434e+00    4.81953e-02    6.99676e+00
-Nd_c  Nd_c     2.36166e-02    2.61971e-01   -2.02379e-01    1.69586e+00    3.20601e-01    1.46831e-06    3.61390e-03    8.54376e-01   -9.99999e-01    6.88367e-01    1.79434e+00    4.81953e-02    6.99676e+00
+au_c  au_c     2.36166e-02    2.61971e-01   -1.95220e-01    1.70345e+00    3.20601e-01    1.46831e-06    3.61390e-03    8.54376e-01   -9.99999e-01    6.88367e-01    1.79434e+00    4.81953e-02    6.99676e+00
-au_c  au_c     2.36166e-02    2.61971e-01   -1.95220e-01    1.68827e+00    3.20601e-01    1.46831e-06    3.61390e-03    8.54376e-01   -9.99999e-01    6.88367e-01    1.79434e+00    4.81953e-02    6.99676e+00
+ad_c  ad_c     2.36166e-02    2.61971e-01   -1.95220e-01    1.69586e+00    3.60717e-01    1.46831e-06    3.61390e-03    8.54376e-01   -9.99999e-01    6.88367e-01    1.79434e+00    4.81953e-02    6.99676e+00
-ad_c  ad_c     2.36166e-02    2.61971e-01   -1.95220e-01    1.69586e+00    2.80485e-01    1.46831e-06    3.61390e-03    8.54376e-01   -9.99999e-01    6.88367e-01    1.79434e+00    4.81953e-02    6.99676e+00
+bu_c  bu_c     2.36166e-02    2.61971e-01   -1.95220e-01    1.69586e+00    3.20601e-01    5.38258e-01    3.61390e-03    8.54376e-01   -9.99999e-01    6.88367e-01    1.79434e+00    4.81953e-02    6.99676e+00
-bu_c  bu_c     2.36166e-02    2.61971e-01   -1.95220e-01    1.69586e+00    3.20601e-01   -5.38256e-01    3.61390e-03    8.54376e-01   -9.99999e-01    6.88367e-01    1.79434e+00    4.81953e-02    6.99676e+00
+bd_c  bd_c     2.36166e-02    2.61971e-01   -1.95220e-01    1.69586e+00    3.20601e-01    1.46831e-06    7.97360e-01    8.54376e-01   -9.99999e-01    6.88367e-01    1.79434e+00    4.81953e-02    6.99676e+00
-bd_c  bd_c     2.36166e-02    2.61971e-01   -1.95220e-01    1.69586e+00    3.20601e-01    1.46831e-06   -7.90132e-01    8.54376e-01   -9.99999e-01    6.88367e-01    1.79434e+00    4.81953e-02    6.99676e+00
+Nu_T  Nu_T     2.36166e-02    2.61971e-01   -1.95220e-01    1.69586e+00    3.20601e-01    1.46831e-06    3.61390e-03    9.40928e-01   -9.99999e-01    6.88367e-01    1.79434e+00    4.81953e-02    6.99676e+00
-Nu_T  Nu_T     2.36166e-02    2.61971e-01   -1.95220e-01    1.69586e+00    3.20601e-01    1.46831e-06    3.61390e-03    7.67824e-01   -9.99999e-01    6.88367e-01    1.79434e+00    4.81953e-02    6.99676e+00
+Nd_T  Nd_T     2.36166e-02    2.61971e-01   -1.95220e-01    1.69586e+00    3.20601e-01    1.46831e-06    3.61390e-03    8.54376e-01   -8.74843e-01    6.88367e-01    1.79434e+00    4.81953e-02    6.99676e+00
-Nd_T  Nd_T     2.36166e-02    2.61971e-01   -1.95220e-01    1.69586e+00    3.20601e-01    1.46831e-06    3.61390e-03    8.54376e-01   -1.12515e+00    6.88367e-01    1.79434e+00    4.81953e-02    6.99676e+00
+au_T  au_T     2.36166e-02    2.61971e-01   -1.95220e-01    1.69586e+00    3.20601e-01    1.46831e-06    3.61390e-03    8.54376e-01   -9.99999e-01    7.31720e-01    1.79434e+00    4.81953e-02    6.99676e+00
-au_T  au_T     2.36166e-02    2.61971e-01   -1.95220e-01    1.69586e+00    3.20601e-01    1.46831e-06    3.61390e-03    8.54376e-01   -9.99999e-01    6.45014e-01    1.79434e+00    4.81953e-02    6.99676e+00
+ad_T  ad_T     2.36166e-02    2.61971e-01   -1.95220e-01    1.69586e+00    3.20601e-01    1.46831e-06    3.61390e-03    8.54376e-01   -9.99999e-01    6.88367e-01    2.11172e+00    4.81953e-02    6.99676e+00
-ad_T  ad_T     2.36166e-02    2.61971e-01   -1.95220e-01    1.69586e+00    3.20601e-01    1.46831e-06    3.61390e-03    8.54376e-01   -9.99999e-01    6.88367e-01    1.47696e+00    4.81953e-02    6.99676e+00
+bu_T  bu_T     2.36166e-02    2.61971e-01   -1.95220e-01    1.69586e+00    3.20601e-01    1.46831e-06    3.61390e-03    8.54376e-01   -9.99999e-01    6.88367e-01    1.79434e+00    8.70887e-02    6.99676e+00
-bu_T  bu_T     2.36166e-02    2.61971e-01   -1.95220e-01    1.69586e+00    3.20601e-01    1.46831e-06    3.61390e-03    8.54376e-01   -9.99999e-01    6.88367e-01    1.79434e+00    9.30190e-03    6.99676e+00
+bd_T  bd_T     2.36166e-02    2.61971e-01   -1.95220e-01    1.69586e+00    3.20601e-01    1.46831e-06    3.61390e-03    8.54376e-01   -9.99999e-01    6.88367e-01    1.79434e+00    4.81953e-02    9.64494e+00
-bd_T  bd_T     2.36166e-02    2.61971e-01   -1.95220e-01    1.69586e+00    3.20601e-01    1.46831e-06    3.61390e-03    8.54376e-01   -9.99999e-01    6.88367e-01    1.79434e+00    4.81953e-02    4.34858e+00
