                   BLNY           Nu_c           Nd_c           au_c           ad_c           bu_c           bd_c           Nu_T           Nd_T           au_T           ad_T           bu_T           bd_T          ChiSQ
+BLNY +BLNY    2.43336e-02    2.61971e-01   -1.95220e-01    1.69586e+00    3.20601e-01    1.46831e-06    3.61390e-03    8.54376e-01   -9.99999e-01    6.88367e-01    1.79434e+00    4.81953e-02    6.99676e+00    1.93661e+03
+BLNY -BLNY    2.43336e-02    2.61971e-01   -1.95220e-01    1.69586e+00    3.20601e-01    1.46831e-06    3.61390e-03    8.54376e-01   -9.99999e-01    6.88367e-01    1.79434e+00    4.81953e-02    6.99676e+00    1.93661e+03
-BLNY +BLNY    2.28996e-02    2.61971e-01   -1.95220e-01    1.69586e+00    3.20601e-01    1.46831e-06    3.61390e-03    8.54376e-01   -9.99999e-01    6.88367e-01    1.79434e+00    4.81953e-02    6.99676e+00    1.81549e+03
-BLNY -BLNY    2.28996e-02    2.61971e-01   -1.95220e-01    1.69586e+00    3.20601e-01    1.46831e-06    3.61390e-03    8.54376e-01   -9.99999e-01    6.88367e-01    1.79434e+00    4.81953e-02    6.99676e+00    1.81549e+03
+BLNY +Nu_c    2.43336e-02    2.86625e-01   -1.95220e-01    1.69586e+00    3.20601e-01    1.46831e-06    3.61390e-03    8.54376e-01   -9.99999e-01    6.88367e-01    1.79434e+00    4.81953e-02    6.99676e+00    5.62502e+02
+BLNY -Nu_c    2.43336e-02    2.37317e-01   -1.95220e-01    1.69586e+00    3.20601e-01    1.46831e-06    3.61390e-03    8.54376e-01   -9.99999e-01    6.88367e-01    1.79434e+00    4.81953e-02    6.99676e+00    5.17674e+03
-BLNY +Nu_c    2.28996e-02    2.86625e-01   -1.95220e-01    1.69586e+00    3.20601e-01    1.46831e-06    3.61390e-03    8.54376e-01   -9.99999e-01    6.88367e-01    1.79434e+00    4.81953e-02    6.99676e+00    5.17508e+03
-BLNY -Nu_c    2.28996e-02    2.37317e-01   -1.95220e-01    1.69586e+00    3.20601e-01    1.46831e-06    3.61390e-03    8.54376e-01   -9.99999e-01    6.88367e-01    1.79434e+00    4.81953e-02    6.99676e+00    5.28900e+02
+BLNY +Nd_c    2.43336e-02    2.61971e-01   -1.88061e-01    1.69586e+00    3.20601e-01    1.46831e-06    3.61390e-03    8.54376e-01   -9.99999e-01    6.88367e-01    1.79434e+00    4.81953e-02    6.99676e+00    4.80680e+03
+BLNY -Nd_c    2.43336e-02    2.61971e-01   -2.02379e-01    1.69586e+00    3.20601e-01    1.46831e-06    3.61390e-03    8.54376e-01   -9.99999e-01    6.88367e-01    1.79434e+00    4.81953e-02    6.99676e+00    6.36158e+02
-BLNY +Nd_c    2.28996e-02    2.61971e-01   -1.88061e-01    1.69586e+00    3.20601e-01    1.46831e-06    3.61390e-03    8.54376e-01   -9.99999e-01    6.88367e-01    1.79434e+00    4.81953e-02    6.99676e+00    5.60667e+02
-BLNY -Nd_c    2.28996e-02    2.61971e-01   -2.02379e-01    1.69586e+00    3.20601e-01    1.46831e-06    3.61390e-03    8.54376e-01   -9.99999e-01    6.88367e-01    1.79434e+00    4.81953e-02    6.99676e+00    4.87760e+03
+BLNY +au_c    2.43336e-02    2.61971e-01   -1.95220e-01    1.70345e+00    3.20601e-01    1.46831e-06    3.61390e-03    8.54376e-01   -9.99999e-01    6.88367e-01    1.79434e+00    4.81953e-02    6.99676e+00    2.03694e+03
+BLNY -au_c    2.43336e-02    2.61971e-01   -1.95220e-01    1.68827e+00    3.20601e-01    1.46831e-06    3.61390e-03    8.54376e-01   -9.99999e-01    6.88367e-01    1.79434e+00    4.81953e-02    6.99676e+00    1.83932e+03
-BLNY +au_c    2.28996e-02    2.61971e-01   -1.95220e-01    1.70345e+00    3.20601e-01    1.46831e-06    3.61390e-03    8.54376e-01   -9.99999e-01    6.88367e-01    1.79434e+00    4.81953e-02    6.99676e+00    1.71467e+03
-BLNY -au_c    2.28996e-02    2.61971e-01   -1.95220e-01    1.68827e+00    3.20601e-01    1.46831e-06    3.61390e-03    8.54376e-01   -9.99999e-01    6.88367e-01    1.79434e+00    4.81953e-02    6.99676e+00    1.92086e+03
+BLNY +ad_c    2.43336e-02    2.61971e-01   -1.95220e-01    1.69586e+00    3.60717e-01    1.46831e-06    3.61390e-03    8.54376e-01   -9.99999e-01    6.88367e-01    1.79434e+00    4.81953e-02    6.99676e+00    3.57853e+03
+BLNY -ad_c    2.43336e-02    2.61971e-01   -1.95220e-01    1.69586e+00    2.80485e-01    1.46831e-06    3.61390e-03    8.54376e-01   -9.99999e-01    6.88367e-01    1.79434e+00    4.81953e-02    6.99676e+00    9.33792e+02
-BLNY +ad_c    2.28996e-02    2.61971e-01   -1.95220e-01    1.69586e+00    3.60717e-01    1.46831e-06    3.61390e-03    8.54376e-01   -9.99999e-01    6.88367e-01    1.79434e+00    4.81953e-02    6.99676e+00    8.11710e+02
-BLNY -ad_c    2.28996e-02    2.61971e-01   -1.95220e-01    1.69586e+00    2.80485e-01    1.46831e-06    3.61390e-03    8.54376e-01   -9.99999e-01    6.88367e-01    1.79434e+00    4.81953e-02    6.99676e+00    3.64422e+03
+BLNY +bu_c    2.43336e-02    2.61971e-01   -1.95220e-01    1.69586e+00    3.20601e-01    1.34565e-01    3.61390e-03    8.54376e-01   -9.99999e-01    6.88367e-01    1.79434e+00    4.81953e-02    6.99676e+00    6.12971e+03
+BLNY -bu_c    2.43336e-02    2.61971e-01   -1.95220e-01    1.69586e+00    3.20601e-01   -1.34563e-01    3.61390e-03    8.54376e-01   -9.99999e-01    6.88367e-01    1.79434e+00    4.81953e-02    6.99676e+00   -1.11110e+04
-BLNY +bu_c    2.28996e-02    2.61971e-01   -1.95220e-01    1.69586e+00    3.20601e-01    1.34565e-01    3.61390e-03    8.54376e-01   -9.99999e-01    6.88367e-01    1.79434e+00    4.81953e-02    6.99676e+00    5.17269e+02
-BLNY -bu_c    2.28996e-02    2.61971e-01   -1.95220e-01    1.69586e+00    3.20601e-01   -1.34563e-01    3.61390e-03    8.54376e-01   -9.99999e-01    6.88367e-01    1.79434e+00    4.81953e-02    6.99676e+00   -1.11110e+04
+BLNY +bd_c    2.43336e-02    2.61971e-01   -1.95220e-01    1.69586e+00    3.20601e-01    1.46831e-06    2.02050e-01    8.54376e-01   -9.99999e-01    6.88367e-01    1.79434e+00    4.81953e-02    6.99676e+00    2.33850e+04
+BLNY -bd_c    2.43336e-02    2.61971e-01   -1.95220e-01    1.69586e+00    3.20601e-01    1.46831e-06   -1.94823e-01    8.54376e-01   -9.99999e-01    6.88367e-01    1.79434e+00    4.81953e-02    6.99676e+00    1.74836e+05
-BLNY +bd_c    2.28996e-02    2.61971e-01   -1.95220e-01    1.69586e+00    3.20601e-01    1.46831e-06    2.02050e-01    8.54376e-01   -9.99999e-01    6.88367e-01    1.79434e+00    4.81953e-02    6.99676e+00    7.61256e+03
-BLNY -bd_c    2.28996e-02    2.61971e-01   -1.95220e-01    1.69586e+00    3.20601e-01    1.46831e-06   -1.94823e-01    8.54376e-01   -9.99999e-01    6.88367e-01    1.79434e+00    4.81953e-02    6.99676e+00    1.35803e+05
+BLNY +Nu_T    2.43336e-02    2.61971e-01   -1.95220e-01    1.69586e+00    3.20601e-01    1.46831e-06    3.61390e-03    9.40928e-01   -9.99999e-01    6.88367e-01    1.79434e+00    4.81953e-02    6.99676e+00    2.16561e+03
+BLNY -Nu_T    2.43336e-02    2.61971e-01   -1.95220e-01    1.69586e+00    3.20601e-01    1.46831e-06    3.61390e-03    7.67824e-01   -9.99999e-01    6.88367e-01    1.79434e+00    4.81953e-02    6.99676e+00    1.36868e+04
-BLNY +Nu_T    2.28996e-02    2.61971e-01   -1.95220e-01    1.69586e+00    3.20601e-01    1.46831e-06    3.61390e-03    9.40928e-01   -9.99999e-01    6.88367e-01    1.79434e+00    4.81953e-02    6.99676e+00    1.46744e+04
-BLNY -Nu_T    2.28996e-02    2.61971e-01   -1.95220e-01    1.69586e+00    3.20601e-01    1.46831e-06    3.61390e-03    7.67824e-01   -9.99999e-01    6.88367e-01    1.79434e+00    4.81953e-02    6.99676e+00    2.74871e+03
+BLNY +Nd_T    2.43336e-02    2.61971e-01   -1.95220e-01    1.69586e+00    3.20601e-01    1.46831e-06    3.61390e-03    8.54376e-01   -8.74845e-01    6.88367e-01    1.79434e+00    4.81953e-02    6.99676e+00    6.65497e+03
+BLNY -Nd_T    2.43336e-02    2.61971e-01   -1.95220e-01    1.69586e+00    3.20601e-01    1.46831e-06    3.61390e-03    8.54376e-01   -1.12515e+00    6.88367e-01    1.79434e+00    4.81953e-02    6.99676e+00    5.18551e+02
-BLNY +Nd_T    2.28996e-02    2.61971e-01   -1.95220e-01    1.69586e+00    3.20601e-01    1.46831e-06    3.61390e-03    8.54376e-01   -8.74845e-01    6.88367e-01    1.79434e+00    4.81953e-02    6.99676e+00    5.59160e+02
-BLNY -Nd_T    2.28996e-02    2.61971e-01   -1.95220e-01    1.69586e+00    3.20601e-01    1.46831e-06    3.61390e-03    8.54376e-01   -1.12515e+00    6.88367e-01    1.79434e+00    4.81953e-02    6.99676e+00    6.73786e+03
+BLNY +au_T    2.43336e-02    2.61971e-01   -1.95220e-01    1.69586e+00    3.20601e-01    1.46831e-06    3.61390e-03    8.54376e-01   -9.99999e-01    6.91077e-01    1.79434e+00    4.81953e-02    6.99676e+00    2.21525e+03
+BLNY -au_T    2.43336e-02    2.61971e-01   -1.95220e-01    1.69586e+00    3.20601e-01    1.46831e-06    3.61390e-03    8.54376e-01   -9.99999e-01    6.85657e-01    1.79434e+00    4.81953e-02    6.99676e+00    1.68222e+03
-BLNY +au_T    2.28996e-02    2.61971e-01   -1.95220e-01    1.69586e+00    3.20601e-01    1.46831e-06    3.61390e-03    8.54376e-01   -9.99999e-01    6.91077e-01    1.79434e+00    4.81953e-02    6.99676e+00    1.55073e+03
-BLNY -au_T    2.28996e-02    2.61971e-01   -1.95220e-01    1.69586e+00    3.20601e-01    1.46831e-06    3.61390e-03    8.54376e-01   -9.99999e-01    6.85657e-01    1.79434e+00    4.81953e-02    6.99676e+00    2.11205e+03
+BLNY +ad_T    2.43336e-02    2.61971e-01   -1.95220e-01    1.69586e+00    3.20601e-01    1.46831e-06    3.61390e-03    8.54376e-01   -9.99999e-01    6.88367e-01    1.83401e+00    4.81953e-02    6.99676e+00    2.31324e+03
+BLNY -ad_T    2.43336e-02    2.61971e-01   -1.95220e-01    1.69586e+00    3.20601e-01    1.46831e-06    3.61390e-03    8.54376e-01   -9.99999e-01    6.88367e-01    1.75467e+00    4.81953e-02    6.99676e+00    1.61476e+03
-BLNY +ad_T    2.28996e-02    2.61971e-01   -1.95220e-01    1.69586e+00    3.20601e-01    1.46831e-06    3.61390e-03    8.54376e-01   -9.99999e-01    6.88367e-01    1.83401e+00    4.81953e-02    6.99676e+00    1.47603e+03
-BLNY -ad_T    2.28996e-02    2.61971e-01   -1.95220e-01    1.69586e+00    3.20601e-01    1.46831e-06    3.61390e-03    8.54376e-01   -9.99999e-01    6.88367e-01    1.75467e+00    4.81953e-02    6.99676e+00    2.19444e+03
+BLNY +bu_T    2.43336e-02    2.61971e-01   -1.95220e-01    1.69586e+00    3.20601e-01    1.46831e-06    3.61390e-03    8.54376e-01   -9.99999e-01    6.88367e-01    1.79434e+00    5.06263e-02    6.99676e+00    1.60991e+03
+BLNY -bu_T    2.43336e-02    2.61971e-01   -1.95220e-01    1.69586e+00    3.20601e-01    1.46831e-06    3.61390e-03    8.54376e-01   -9.99999e-01    6.88367e-01    1.79434e+00    4.57643e-02    6.99676e+00    2.31199e+03
-BLNY +bu_T    2.28996e-02    2.61971e-01   -1.95220e-01    1.69586e+00    3.20601e-01    1.46831e-06    3.61390e-03    8.54376e-01   -9.99999e-01    6.88367e-01    1.79434e+00    5.06263e-02    6.99676e+00    2.20249e+03
-BLNY -bu_T    2.28996e-02    2.61971e-01   -1.95220e-01    1.69586e+00    3.20601e-01    1.46831e-06    3.61390e-03    8.54376e-01   -9.99999e-01    6.88367e-01    1.79434e+00    4.57643e-02    6.99676e+00    1.47534e+03
+BLNY +bd_T    2.43336e-02    2.61971e-01   -1.95220e-01    1.69586e+00    3.20601e-01    1.46831e-06    3.61390e-03    8.54376e-01   -9.99999e-01    6.88367e-01    1.79434e+00    4.81953e-02    7.16227e+00    1.66417e+03
+BLNY -bd_T    2.43336e-02    2.61971e-01   -1.95220e-01    1.69586e+00    3.20601e-01    1.46831e-06    3.61390e-03    8.54376e-01   -9.99999e-01    6.88367e-01    1.79434e+00    4.81953e-02    6.83125e+00    2.25535e+03
-BLNY +bd_T    2.28996e-02    2.61971e-01   -1.95220e-01    1.69586e+00    3.20601e-01    1.46831e-06    3.61390e-03    8.54376e-01   -9.99999e-01    6.88367e-01    1.79434e+00    4.81953e-02    7.16227e+00    2.12818e+03
-BLNY -bd_T    2.28996e-02    2.61971e-01   -1.95220e-01    1.69586e+00    3.20601e-01    1.46831e-06    3.61390e-03    8.54376e-01   -9.99999e-01    6.88367e-01    1.79434e+00    4.81953e-02    6.83125e+00    1.52332e+03
+Nu_c +Nu_c    2.36166e-02    2.86625e-01   -1.95220e-01    1.69586e+00    3.20601e-01    1.46831e-06    3.61390e-03    8.54376e-01   -9.99999e-01    6.88367e-01    1.79434e+00    4.81953e-02    6.99676e+00    1.43726e+03
+Nu_c -Nu_c    2.36166e-02    2.86625e-01   -1.95220e-01    1.69586e+00    3.20601e-01    1.46831e-06    3.61390e-03    8.54376e-01   -9.99999e-01    6.88367e-01    1.79434e+00    4.81953e-02    6.99676e+00    1.43726e+03
-Nu_c +Nu_c    2.36166e-02    2.37317e-01   -1.95220e-01    1.69586e+00    3.20601e-01    1.46831e-06    3.61390e-03    8.54376e-01   -9.99999e-01    6.88367e-01    1.79434e+00    4.81953e-02    6.99676e+00    1.51555e+03
-Nu_c -Nu_c    2.36166e-02    2.37317e-01   -1.95220e-01    1.69586e+00    3.20601e-01    1.46831e-06    3.61390e-03    8.54376e-01   -9.99999e-01    6.88367e-01    1.79434e+00    4.81953e-02    6.99676e+00    1.51555e+03
+Nu_c +Nd_c    2.36166e-02    2.86625e-01   -1.88061e-01    1.69586e+00    3.20601e-01    1.46831e-06    3.61390e-03    8.54376e-01   -9.99999e-01    6.88367e-01    1.79434e+00    4.81953e-02    6.99676e+00    4.97530e+02
+Nu_c -Nd_c    2.36166e-02    2.86625e-01   -2.02379e-01    1.69586e+00    3.20601e-01    1.46831e-06    3.61390e-03    8.54376e-01   -9.99999e-01    6.88367e-01    1.79434e+00    4.81953e-02    6.99676e+00    4.06395e+03
-Nu_c +Nd_c    2.36166e-02    2.37317e-01   -1.88061e-01    1.69586e+00    3.20601e-01    1.46831e-06    3.61390e-03    8.54376e-01   -9.99999e-01    6.88367e-01    1.79434e+00    4.81953e-02    6.99676e+00    4.19841e+03
-Nu_c -Nd_c    2.36166e-02    2.37317e-01   -2.02379e-01    1.69586e+00    3.20601e-01    1.46831e-06    3.61390e-03    8.54376e-01   -9.99999e-01    6.88367e-01    1.79434e+00    4.81953e-02    6.99676e+00    5.19875e+02
+Nu_c +au_c    2.36166e-02    2.86625e-01   -1.95220e-01    1.70345e+00    3.20601e-01    1.46831e-06    3.61390e-03    8.54376e-01   -9.99999e-01    6.88367e-01    1.79434e+00    4.81953e-02    6.99676e+00    1.34727e+03
+Nu_c -au_c    2.36166e-02    2.86625e-01   -1.95220e-01    1.68827e+00    3.20601e-01    1.46831e-06    3.61390e-03    8.54376e-01   -9.99999e-01    6.88367e-01    1.79434e+00    4.81953e-02    6.99676e+00    1.53215e+03
-Nu_c +au_c    2.36166e-02    2.37317e-01   -1.95220e-01    1.70345e+00    3.20601e-01    1.46831e-06    3.61390e-03    8.54376e-01   -9.99999e-01    6.88367e-01    1.79434e+00    4.81953e-02    6.99676e+00    1.59633e+03
-Nu_c -au_c    2.36166e-02    2.37317e-01   -1.95220e-01    1.68827e+00    3.20601e-01    1.46831e-06    3.61390e-03    8.54376e-01   -9.99999e-01    6.88367e-01    1.79434e+00    4.81953e-02    6.99676e+00    1.43752e+03
+Nu_c +ad_c    2.36166e-02    2.86625e-01   -1.95220e-01    1.69586e+00    3.60717e-01    1.46831e-06    3.61390e-03    8.54376e-01   -9.99999e-01    6.88367e-01    1.79434e+00    4.81953e-02    6.99676e+00    6.47901e+02
+Nu_c -ad_c    2.36166e-02    2.86625e-01   -1.95220e-01    1.69586e+00    2.80485e-01    1.46831e-06    3.61390e-03    8.54376e-01   -9.99999e-01    6.88367e-01    1.79434e+00    4.81953e-02    6.99676e+00    2.98419e+03
-Nu_c +ad_c    2.36166e-02    2.37317e-01   -1.95220e-01    1.69586e+00    3.60717e-01    1.46831e-06    3.61390e-03    8.54376e-01   -9.99999e-01    6.88367e-01    1.79434e+00    4.81953e-02    6.99676e+00    3.04726e+03
-Nu_c -ad_c    2.36166e-02    2.37317e-01   -1.95220e-01    1.69586e+00    2.80485e-01    1.46831e-06    3.61390e-03    8.54376e-01   -9.99999e-01    6.88367e-01    1.79434e+00    4.81953e-02    6.99676e+00    6.85207e+02
+Nu_c +bu_c    2.36166e-02    2.86625e-01   -1.95220e-01    1.69586e+00    3.20601e-01    1.34565e-01    3.61390e-03    8.54376e-01   -9.99999e-01    6.88367e-01    1.79434e+00    4.81953e-02    6.99676e+00    6.03011e+02
+Nu_c -bu_c    2.36166e-02    2.86625e-01   -1.95220e-01    1.69586e+00    3.20601e-01   -1.34563e-01    3.61390e-03    8.54376e-01   -9.99999e-01    6.88367e-01    1.79434e+00    4.81953e-02    6.99676e+00   -1.11110e+04
-Nu_c +bu_c    2.36166e-02    2.37317e-01   -1.95220e-01    1.69586e+00    3.20601e-01    1.34565e-01    3.61390e-03    8.54376e-01   -9.99999e-01    6.88367e-01    1.79434e+00    4.81953e-02    6.99676e+00    4.85830e+03
-Nu_c -bu_c    2.36166e-02    2.37317e-01   -1.95220e-01    1.69586e+00    3.20601e-01   -1.34563e-01    3.61390e-03    8.54376e-01   -9.99999e-01    6.88367e-01    1.79434e+00    4.81953e-02    6.99676e+00   -1.11110e+04
+Nu_c +bd_c    2.36166e-02    2.86625e-01   -1.95220e-01    1.69586e+00    3.20601e-01    1.46831e-06    2.02050e-01    8.54376e-01   -9.99999e-01    6.88367e-01    1.79434e+00    4.81953e-02    6.99676e+00    7.92482e+03
+Nu_c -bd_c    2.36166e-02    2.86625e-01   -1.95220e-01    1.69586e+00    3.20601e-01    1.46831e-06   -1.94823e-01    8.54376e-01   -9.99999e-01    6.88367e-01    1.79434e+00    4.81953e-02    6.99676e+00    1.30977e+05
-Nu_c +bd_c    2.36166e-02    2.37317e-01   -1.95220e-01    1.69586e+00    3.20601e-01    1.46831e-06    2.02050e-01    8.54376e-01   -9.99999e-01    6.88367e-01    1.79434e+00    4.81953e-02    6.99676e+00    2.26586e+04
-Nu_c -bd_c    2.36166e-02    2.37317e-01   -1.95220e-01    1.69586e+00    3.20601e-01    1.46831e-06   -1.94823e-01    8.54376e-01   -9.99999e-01    6.88367e-01    1.79434e+00    4.81953e-02    6.99676e+00    1.80130e+05
+Nu_c +Nu_T    2.36166e-02    2.86625e-01   -1.95220e-01    1.69586e+00    3.20601e-01    1.46831e-06    3.61390e-03    9.40928e-01   -9.99999e-01    6.88367e-01    1.79434e+00    4.81953e-02    6.99676e+00    1.28005e+04
+Nu_c -Nu_T    2.36166e-02    2.86625e-01   -1.95220e-01    1.69586e+00    3.20601e-01    1.46831e-06    3.61390e-03    7.67824e-01   -9.99999e-01    6.88367e-01    1.79434e+00    4.81953e-02    6.99676e+00    2.94826e+03
-Nu_c +Nu_T    2.36166e-02    2.37317e-01   -1.95220e-01    1.69586e+00    3.20601e-01    1.46831e-06    3.61390e-03    9.40928e-01   -9.99999e-01    6.88367e-01    1.79434e+00    4.81953e-02    6.99676e+00    2.87195e+03
-Nu_c -Nu_T    2.36166e-02    2.37317e-01   -1.95220e-01    1.69586e+00    3.20601e-01    1.46831e-06    3.61390e-03    7.67824e-01   -9.99999e-01    6.88367e-01    1.79434e+00    4.81953e-02    6.99676e+00    1.30337e+04
+Nu_c +Nd_T    2.36166e-02    2.86625e-01   -1.95220e-01    1.69586e+00    3.20601e-01    1.46831e-06    3.61390e-03    8.54376e-01   -8.74845e-01    6.88367e-01    1.79434e+00    4.81953e-02    6.99676e+00    7.13653e+02
+Nu_c -Nd_T    2.36166e-02    2.86625e-01   -1.95220e-01    1.69586e+00    3.20601e-01    1.46831e-06    3.61390e-03    8.54376e-01   -1.12515e+00    6.88367e-01    1.79434e+00    4.81953e-02    6.99676e+00    6.32903e+03
-Nu_c +Nd_T    2.36166e-02    2.37317e-01   -1.95220e-01    1.69586e+00    3.20601e-01    1.46831e-06    3.61390e-03    8.54376e-01   -8.74845e-01    6.88367e-01    1.79434e+00    4.81953e-02    6.99676e+00    5.36347e+03
-Nu_c -Nd_T    2.36166e-02    2.37317e-01   -1.95220e-01    1.69586e+00    3.20601e-01    1.46831e-06    3.61390e-03    8.54376e-01   -1.12515e+00    6.88367e-01    1.79434e+00    4.81953e-02    6.99676e+00    5.25206e+02
+Nu_c +au_T    2.36166e-02    2.86625e-01   -1.95220e-01    1.69586e+00    3.20601e-01    1.46831e-06    3.61390e-03    8.54376e-01   -9.99999e-01    6.91077e-01    1.79434e+00    4.81953e-02    6.99676e+00    1.22182e+03
+Nu_c -au_T    2.36166e-02    2.86625e-01   -1.95220e-01    1.69586e+00    3.20601e-01    1.46831e-06    3.61390e-03    8.54376e-01   -9.99999e-01    6.85657e-01    1.79434e+00    4.81953e-02    6.99676e+00    1.68170e+03
-Nu_c +au_T    2.36166e-02    2.37317e-01   -1.95220e-01    1.69586e+00    3.20601e-01    1.46831e-06    3.61390e-03    8.54376e-01   -9.99999e-01    6.91077e-01    1.79434e+00    4.81953e-02    6.99676e+00    1.76649e+03
-Nu_c -au_T    2.36166e-02    2.37317e-01   -1.95220e-01    1.69586e+00    3.20601e-01    1.46831e-06    3.61390e-03    8.54376e-01   -9.99999e-01    6.85657e-01    1.79434e+00    4.81953e-02    6.99676e+00    1.29144e+03
+Nu_c +ad_T    2.36166e-02    2.86625e-01   -1.95220e-01    1.69586e+00    3.20601e-01    1.46831e-06    3.61390e-03    8.54376e-01   -9.99999e-01    6.88367e-01    1.83401e+00    4.81953e-02    6.99676e+00    1.13737e+03
+Nu_c -ad_T    2.36166e-02    2.86625e-01   -1.95220e-01    1.69586e+00    3.20601e-01    1.46831e-06    3.61390e-03    8.54376e-01   -9.99999e-01    6.88367e-01    1.75467e+00    4.81953e-02    6.99676e+00    1.78295e+03
-Nu_c +ad_T    2.36166e-02    2.37317e-01   -1.95220e-01    1.69586e+00    3.20601e-01    1.46831e-06    3.61390e-03    8.54376e-01   -9.99999e-01    6.88367e-01    1.83401e+00    4.81953e-02    6.99676e+00    1.82025e+03
-Nu_c -ad_T    2.36166e-02    2.37317e-01   -1.95220e-01    1.69586e+00    3.20601e-01    1.46831e-06    3.61390e-03    8.54376e-01   -9.99999e-01    6.88367e-01    1.75467e+00    4.81953e-02    6.99676e+00    1.25842e+03
+Nu_c +bu_T    2.36166e-02    2.86625e-01   -1.95220e-01    1.69586e+00    3.20601e-01    1.46831e-06    3.61390e-03    8.54376e-01   -9.99999e-01    6.88367e-01    1.79434e+00    5.06263e-02    6.99676e+00    1.75925e+03
+Nu_c -bu_T    2.36166e-02    2.86625e-01   -1.95220e-01    1.69586e+00    3.20601e-01    1.46831e-06    3.61390e-03    8.54376e-01   -9.99999e-01    6.88367e-01    1.79434e+00    4.57643e-02    6.99676e+00    1.15934e+03
-Nu_c +bu_T    2.36166e-02    2.37317e-01   -1.95220e-01    1.69586e+00    3.20601e-01    1.46831e-06    3.61390e-03    8.54376e-01   -9.99999e-01    6.88367e-01    1.79434e+00    5.06263e-02    6.99676e+00    1.23123e+03
-Nu_c -bu_T    2.36166e-02    2.37317e-01   -1.95220e-01    1.69586e+00    3.20601e-01    1.46831e-06    3.61390e-03    8.54376e-01   -9.99999e-01    6.88367e-01    1.79434e+00    4.57643e-02    6.99676e+00    1.85149e+03
+Nu_c +bd_T    2.36166e-02    2.86625e-01   -1.95220e-01    1.69586e+00    3.20601e-01    1.46831e-06    3.61390e-03    8.54376e-01   -9.99999e-01    6.88367e-01    1.79434e+00    4.81953e-02    7.16227e+00    1.72200e+03
+Nu_c -bd_T    2.36166e-02    2.86625e-01   -1.95220e-01    1.69586e+00    3.20601e-01    1.46831e-06    3.61390e-03    8.54376e-01   -9.99999e-01    6.88367e-01    1.79434e+00    4.81953e-02    6.83125e+00    1.17831e+03
-Nu_c +bd_T    2.36166e-02    2.37317e-01   -1.95220e-01    1.69586e+00    3.20601e-01    1.46831e-06    3.61390e-03    8.54376e-01   -9.99999e-01    6.88367e-01    1.79434e+00    4.81953e-02    7.16227e+00    1.29813e+03
-Nu_c -bd_T    2.36166e-02    2.37317e-01   -1.95220e-01    1.69586e+00    3.20601e-01    1.46831e-06    3.61390e-03    8.54376e-01   -9.99999e-01    6.88367e-01    1.79434e+00    4.81953e-02    6.83125e+00    1.77252e+03
+Nd_c +Nd_c    2.36166e-02    2.61971e-01   -1.88061e-01    1.69586e+00    3.20601e-01    1.46831e-06    3.61390e-03    8.54376e-01   -9.99999e-01    6.88367e-01    1.79434e+00    4.81953e-02    6.99676e+00    1.36353e+03
+Nd_c -Nd_c    2.36166e-02    2.61971e-01   -1.88061e-01    1.69586e+00    3.20601e-01    1.46831e-06    3.61390e-03    8.54376e-01   -9.99999e-01    6.88367e-01    1.79434e+00    4.81953e-02    6.99676e+00    1.36353e+03
-Nd_c +Nd_c    2.36166e-02    2.61971e-01   -2.02379e-01    1.69586e+00    3.20601e-01    1.46831e-06    3.61390e-03    8.54376e-01   -9.99999e-01    6.88367e-01    1.79434e+00    4.81953e-02    6.99676e+00    1.30748e+03
-Nd_c -Nd_c    2.36166e-02    2.61971e-01   -2.02379e-01    1.69586e+00    3.20601e-01    1.46831e-06    3.61390e-03    8.54376e-01   -9.99999e-01    6.88367e-01    1.79434e+00    4.81953e-02    6.99676e+00    1.30748e+03
+Nd_c +au_c    2.36166e-02    2.61971e-01   -1.88061e-01    1.70345e+00    3.20601e-01    1.46831e-06    3.61390e-03    8.54376e-01   -9.99999e-01    6.88367e-01    1.79434e+00    4.81953e-02    6.99676e+00    1.44623e+03
+Nd_c -au_c    2.36166e-02    2.61971e-01   -1.88061e-01    1.68827e+00    3.20601e-01    1.46831e-06    3.61390e-03    8.54376e-01   -9.99999e-01    6.88367e-01    1.79434e+00    4.81953e-02    6.99676e+00    1.28425e+03
-Nd_c +au_c    2.36166e-02    2.61971e-01   -2.02379e-01    1.70345e+00    3.20601e-01    1.46831e-06    3.61390e-03    8.54376e-01   -9.99999e-01    6.88367e-01    1.79434e+00    4.81953e-02    6.99676e+00    1.23170e+03
-Nd_c -au_c    2.36166e-02    2.61971e-01   -2.02379e-01    1.68827e+00    3.20601e-01    1.46831e-06    3.61390e-03    8.54376e-01   -9.99999e-01    6.88367e-01    1.79434e+00    4.81953e-02    6.99676e+00    1.38736e+03
+Nd_c +ad_c    2.36166e-02    2.61971e-01   -1.88061e-01    1.69586e+00    3.60717e-01    1.46831e-06    3.61390e-03    8.54376e-01   -9.99999e-01    6.88367e-01    1.79434e+00    4.81953e-02    6.99676e+00    2.75946e+03
+Nd_c -ad_c    2.36166e-02    2.61971e-01   -1.88061e-01    1.69586e+00    2.80485e-01    1.46831e-06    3.61390e-03    8.54376e-01   -9.99999e-01    6.88367e-01    1.79434e+00    4.81953e-02    6.99676e+00    6.18553e+02
-Nd_c +ad_c    2.36166e-02    2.61971e-01   -2.02379e-01    1.69586e+00    3.60717e-01    1.46831e-06    3.61390e-03    8.54376e-01   -9.99999e-01    6.88367e-01    1.79434e+00    4.81953e-02    6.99676e+00    5.74779e+02
-Nd_c -ad_c    2.36166e-02    2.61971e-01   -2.02379e-01    1.69586e+00    2.80485e-01    1.46831e-06    3.61390e-03    8.54376e-01   -9.99999e-01    6.88367e-01    1.79434e+00    4.81953e-02    6.99676e+00    2.85211e+03
+Nd_c +bu_c    2.36166e-02    2.61971e-01   -1.88061e-01    1.69586e+00    3.20601e-01    1.34565e-01    3.61390e-03    8.54376e-01   -9.99999e-01    6.88367e-01    1.79434e+00    4.81953e-02    6.99676e+00    4.99376e+03
+Nd_c -bu_c    2.36166e-02    2.61971e-01   -1.88061e-01    1.69586e+00    3.20601e-01   -1.34563e-01    3.61390e-03    8.54376e-01   -9.99999e-01    6.88367e-01    1.79434e+00    4.81953e-02    6.99676e+00   -1.11110e+04
-Nd_c +bu_c    2.36166e-02    2.61971e-01   -2.02379e-01    1.69586e+00    3.20601e-01    1.34565e-01    3.61390e-03    8.54376e-01   -9.99999e-01    6.88367e-01    1.79434e+00    4.81953e-02    6.99676e+00    6.04709e+02
-Nd_c -bu_c    2.36166e-02    2.61971e-01   -2.02379e-01    1.69586e+00    3.20601e-01   -1.34563e-01    3.61390e-03    8.54376e-01   -9.99999e-01    6.88367e-01    1.79434e+00    4.81953e-02    6.99676e+00   -1.11110e+04
+Nd_c +bd_c    2.36166e-02    2.61971e-01   -1.88061e-01    1.69586e+00    3.20601e-01    1.46831e-06    2.02050e-01    8.54376e-01   -9.99999e-01    6.88367e-01    1.79434e+00    4.81953e-02    6.99676e+00    2.07253e+04
+Nd_c -bd_c    2.36166e-02    2.61971e-01   -1.88061e-01    1.69586e+00    3.20601e-01    1.46831e-06   -1.94823e-01    8.54376e-01   -9.99999e-01    6.88367e-01    1.79434e+00    4.81953e-02    6.99676e+00    1.66272e+05
-Nd_c +bd_c    2.36166e-02    2.61971e-01   -2.02379e-01    1.69586e+00    3.20601e-01    1.46831e-06    2.02050e-01    8.54376e-01   -9.99999e-01    6.88367e-01    1.79434e+00    4.81953e-02    6.99676e+00    9.11532e+03
-Nd_c -bd_c    2.36166e-02    2.61971e-01   -2.02379e-01    1.69586e+00    3.20601e-01    1.46831e-06   -1.94823e-01    8.54376e-01   -9.99999e-01    6.88367e-01    1.79434e+00    4.81953e-02    6.99676e+00    1.43298e+05
+Nd_c +Nu_T    2.36166e-02    2.61971e-01   -1.88061e-01    1.69586e+00    3.20601e-01    1.46831e-06    3.61390e-03    9.40928e-01   -9.99999e-01    6.88367e-01    1.79434e+00    4.81953e-02    6.99676e+00    2.77314e+03
+Nd_c -Nu_T    2.36166e-02    2.61971e-01   -1.88061e-01    1.69586e+00    3.20601e-01    1.46831e-06    3.61390e-03    7.67824e-01   -9.99999e-01    6.88367e-01    1.79434e+00    4.81953e-02    6.99676e+00    1.19013e+04
-Nd_c +Nu_T    2.36166e-02    2.61971e-01   -2.02379e-01    1.69586e+00    3.20601e-01    1.46831e-06    3.61390e-03    9.40928e-01   -9.99999e-01    6.88367e-01    1.79434e+00    4.81953e-02    6.99676e+00    1.29768e+04
-Nd_c -Nu_T    2.36166e-02    2.61971e-01   -2.02379e-01    1.69586e+00    3.20601e-01    1.46831e-06    3.61390e-03    7.67824e-01   -9.99999e-01    6.88367e-01    1.79434e+00    4.81953e-02    6.99676e+00    3.47432e+03
+Nd_c +Nd_T    2.36166e-02    2.61971e-01   -1.88061e-01    1.69586e+00    3.20601e-01    1.46831e-06    3.61390e-03    8.54376e-01   -8.74845e-01    6.88367e-01    1.79434e+00    4.81953e-02    6.99676e+00    5.56527e+03
+Nd_c -Nd_T    2.36166e-02    2.61971e-01   -1.88061e-01    1.69586e+00    3.20601e-01    1.46831e-06    3.61390e-03    8.54376e-01   -1.12515e+00    6.88367e-01    1.79434e+00    4.81953e-02    6.99676e+00    6.43709e+02
-Nd_c +Nd_T    2.36166e-02    2.61971e-01   -2.02379e-01    1.69586e+00    3.20601e-01    1.46831e-06    3.61390e-03    8.54376e-01   -8.74845e-01    6.88367e-01    1.79434e+00    4.81953e-02    6.99676e+00    6.91914e+02
-Nd_c -Nd_T    2.36166e-02    2.61971e-01   -2.02379e-01    1.69586e+00    3.20601e-01    1.46831e-06    3.61390e-03    8.54376e-01   -1.12515e+00    6.88367e-01    1.79434e+00    4.81953e-02    6.99676e+00    5.40505e+03
+Nd_c +au_T    2.36166e-02    2.61971e-01   -1.88061e-01    1.69586e+00    3.20601e-01    1.46831e-06    3.61390e-03    8.54376e-01   -9.99999e-01    6.91077e-01    1.79434e+00    4.81953e-02    6.99676e+00    1.58858e+03
+Nd_c -au_T    2.36166e-02    2.61971e-01   -1.88061e-01    1.69586e+00    3.20601e-01    1.46831e-06    3.61390e-03    8.54376e-01   -9.99999e-01    6.85657e-01    1.79434e+00    4.81953e-02    6.99676e+00    1.16341e+03
-Nd_c +au_T    2.36166e-02    2.61971e-01   -2.02379e-01    1.69586e+00    3.20601e-01    1.46831e-06    3.61390e-03    8.54376e-01   -9.99999e-01    6.91077e-01    1.79434e+00    4.81953e-02    6.99676e+00    1.10211e+03
-Nd_c -au_T    2.36166e-02    2.61971e-01   -2.02379e-01    1.69586e+00    3.20601e-01    1.46831e-06    3.61390e-03    8.54376e-01   -9.99999e-01    6.85657e-01    1.79434e+00    4.81953e-02    6.99676e+00    1.54391e+03
+Nd_c +ad_T    2.36166e-02    2.61971e-01   -1.88061e-01    1.69586e+00    3.20601e-01    1.46831e-06    3.61390e-03    8.54376e-01   -9.99999e-01    6.88367e-01    1.83401e+00    4.81953e-02    6.99676e+00    1.67576e+03
+Nd_c -ad_T    2.36166e-02    2.61971e-01   -1.88061e-01    1.69586e+00    3.20601e-01    1.46831e-06    3.61390e-03    8.54376e-01   -9.99999e-01    6.88367e-01    1.75467e+00    4.81953e-02    6.99676e+00    1.10746e+03
-Nd_c +ad_T    2.36166e-02    2.61971e-01   -2.02379e-01    1.69586e+00    3.20601e-01    1.46831e-06    3.61390e-03    8.54376e-01   -9.99999e-01    6.88367e-01    1.83401e+00    4.81953e-02    6.99676e+00    1.05752e+03
-Nd_c -ad_T    2.36166e-02    2.61971e-01   -2.02379e-01    1.69586e+00    3.20601e-01    1.46831e-06    3.61390e-03    8.54376e-01   -9.99999e-01    6.88367e-01    1.75467e+00    4.81953e-02    6.99676e+00    1.59564e+03
+Nd_c +bu_T    2.36166e-02    2.61971e-01   -1.88061e-01    1.69586e+00    3.20601e-01    1.46831e-06    3.61390e-03    8.54376e-01   -9.99999e-01    6.88367e-01    1.79434e+00    5.06263e-02    6.99676e+00    1.10901e+03
+Nd_c -bu_T    2.36166e-02    2.61971e-01   -1.88061e-01    1.69586e+00    3.20601e-01    1.46831e-06    3.61390e-03    8.54376e-01   -9.99999e-01    6.88367e-01    1.79434e+00    4.57643e-02    6.99676e+00    1.66584e+03
-Nd_c +bu_T    2.36166e-02    2.61971e-01   -2.02379e-01    1.69586e+00    3.20601e-01    1.46831e-06    3.61390e-03    8.54376e-01   -9.99999e-01    6.88367e-01    1.79434e+00    5.06263e-02    6.99676e+00    1.62042e+03
-Nd_c -bu_T    2.36166e-02    2.61971e-01   -2.02379e-01    1.69586e+00    3.20601e-01    1.46831e-06    3.61390e-03    8.54376e-01   -9.99999e-01    6.88367e-01    1.79434e+00    4.57643e-02    6.99676e+00    1.04232e+03
+Nd_c +bd_T    2.36166e-02    2.61971e-01   -1.88061e-01    1.69586e+00    3.20601e-01    1.46831e-06    3.61390e-03    8.54376e-01   -9.99999e-01    6.88367e-01    1.79434e+00    4.81953e-02    7.16227e+00    1.14646e+03
+Nd_c -bd_T    2.36166e-02    2.61971e-01   -1.88061e-01    1.69586e+00    3.20601e-01    1.46831e-06    3.61390e-03    8.54376e-01   -9.99999e-01    6.88367e-01    1.79434e+00    4.81953e-02    6.83125e+00    1.62636e+03
-Nd_c +bd_T    2.36166e-02    2.61971e-01   -2.02379e-01    1.69586e+00    3.20601e-01    1.46831e-06    3.61390e-03    8.54376e-01   -9.99999e-01    6.88367e-01    1.79434e+00    4.81953e-02    7.16227e+00    1.54479e+03
-Nd_c -bd_T    2.36166e-02    2.61971e-01   -2.02379e-01    1.69586e+00    3.20601e-01    1.46831e-06    3.61390e-03    8.54376e-01   -9.99999e-01    6.88367e-01    1.79434e+00    4.81953e-02    6.83125e+00    1.09166e+03
+au_c +au_c    2.36166e-02    2.61971e-01   -1.95220e-01    1.70345e+00    3.20601e-01    1.46831e-06    3.61390e-03    8.54376e-01   -9.99999e-01    6.88367e-01    1.79434e+00    4.81953e-02    6.99676e+00    4.95447e+02
+au_c -au_c    2.36166e-02    2.61971e-01   -1.95220e-01    1.70345e+00    3.20601e-01    1.46831e-06    3.61390e-03    8.54376e-01   -9.99999e-01    6.88367e-01    1.79434e+00    4.81953e-02    6.99676e+00    4.95447e+02
-au_c +au_c    2.36166e-02    2.61971e-01   -1.95220e-01    1.68827e+00    3.20601e-01    1.46831e-06    3.61390e-03    8.54376e-01   -9.99999e-01    6.88367e-01    1.79434e+00    4.81953e-02    6.99676e+00    4.92282e+02
-au_c -au_c    2.36166e-02    2.61971e-01   -1.95220e-01    1.68827e+00    3.20601e-01    1.46831e-06    3.61390e-03    8.54376e-01   -9.99999e-01    6.88367e-01    1.79434e+00    4.81953e-02    6.99676e+00    4.92282e+02
+au_c +ad_c    2.36166e-02    2.61971e-01   -1.95220e-01    1.70345e+00    3.60717e-01    1.46831e-06    3.61390e-03    8.54376e-01   -9.99999e-01    6.88367e-01    1.79434e+00    4.81953e-02    6.99676e+00    9.17496e+02
+au_c -ad_c    2.36166e-02    2.61971e-01   -1.95220e-01    1.70345e+00    2.80485e-01    1.46831e-06    3.61390e-03    8.54376e-01   -9.99999e-01    6.88367e-01    1.79434e+00    4.81953e-02    6.99676e+00    8.01572e+02
-au_c +ad_c    2.36166e-02    2.61971e-01   -1.95220e-01    1.68827e+00    3.60717e-01    1.46831e-06    3.61390e-03    8.54376e-01   -9.99999e-01    6.88367e-01    1.79434e+00    4.81953e-02    6.99676e+00    8.12309e+02
-au_c -ad_c    2.36166e-02    2.61971e-01   -1.95220e-01    1.68827e+00    2.80485e-01    1.46831e-06    3.61390e-03    8.54376e-01   -9.99999e-01    6.88367e-01    1.79434e+00    4.81953e-02    6.99676e+00    9.02917e+02
+au_c +bu_c    2.36166e-02    2.61971e-01   -1.95220e-01    1.70345e+00    3.20601e-01    1.34565e-01    3.61390e-03    8.54376e-01   -9.99999e-01    6.88367e-01    1.79434e+00    4.81953e-02    6.99676e+00    2.05018e+03
+au_c -bu_c    2.36166e-02    2.61971e-01   -1.95220e-01    1.70345e+00    3.20601e-01   -1.34563e-01    3.61390e-03    8.54376e-01   -9.99999e-01    6.88367e-01    1.79434e+00    4.81953e-02    6.99676e+00   -1.11110e+04
-au_c +bu_c    2.36166e-02    2.61971e-01   -1.95220e-01    1.68827e+00    3.20601e-01    1.34565e-01    3.61390e-03    8.54376e-01   -9.99999e-01    6.88367e-01    1.79434e+00    4.81953e-02    6.99676e+00    1.86384e+03
-au_c -bu_c    2.36166e-02    2.61971e-01   -1.95220e-01    1.68827e+00    3.20601e-01   -1.34563e-01    3.61390e-03    8.54376e-01   -9.99999e-01    6.88367e-01    1.79434e+00    4.81953e-02    6.99676e+00   -1.11110e+04
+au_c +bd_c    2.36166e-02    2.61971e-01   -1.95220e-01    1.70345e+00    3.20601e-01    1.46831e-06    2.02050e-01    8.54376e-01   -9.99999e-01    6.88367e-01    1.79434e+00    4.81953e-02    6.99676e+00    1.46307e+04
+au_c -bd_c    2.36166e-02    2.61971e-01   -1.95220e-01    1.70345e+00    3.20601e-01    1.46831e-06   -1.94823e-01    8.54376e-01   -9.99999e-01    6.88367e-01    1.79434e+00    4.81953e-02    6.99676e+00    1.55644e+05
-au_c +bd_c    2.36166e-02    2.61971e-01   -1.95220e-01    1.68827e+00    3.20601e-01    1.46831e-06    2.02050e-01    8.54376e-01   -9.99999e-01    6.88367e-01    1.79434e+00    4.81953e-02    6.99676e+00    1.39861e+04
-au_c -bd_c    2.36166e-02    2.61971e-01   -1.95220e-01    1.68827e+00    3.20601e-01    1.46831e-06   -1.94823e-01    8.54376e-01   -9.99999e-01    6.88367e-01    1.79434e+00    4.81953e-02    6.99676e+00    1.53493e+05
+au_c +Nu_T    2.36166e-02    2.61971e-01   -1.95220e-01    1.70345e+00    3.20601e-01    1.46831e-06    3.61390e-03    9.40928e-01   -9.99999e-01    6.88367e-01    1.79434e+00    4.81953e-02    6.99676e+00    6.63651e+03
+au_c -Nu_T    2.36166e-02    2.61971e-01   -1.95220e-01    1.70345e+00    3.20601e-01    1.46831e-06    3.61390e-03    7.67824e-01   -9.99999e-01    6.88367e-01    1.79434e+00    4.81953e-02    6.99676e+00    7.22889e+03
-au_c +Nu_T    2.36166e-02    2.61971e-01   -1.95220e-01    1.68827e+00    3.20601e-01    1.46831e-06    3.61390e-03    9.40928e-01   -9.99999e-01    6.88367e-01    1.79434e+00    4.81953e-02    6.99676e+00    7.07209e+03
-au_c -Nu_T    2.36166e-02    2.61971e-01   -1.95220e-01    1.68827e+00    3.20601e-01    1.46831e-06    3.61390e-03    7.67824e-01   -9.99999e-01    6.88367e-01    1.79434e+00    4.81953e-02    6.99676e+00    6.78699e+03
+au_c +Nd_T    2.36166e-02    2.61971e-01   -1.95220e-01    1.70345e+00    3.20601e-01    1.46831e-06    3.61390e-03    8.54376e-01   -8.74845e-01    6.88367e-01    1.79434e+00    4.81953e-02    6.99676e+00    2.38783e+03
+au_c -Nd_T    2.36166e-02    2.61971e-01   -1.95220e-01    1.70345e+00    3.20601e-01    1.46831e-06    3.61390e-03    8.54376e-01   -1.12515e+00    6.88367e-01    1.79434e+00    4.81953e-02    6.99676e+00    2.05651e+03
-au_c +Nd_T    2.36166e-02    2.61971e-01   -1.95220e-01    1.68827e+00    3.20601e-01    1.46831e-06    3.61390e-03    8.54376e-01   -8.74845e-01    6.88367e-01    1.79434e+00    4.81953e-02    6.99676e+00    2.13889e+03
-au_c -Nd_T    2.36166e-02    2.61971e-01   -1.95220e-01    1.68827e+00    3.20601e-01    1.46831e-06    3.61390e-03    8.54376e-01   -1.12515e+00    6.88367e-01    1.79434e+00    4.81953e-02    6.99676e+00    2.31053e+03
+au_c +au_T    2.36166e-02    2.61971e-01   -1.95220e-01    1.70345e+00    3.20601e-01    1.46831e-06    3.61390e-03    8.54376e-01   -9.99999e-01    6.91077e-01    1.79434e+00    4.81953e-02    6.99676e+00    5.23402e+02
+au_c -au_T    2.36166e-02    2.61971e-01   -1.95220e-01    1.70345e+00    3.20601e-01    1.46831e-06    3.61390e-03    8.54376e-01   -9.99999e-01    6.85657e-01    1.79434e+00    4.81953e-02    6.99676e+00    4.95363e+02
-au_c +au_T    2.36166e-02    2.61971e-01   -1.95220e-01    1.68827e+00    3.20601e-01    1.46831e-06    3.61390e-03    8.54376e-01   -9.99999e-01    6.91077e-01    1.79434e+00    4.81953e-02    6.99676e+00    4.99819e+02
-au_c -au_T    2.36166e-02    2.61971e-01   -1.95220e-01    1.68827e+00    3.20601e-01    1.46831e-06    3.61390e-03    8.54376e-01   -9.99999e-01    6.85657e-01    1.79434e+00    4.81953e-02    6.99676e+00    5.12737e+02
+au_c +ad_T    2.36166e-02    2.61971e-01   -1.95220e-01    1.70345e+00    3.20601e-01    1.46831e-06    3.61390e-03    8.54376e-01   -9.99999e-01    6.88367e-01    1.83401e+00    4.81953e-02    6.99676e+00    5.39756e+02
+au_c -ad_T    2.36166e-02    2.61971e-01   -1.95220e-01    1.70345e+00    3.20601e-01    1.46831e-06    3.61390e-03    8.54376e-01   -9.99999e-01    6.88367e-01    1.75467e+00    4.81953e-02    6.99676e+00    4.98454e+02
-au_c +ad_T    2.36166e-02    2.61971e-01   -1.95220e-01    1.68827e+00    3.20601e-01    1.46831e-06    3.61390e-03    8.54376e-01   -9.99999e-01    6.88367e-01    1.83401e+00    4.81953e-02    6.99676e+00    5.10106e+02
-au_c -ad_T    2.36166e-02    2.61971e-01   -1.95220e-01    1.68827e+00    3.20601e-01    1.46831e-06    3.61390e-03    8.54376e-01   -9.99999e-01    6.88367e-01    1.75467e+00    4.81953e-02    6.99676e+00    5.21540e+02
+au_c +bu_T    2.36166e-02    2.61971e-01   -1.95220e-01    1.70345e+00    3.20601e-01    1.46831e-06    3.61390e-03    8.54376e-01   -9.99999e-01    6.88367e-01    1.79434e+00    5.06263e-02    6.99676e+00    5.01015e+02
+au_c -bu_T    2.36166e-02    2.61971e-01   -1.95220e-01    1.70345e+00    3.20601e-01    1.46831e-06    3.61390e-03    8.54376e-01   -9.99999e-01    6.88367e-01    1.79434e+00    4.57643e-02    6.99676e+00    5.37892e+02
-au_c +bu_T    2.36166e-02    2.61971e-01   -1.95220e-01    1.68827e+00    3.20601e-01    1.46831e-06    3.61390e-03    8.54376e-01   -9.99999e-01    6.88367e-01    1.79434e+00    5.06263e-02    6.99676e+00    5.24432e+02
-au_c -bu_T    2.36166e-02    2.61971e-01   -1.95220e-01    1.68827e+00    3.20601e-01    1.46831e-06    3.61390e-03    8.54376e-01   -9.99999e-01    6.88367e-01    1.79434e+00    4.57643e-02    6.99676e+00    5.07814e+02
+au_c +bd_T    2.36166e-02    2.61971e-01   -1.95220e-01    1.70345e+00    3.20601e-01    1.46831e-06    3.61390e-03    8.54376e-01   -9.99999e-01    6.88367e-01    1.79434e+00    4.81953e-02    7.16227e+00    4.94676e+02
+au_c -bd_T    2.36166e-02    2.61971e-01   -1.95220e-01    1.70345e+00    3.20601e-01    1.46831e-06    3.61390e-03    8.54376e-01   -9.99999e-01    6.88367e-01    1.79434e+00    4.81953e-02    6.83125e+00    5.30180e+02
-au_c +bd_T    2.36166e-02    2.61971e-01   -1.95220e-01    1.68827e+00    3.20601e-01    1.46831e-06    3.61390e-03    8.54376e-01   -9.99999e-01    6.88367e-01    1.79434e+00    4.81953e-02    7.16227e+00    5.13411e+02
-au_c -bd_T    2.36166e-02    2.61971e-01   -1.95220e-01    1.68827e+00    3.20601e-01    1.46831e-06    3.61390e-03    8.54376e-01   -9.99999e-01    6.88367e-01    1.79434e+00    4.81953e-02    6.83125e+00    5.04429e+02
+ad_c +ad_c    2.36166e-02    2.61971e-01   -1.95220e-01    1.69586e+00    3.60717e-01    1.46831e-06    3.61390e-03    8.54376e-01   -9.99999e-01    6.88367e-01    1.79434e+00    4.81953e-02    6.99676e+00    8.63132e+02
+ad_c -ad_c    2.36166e-02    2.61971e-01   -1.95220e-01    1.69586e+00    3.60717e-01    1.46831e-06    3.61390e-03    8.54376e-01   -9.99999e-01    6.88367e-01    1.79434e+00    4.81953e-02    6.99676e+00    8.63132e+02
-ad_c +ad_c    2.36166e-02    2.61971e-01   -1.95220e-01    1.69586e+00    2.80485e-01    1.46831e-06    3.61390e-03    8.54376e-01   -9.99999e-01    6.88367e-01    1.79434e+00    4.81953e-02    6.99676e+00    8.50254e+02
-ad_c -ad_c    2.36166e-02    2.61971e-01   -1.95220e-01    1.69586e+00    2.80485e-01    1.46831e-06    3.61390e-03    8.54376e-01   -9.99999e-01    6.88367e-01    1.79434e+00    4.81953e-02    6.99676e+00    8.50254e+02
+ad_c +bu_c    2.36166e-02    2.61971e-01   -1.95220e-01    1.69586e+00    3.60717e-01    1.34565e-01    3.61390e-03    8.54376e-01   -9.99999e-01    6.88367e-01    1.79434e+00    4.81953e-02    6.99676e+00    3.71287e+03
+ad_c -bu_c    2.36166e-02    2.61971e-01   -1.95220e-01    1.69586e+00    3.60717e-01   -1.34563e-01    3.61390e-03    8.54376e-01   -9.99999e-01    6.88367e-01    1.79434e+00    4.81953e-02    6.99676e+00   -1.11110e+04
-ad_c +bu_c    2.36166e-02    2.61971e-01   -1.95220e-01    1.69586e+00    2.80485e-01    1.34565e-01    3.61390e-03    8.54376e-01   -9.99999e-01    6.88367e-01    1.79434e+00    4.81953e-02    6.99676e+00    8.94400e+02
-ad_c -bu_c    2.36166e-02    2.61971e-01   -1.95220e-01    1.69586e+00    2.80485e-01   -1.34563e-01    3.61390e-03    8.54376e-01   -9.99999e-01    6.88367e-01    1.79434e+00    4.81953e-02    6.99676e+00   -1.11110e+04
+ad_c +bd_c    2.36166e-02    2.61971e-01   -1.95220e-01    1.69586e+00    3.60717e-01    1.46831e-06    2.02050e-01    8.54376e-01   -9.99999e-01    6.88367e-01    1.79434e+00    4.81953e-02    6.99676e+00    1.83061e+04
+ad_c -bd_c    2.36166e-02    2.61971e-01   -1.95220e-01    1.69586e+00    3.60717e-01    1.46831e-06   -1.94823e-01    8.54376e-01   -9.99999e-01    6.88367e-01    1.79434e+00    4.81953e-02    6.99676e+00    1.62111e+05
-ad_c +bd_c    2.36166e-02    2.61971e-01   -1.95220e-01    1.69586e+00    2.80485e-01    1.46831e-06    2.02050e-01    8.54376e-01   -9.99999e-01    6.88367e-01    1.79434e+00    4.81953e-02    6.99676e+00    1.07513e+04
-ad_c -bd_c    2.36166e-02    2.61971e-01   -1.95220e-01    1.69586e+00    2.80485e-01    1.46831e-06   -1.94823e-01    8.54376e-01   -9.99999e-01    6.88367e-01    1.79434e+00    4.81953e-02    6.99676e+00    1.47037e+05
+ad_c +Nu_T    2.36166e-02    2.61971e-01   -1.95220e-01    1.69586e+00    3.60717e-01    1.46831e-06    3.61390e-03    9.40928e-01   -9.99999e-01    6.88367e-01    1.79434e+00    4.81953e-02    6.99676e+00    3.98106e+03
+ad_c -Nu_T    2.36166e-02    2.61971e-01   -1.95220e-01    1.69586e+00    3.60717e-01    1.46831e-06    3.61390e-03    7.67824e-01   -9.99999e-01    6.88367e-01    1.79434e+00    4.81953e-02    6.99676e+00    1.00162e+04
-ad_c +Nu_T    2.36166e-02    2.61971e-01   -1.95220e-01    1.69586e+00    2.80485e-01    1.46831e-06    3.61390e-03    9.40928e-01   -9.99999e-01    6.88367e-01    1.79434e+00    4.81953e-02    6.99676e+00    1.06893e+04
-ad_c -Nu_T    2.36166e-02    2.61971e-01   -1.95220e-01    1.69586e+00    2.80485e-01    1.46831e-06    3.61390e-03    7.67824e-01   -9.99999e-01    6.88367e-01    1.79434e+00    4.81953e-02    6.99676e+00    4.51914e+03
+ad_c +Nd_T    2.36166e-02    2.61971e-01   -1.95220e-01    1.69586e+00    3.60717e-01    1.46831e-06    3.61390e-03    8.54376e-01   -8.74845e-01    6.88367e-01    1.79434e+00    4.81953e-02    6.99676e+00    4.19948e+03
+ad_c -Nd_T    2.36166e-02    2.61971e-01   -1.95220e-01    1.69586e+00    3.60717e-01    1.46831e-06    3.61390e-03    8.54376e-01   -1.12515e+00    6.88367e-01    1.79434e+00    4.81953e-02    6.99676e+00    1.00872e+03
-ad_c +Nd_T    2.36166e-02    2.61971e-01   -1.95220e-01    1.69586e+00    2.80485e-01    1.46831e-06    3.61390e-03    8.54376e-01   -8.74845e-01    6.88367e-01    1.79434e+00    4.81953e-02    6.99676e+00    1.06262e+03
-ad_c -Nd_T    2.36166e-02    2.61971e-01   -1.95220e-01    1.69586e+00    2.80485e-01    1.46831e-06    3.61390e-03    8.54376e-01   -1.12515e+00    6.88367e-01    1.79434e+00    4.81953e-02    6.99676e+00    4.11988e+03
+ad_c +au_T    2.36166e-02    2.61971e-01   -1.95220e-01    1.69586e+00    3.60717e-01    1.46831e-06    3.61390e-03    8.54376e-01   -9.99999e-01    6.91077e-01    1.79434e+00    4.81953e-02    6.99676e+00    1.01659e+03
+ad_c -au_T    2.36166e-02    2.61971e-01   -1.95220e-01    1.69586e+00    3.60717e-01    1.46831e-06    3.61390e-03    8.54376e-01   -9.99999e-01    6.85657e-01    1.79434e+00    4.81953e-02    6.99676e+00    7.35694e+02
-ad_c +au_T    2.36166e-02    2.61971e-01   -1.95220e-01    1.69586e+00    2.80485e-01    1.46831e-06    3.61390e-03    8.54376e-01   -9.99999e-01    6.91077e-01    1.79434e+00    4.81953e-02    6.99676e+00    7.22295e+02
-ad_c -au_T    2.36166e-02    2.61971e-01   -1.95220e-01    1.69586e+00    2.80485e-01    1.46831e-06    3.61390e-03    8.54376e-01   -9.99999e-01    6.85657e-01    1.79434e+00    4.81953e-02    6.99676e+00    1.00813e+03
+ad_c +ad_T    2.36166e-02    2.61971e-01   -1.95220e-01    1.69586e+00    3.60717e-01    1.46831e-06    3.61390e-03    8.54376e-01   -9.99999e-01    6.88367e-01    1.83401e+00    4.81953e-02    6.99676e+00    1.07393e+03
+ad_c -ad_T    2.36166e-02    2.61971e-01   -1.95220e-01    1.69586e+00    3.60717e-01    1.46831e-06    3.61390e-03    8.54376e-01   -9.99999e-01    6.88367e-01    1.75467e+00    4.81953e-02    6.99676e+00    7.05274e+02
-ad_c +ad_T    2.36166e-02    2.61971e-01   -1.95220e-01    1.69586e+00    2.80485e-01    1.46831e-06    3.61390e-03    8.54376e-01   -9.99999e-01    6.88367e-01    1.83401e+00    4.81953e-02    6.99676e+00    6.97382e+02
-ad_c -ad_T    2.36166e-02    2.61971e-01   -1.95220e-01    1.69586e+00    2.80485e-01    1.46831e-06    3.61390e-03    8.54376e-01   -9.99999e-01    6.88367e-01    1.75467e+00    4.81953e-02    6.99676e+00    1.04441e+03
+ad_c +bu_T    2.36166e-02    2.61971e-01   -1.95220e-01    1.69586e+00    3.60717e-01    1.46831e-06    3.61390e-03    8.54376e-01   -9.99999e-01    6.88367e-01    1.79434e+00    5.06263e-02    6.99676e+00    7.02899e+02
+ad_c -bu_T    2.36166e-02    2.61971e-01   -1.95220e-01    1.69586e+00    3.60717e-01    1.46831e-06    3.61390e-03    8.54376e-01   -9.99999e-01    6.88367e-01    1.79434e+00    4.57643e-02    6.99676e+00    1.07121e+03
-ad_c +bu_T    2.36166e-02    2.61971e-01   -1.95220e-01    1.69586e+00    2.80485e-01    1.46831e-06    3.61390e-03    8.54376e-01   -9.99999e-01    6.88367e-01    1.79434e+00    5.06263e-02    6.99676e+00    1.06160e+03
-ad_c -bu_T    2.36166e-02    2.61971e-01   -1.95220e-01    1.69586e+00    2.80485e-01    1.46831e-06    3.61390e-03    8.54376e-01   -9.99999e-01    6.88367e-01    1.79434e+00    4.57643e-02    6.99676e+00    6.86706e+02
+ad_c +bd_T    2.36166e-02    2.61971e-01   -1.95220e-01    1.69586e+00    3.60717e-01    1.46831e-06    3.61390e-03    8.54376e-01   -9.99999e-01    6.88367e-01    1.79434e+00    4.81953e-02    7.16227e+00    7.28088e+02
+ad_c -bd_T    2.36166e-02    2.61971e-01   -1.95220e-01    1.69586e+00    3.60717e-01    1.46831e-06    3.61390e-03    8.54376e-01   -9.99999e-01    6.88367e-01    1.79434e+00    4.81953e-02    6.83125e+00    1.03957e+03
-ad_c +bd_T    2.36166e-02    2.61971e-01   -1.95220e-01    1.69586e+00    2.80485e-01    1.46831e-06    3.61390e-03    8.54376e-01   -9.99999e-01    6.88367e-01    1.79434e+00    4.81953e-02    7.16227e+00    1.00903e+03
-ad_c -bd_T    2.36166e-02    2.61971e-01   -1.95220e-01    1.69586e+00    2.80485e-01    1.46831e-06    3.61390e-03    8.54376e-01   -9.99999e-01    6.88367e-01    1.79434e+00    4.81953e-02    6.83125e+00    7.17122e+02
+bu_c +bu_c    2.36166e-02    2.61971e-01   -1.95220e-01    1.69586e+00    3.20601e-01    1.34565e-01    3.61390e-03    8.54376e-01   -9.99999e-01    6.88367e-01    1.79434e+00    4.81953e-02    6.99676e+00    1.95571e+03
+bu_c -bu_c    2.36166e-02    2.61971e-01   -1.95220e-01    1.69586e+00    3.20601e-01    1.34565e-01    3.61390e-03    8.54376e-01   -9.99999e-01    6.88367e-01    1.79434e+00    4.81953e-02    6.99676e+00    1.95571e+03
-bu_c +bu_c    2.36166e-02    2.61971e-01   -1.95220e-01    1.69586e+00    3.20601e-01   -1.34563e-01    3.61390e-03    8.54376e-01   -9.99999e-01    6.88367e-01    1.79434e+00    4.81953e-02    6.99676e+00   -1.11110e+04
-bu_c -bu_c    2.36166e-02    2.61971e-01   -1.95220e-01    1.69586e+00    3.20601e-01   -1.34563e-01    3.61390e-03    8.54376e-01   -9.99999e-01    6.88367e-01    1.79434e+00    4.81953e-02    6.99676e+00   -1.11110e+04
+bu_c +bd_c    2.36166e-02    2.61971e-01   -1.95220e-01    1.69586e+00    3.20601e-01    1.34565e-01    2.02050e-01    8.54376e-01   -9.99999e-01    6.88367e-01    1.79434e+00    4.81953e-02    6.99676e+00    2.45444e+04
+bu_c -bd_c    2.36166e-02    2.61971e-01   -1.95220e-01    1.69586e+00    3.20601e-01    1.34565e-01   -1.94823e-01    8.54376e-01   -9.99999e-01    6.88367e-01    1.79434e+00    4.81953e-02    6.99676e+00    1.85406e+05
-bu_c +bd_c    2.36166e-02    2.61971e-01   -1.95220e-01    1.69586e+00    3.20601e-01   -1.34563e-01    2.02050e-01    8.54376e-01   -9.99999e-01    6.88367e-01    1.79434e+00    4.81953e-02    6.99676e+00   -1.11110e+04
-bu_c -bd_c    2.36166e-02    2.61971e-01   -1.95220e-01    1.69586e+00    3.20601e-01   -1.34563e-01   -1.94823e-01    8.54376e-01   -9.99999e-01    6.88367e-01    1.79434e+00    4.81953e-02    6.99676e+00   -1.11110e+04
+bu_c +Nu_T    2.36166e-02    2.61971e-01   -1.95220e-01    1.69586e+00    3.20601e-01    1.34565e-01    3.61390e-03    9.40928e-01   -9.99999e-01    6.88367e-01    1.79434e+00    4.81953e-02    6.99676e+00    2.33054e+03
+bu_c -Nu_T    2.36166e-02    2.61971e-01   -1.95220e-01    1.69586e+00    3.20601e-01    1.34565e-01    3.61390e-03    7.67824e-01   -9.99999e-01    6.88367e-01    1.79434e+00    4.81953e-02    6.99676e+00    1.44552e+04
-bu_c +Nu_T    2.36166e-02    2.61971e-01   -1.95220e-01    1.69586e+00    3.20601e-01   -1.34563e-01    3.61390e-03    9.40928e-01   -9.99999e-01    6.88367e-01    1.79434e+00    4.81953e-02    6.99676e+00   -1.11110e+04
-bu_c -Nu_T    2.36166e-02    2.61971e-01   -1.95220e-01    1.69586e+00    3.20601e-01   -1.34563e-01    3.61390e-03    7.67824e-01   -9.99999e-01    6.88367e-01    1.79434e+00    4.81953e-02    6.99676e+00   -1.11110e+04
+bu_c +Nd_T    2.36166e-02    2.61971e-01   -1.95220e-01    1.69586e+00    3.20601e-01    1.34565e-01    3.61390e-03    8.54376e-01   -8.74845e-01    6.88367e-01    1.79434e+00    4.81953e-02    6.99676e+00    6.15572e+03
+bu_c -Nd_T    2.36166e-02    2.61971e-01   -1.95220e-01    1.69586e+00    3.20601e-01    1.34565e-01    3.61390e-03    8.54376e-01   -1.12515e+00    6.88367e-01    1.79434e+00    4.81953e-02    6.99676e+00    4.96753e+02
-bu_c +Nd_T    2.36166e-02    2.61971e-01   -1.95220e-01    1.69586e+00    3.20601e-01   -1.34563e-01    3.61390e-03    8.54376e-01   -8.74845e-01    6.88367e-01    1.79434e+00    4.81953e-02    6.99676e+00   -1.11110e+04
-bu_c -Nd_T    2.36166e-02    2.61971e-01   -1.95220e-01    1.69586e+00    3.20601e-01   -1.34563e-01    3.61390e-03    8.54376e-01   -1.12515e+00    6.88367e-01    1.79434e+00    4.81953e-02    6.99676e+00   -1.11110e+04
+bu_c +au_T    2.36166e-02    2.61971e-01   -1.95220e-01    1.69586e+00    3.20601e-01    1.34565e-01    3.61390e-03    8.54376e-01   -9.99999e-01    6.91077e-01    1.79434e+00    4.81953e-02    6.99676e+00    2.25243e+03
+bu_c -au_T    2.36166e-02    2.61971e-01   -1.95220e-01    1.69586e+00    3.20601e-01    1.34565e-01    3.61390e-03    8.54376e-01   -9.99999e-01    6.85657e-01    1.79434e+00    4.81953e-02    6.99676e+00    1.68560e+03
-bu_c +au_T    2.36166e-02    2.61971e-01   -1.95220e-01    1.69586e+00    3.20601e-01   -1.34563e-01    3.61390e-03    8.54376e-01   -9.99999e-01    6.91077e-01    1.79434e+00    4.81953e-02    6.99676e+00   -1.11110e+04
-bu_c -au_T    2.36166e-02    2.61971e-01   -1.95220e-01    1.69586e+00    3.20601e-01   -1.34563e-01    3.61390e-03    8.54376e-01   -9.99999e-01    6.85657e-01    1.79434e+00    4.81953e-02    6.99676e+00   -1.11110e+04
+bu_c +ad_T    2.36166e-02    2.61971e-01   -1.95220e-01    1.69586e+00    3.20601e-01    1.34565e-01    3.61390e-03    8.54376e-01   -9.99999e-01    6.88367e-01    1.83401e+00    4.81953e-02    6.99676e+00    2.30108e+03
+bu_c -ad_T    2.36166e-02    2.61971e-01   -1.95220e-01    1.69586e+00    3.20601e-01    1.34565e-01    3.61390e-03    8.54376e-01   -9.99999e-01    6.88367e-01    1.75467e+00    4.81953e-02    6.99676e+00    1.65662e+03
-bu_c +ad_T    2.36166e-02    2.61971e-01   -1.95220e-01    1.69586e+00    3.20601e-01   -1.34563e-01    3.61390e-03    8.54376e-01   -9.99999e-01    6.88367e-01    1.83401e+00    4.81953e-02    6.99676e+00   -1.11110e+04
-bu_c -ad_T    2.36166e-02    2.61971e-01   -1.95220e-01    1.69586e+00    3.20601e-01   -1.34563e-01    3.61390e-03    8.54376e-01   -9.99999e-01    6.88367e-01    1.75467e+00    4.81953e-02    6.99676e+00   -1.11110e+04
+bu_c +bu_T    2.36166e-02    2.61971e-01   -1.95220e-01    1.69586e+00    3.20601e-01    1.34565e-01    3.61390e-03    8.54376e-01   -9.99999e-01    6.88367e-01    1.79434e+00    5.06263e-02    6.99676e+00    1.61191e+03
+bu_c -bu_T    2.36166e-02    2.61971e-01   -1.95220e-01    1.69586e+00    3.20601e-01    1.34565e-01    3.61390e-03    8.54376e-01   -9.99999e-01    6.88367e-01    1.79434e+00    4.57643e-02    6.99676e+00    2.35187e+03
-bu_c +bu_T    2.36166e-02    2.61971e-01   -1.95220e-01    1.69586e+00    3.20601e-01   -1.34563e-01    3.61390e-03    8.54376e-01   -9.99999e-01    6.88367e-01    1.79434e+00    5.06263e-02    6.99676e+00   -1.11110e+04
-bu_c -bu_T    2.36166e-02    2.61971e-01   -1.95220e-01    1.69586e+00    3.20601e-01   -1.34563e-01    3.61390e-03    8.54376e-01   -9.99999e-01    6.88367e-01    1.79434e+00    4.57643e-02    6.99676e+00   -1.11110e+04
+bu_c +bd_T    2.36166e-02    2.61971e-01   -1.95220e-01    1.69586e+00    3.20601e-01    1.34565e-01    3.61390e-03    8.54376e-01   -9.99999e-01    6.88367e-01    1.79434e+00    4.81953e-02    7.16227e+00    1.70298e+03
+bu_c -bd_T    2.36166e-02    2.61971e-01   -1.95220e-01    1.69586e+00    3.20601e-01    1.34565e-01    3.61390e-03    8.54376e-01   -9.99999e-01    6.88367e-01    1.79434e+00    4.81953e-02    6.83125e+00    2.24814e+03
-bu_c +bd_T    2.36166e-02    2.61971e-01   -1.95220e-01    1.69586e+00    3.20601e-01   -1.34563e-01    3.61390e-03    8.54376e-01   -9.99999e-01    6.88367e-01    1.79434e+00    4.81953e-02    7.16227e+00   -1.11110e+04
-bu_c -bd_T    2.36166e-02    2.61971e-01   -1.95220e-01    1.69586e+00    3.20601e-01   -1.34563e-01    3.61390e-03    8.54376e-01   -9.99999e-01    6.88367e-01    1.79434e+00    4.81953e-02    6.83125e+00   -1.11110e+04
+bd_c +bd_c    2.36166e-02    2.61971e-01   -1.95220e-01    1.69586e+00    3.20601e-01    1.46831e-06    2.02050e-01    8.54376e-01   -9.99999e-01    6.88367e-01    1.79434e+00    4.81953e-02    6.99676e+00    1.43072e+04
+bd_c -bd_c    2.36166e-02    2.61971e-01   -1.95220e-01    1.69586e+00    3.20601e-01    1.46831e-06    2.02050e-01    8.54376e-01   -9.99999e-01    6.88367e-01    1.79434e+00    4.81953e-02    6.99676e+00    1.43072e+04
-bd_c +bd_c    2.36166e-02    2.61971e-01   -1.95220e-01    1.69586e+00    3.20601e-01    1.46831e-06   -1.94823e-01    8.54376e-01   -9.99999e-01    6.88367e-01    1.79434e+00    4.81953e-02    6.99676e+00    1.54569e+05
-bd_c -bd_c    2.36166e-02    2.61971e-01   -1.95220e-01    1.69586e+00    3.20601e-01    1.46831e-06   -1.94823e-01    8.54376e-01   -9.99999e-01    6.88367e-01    1.79434e+00    4.81953e-02    6.99676e+00    1.54569e+05
+bd_c +Nu_T    2.36166e-02    2.61971e-01   -1.95220e-01    1.69586e+00    3.20601e-01    1.46831e-06    2.02050e-01    9.40928e-01   -9.99999e-01    6.88367e-01    1.79434e+00    4.81953e-02    6.99676e+00    2.94983e+03
+bd_c -Nu_T    2.36166e-02    2.61971e-01   -1.95220e-01    1.69586e+00    3.20601e-01    1.46831e-06    2.02050e-01    7.67824e-01   -9.99999e-01    6.88367e-01    1.79434e+00    4.81953e-02    6.99676e+00    3.50221e+04
-bd_c +Nu_T    2.36166e-02    2.61971e-01   -1.95220e-01    1.69586e+00    3.20601e-01    1.46831e-06   -1.94823e-01    9.40928e-01   -9.99999e-01    6.88367e-01    1.79434e+00    4.81953e-02    6.99676e+00    1.46079e+05
-bd_c -Nu_T    2.36166e-02    2.61971e-01   -1.95220e-01    1.69586e+00    3.20601e-01    1.46831e-06   -1.94823e-01    7.67824e-01   -9.99999e-01    6.88367e-01    1.79434e+00    4.81953e-02    6.99676e+00    1.66300e+05
+bd_c +Nd_T    2.36166e-02    2.61971e-01   -1.95220e-01    1.69586e+00    3.20601e-01    1.46831e-06    2.02050e-01    8.54376e-01   -8.74845e-01    6.88367e-01    1.79434e+00    4.81953e-02    6.99676e+00    2.58454e+04
+bd_c -Nd_T    2.36166e-02    2.61971e-01   -1.95220e-01    1.69586e+00    3.20601e-01    1.46831e-06    2.02050e-01    8.54376e-01   -1.12515e+00    6.88367e-01    1.79434e+00    4.81953e-02    6.99676e+00    6.25146e+03
-bd_c +Nd_T    2.36166e-02    2.61971e-01   -1.95220e-01    1.69586e+00    3.20601e-01    1.46831e-06   -1.94823e-01    8.54376e-01   -8.74845e-01    6.88367e-01    1.79434e+00    4.81953e-02    6.99676e+00    1.88993e+05
-bd_c -Nd_T    2.36166e-02    2.61971e-01   -1.95220e-01    1.69586e+00    3.20601e-01    1.46831e-06   -1.94823e-01    8.54376e-01   -1.12515e+00    6.88367e-01    1.79434e+00    4.81953e-02    6.99676e+00    1.23626e+05
+bd_c +au_T    2.36166e-02    2.61971e-01   -1.95220e-01    1.69586e+00    3.20601e-01    1.46831e-06    2.02050e-01    8.54376e-01   -9.99999e-01    6.91077e-01    1.79434e+00    4.81953e-02    6.99676e+00    1.50592e+04
+bd_c -au_T    2.36166e-02    2.61971e-01   -1.95220e-01    1.69586e+00    3.20601e-01    1.46831e-06    2.02050e-01    8.54376e-01   -9.99999e-01    6.85657e-01    1.79434e+00    4.81953e-02    6.99676e+00    1.35719e+04
-bd_c +au_T    2.36166e-02    2.61971e-01   -1.95220e-01    1.69586e+00    3.20601e-01    1.46831e-06   -1.94823e-01    8.54376e-01   -9.99999e-01    6.91077e-01    1.79434e+00    4.81953e-02    6.99676e+00    1.56016e+05
-bd_c -au_T    2.36166e-02    2.61971e-01   -1.95220e-01    1.69586e+00    3.20601e-01    1.46831e-06   -1.94823e-01    8.54376e-01   -9.99999e-01    6.85657e-01    1.79434e+00    4.81953e-02    6.99676e+00    1.53122e+05
+bd_c +ad_T    2.36166e-02    2.61971e-01   -1.95220e-01    1.69586e+00    3.20601e-01    1.46831e-06    2.02050e-01    8.54376e-01   -9.99999e-01    6.88367e-01    1.83401e+00    4.81953e-02    6.99676e+00    1.54776e+04
+bd_c -ad_T    2.36166e-02    2.61971e-01   -1.95220e-01    1.69586e+00    3.20601e-01    1.46831e-06    2.02050e-01    8.54376e-01   -9.99999e-01    6.88367e-01    1.75467e+00    4.81953e-02    6.99676e+00    1.32204e+04
-bd_c +ad_T    2.36166e-02    2.61971e-01   -1.95220e-01    1.69586e+00    3.20601e-01    1.46831e-06   -1.94823e-01    8.54376e-01   -9.99999e-01    6.88367e-01    1.83401e+00    4.81953e-02    6.99676e+00    1.58413e+05
-bd_c -ad_T    2.36166e-02    2.61971e-01   -1.95220e-01    1.69586e+00    3.20601e-01    1.46831e-06   -1.94823e-01    8.54376e-01   -9.99999e-01    6.88367e-01    1.75467e+00    4.81953e-02    6.99676e+00    1.50893e+05
+bd_c +bu_T    2.36166e-02    2.61971e-01   -1.95220e-01    1.69586e+00    3.20601e-01    1.46831e-06    2.02050e-01    8.54376e-01   -9.99999e-01    6.88367e-01    1.79434e+00    5.06263e-02    6.99676e+00    1.33538e+04
+bd_c -bu_T    2.36166e-02    2.61971e-01   -1.95220e-01    1.69586e+00    3.20601e-01    1.46831e-06    2.02050e-01    8.54376e-01   -9.99999e-01    6.88367e-01    1.79434e+00    4.57643e-02    6.99676e+00    1.53074e+04
-bd_c +bu_T    2.36166e-02    2.61971e-01   -1.95220e-01    1.69586e+00    3.20601e-01    1.46831e-06   -1.94823e-01    8.54376e-01   -9.99999e-01    6.88367e-01    1.79434e+00    5.06263e-02    6.99676e+00    1.52659e+05
-bd_c -bu_T    2.36166e-02    2.61971e-01   -1.95220e-01    1.69586e+00    3.20601e-01    1.46831e-06   -1.94823e-01    8.54376e-01   -9.99999e-01    6.88367e-01    1.79434e+00    4.57643e-02    6.99676e+00    1.56515e+05
+bd_c +bd_T    2.36166e-02    2.61971e-01   -1.95220e-01    1.69586e+00    3.20601e-01    1.46831e-06    2.02050e-01    8.54376e-01   -9.99999e-01    6.88367e-01    1.79434e+00    4.81953e-02    7.16227e+00    1.33964e+04
+bd_c -bd_T    2.36166e-02    2.61971e-01   -1.95220e-01    1.69586e+00    3.20601e-01    1.46831e-06    2.02050e-01    8.54376e-01   -9.99999e-01    6.88367e-01    1.79434e+00    4.81953e-02    6.83125e+00    1.53007e+04
-bd_c +bd_T    2.36166e-02    2.61971e-01   -1.95220e-01    1.69586e+00    3.20601e-01    1.46831e-06   -1.94823e-01    8.54376e-01   -9.99999e-01    6.88367e-01    1.79434e+00    4.81953e-02    7.16227e+00    1.51496e+05
-bd_c -bd_T    2.36166e-02    2.61971e-01   -1.95220e-01    1.69586e+00    3.20601e-01    1.46831e-06   -1.94823e-01    8.54376e-01   -9.99999e-01    6.88367e-01    1.79434e+00    4.81953e-02    6.83125e+00    1.57839e+05
+Nu_T +Nu_T    2.36166e-02    2.61971e-01   -1.95220e-01    1.69586e+00    3.20601e-01    1.46831e-06    3.61390e-03    9.40928e-01   -9.99999e-01    6.88367e-01    1.79434e+00    4.81953e-02    6.99676e+00    6.85196e+03
+Nu_T -Nu_T    2.36166e-02    2.61971e-01   -1.95220e-01    1.69586e+00    3.20601e-01    1.46831e-06    3.61390e-03    9.40928e-01   -9.99999e-01    6.88367e-01    1.79434e+00    4.81953e-02    6.99676e+00    6.85196e+03
-Nu_T +Nu_T    2.36166e-02    2.61971e-01   -1.95220e-01    1.69586e+00    3.20601e-01    1.46831e-06    3.61390e-03    7.67824e-01   -9.99999e-01    6.88367e-01    1.79434e+00    4.81953e-02    6.99676e+00    7.00653e+03
-Nu_T -Nu_T    2.36166e-02    2.61971e-01   -1.95220e-01    1.69586e+00    3.20601e-01    1.46831e-06    3.61390e-03    7.67824e-01   -9.99999e-01    6.88367e-01    1.79434e+00    4.81953e-02    6.99676e+00    7.00653e+03
+Nu_T +Nd_T    2.36166e-02    2.61971e-01   -1.95220e-01    1.69586e+00    3.20601e-01    1.46831e-06    3.61390e-03    9.40928e-01   -8.74845e-01    6.88367e-01    1.79434e+00    4.81953e-02    6.99676e+00    1.99093e+03
+Nu_T -Nd_T    2.36166e-02    2.61971e-01   -1.95220e-01    1.69586e+00    3.20601e-01    1.46831e-06    3.61390e-03    9.40928e-01   -1.12515e+00    6.88367e-01    1.79434e+00    4.81953e-02    6.99676e+00    1.51945e+04
-Nu_T +Nd_T    2.36166e-02    2.61971e-01   -1.95220e-01    1.69586e+00    3.20601e-01    1.46831e-06    3.61390e-03    7.67824e-01   -8.74845e-01    6.88367e-01    1.79434e+00    4.81953e-02    6.99676e+00    1.54538e+04
-Nu_T -Nd_T    2.36166e-02    2.61971e-01   -1.95220e-01    1.69586e+00    3.20601e-01    1.46831e-06    3.61390e-03    7.67824e-01   -1.12515e+00    6.88367e-01    1.79434e+00    4.81953e-02    6.99676e+00    2.04149e+03
+Nu_T +au_T    2.36166e-02    2.61971e-01   -1.95220e-01    1.69586e+00    3.20601e-01    1.46831e-06    3.61390e-03    9.40928e-01   -9.99999e-01    6.91077e-01    1.79434e+00    4.81953e-02    6.99676e+00    6.21475e+03
+Nu_T -au_T    2.36166e-02    2.61971e-01   -1.95220e-01    1.69586e+00    3.20601e-01    1.46831e-06    3.61390e-03    9.40928e-01   -9.99999e-01    6.85657e-01    1.79434e+00    4.81953e-02    6.99676e+00    7.52609e+03
-Nu_T +au_T    2.36166e-02    2.61971e-01   -1.95220e-01    1.69586e+00    3.20601e-01    1.46831e-06    3.61390e-03    7.67824e-01   -9.99999e-01    6.91077e-01    1.79434e+00    4.81953e-02    6.99676e+00    7.55842e+03
-Nu_T -au_T    2.36166e-02    2.61971e-01   -1.95220e-01    1.69586e+00    3.20601e-01    1.46831e-06    3.61390e-03    7.67824e-01   -9.99999e-01    6.85657e-01    1.79434e+00    4.81953e-02    6.99676e+00    6.47470e+03
+Nu_T +ad_T    2.36166e-02    2.61971e-01   -1.95220e-01    1.69586e+00    3.20601e-01    1.46831e-06    3.61390e-03    9.40928e-01   -9.99999e-01    6.88367e-01    1.83401e+00    4.81953e-02    6.99676e+00    6.10654e+03
+Nu_T -ad_T    2.36166e-02    2.61971e-01   -1.95220e-01    1.69586e+00    3.20601e-01    1.46831e-06    3.61390e-03    9.40928e-01   -9.99999e-01    6.88367e-01    1.75467e+00    4.81953e-02    6.99676e+00    7.61945e+03
-Nu_T +ad_T    2.36166e-02    2.61971e-01   -1.95220e-01    1.69586e+00    3.20601e-01    1.46831e-06    3.61390e-03    7.67824e-01   -9.99999e-01    6.88367e-01    1.83401e+00    4.81953e-02    6.99676e+00    7.81416e+03
-Nu_T -ad_T    2.36166e-02    2.61971e-01   -1.95220e-01    1.69586e+00    3.20601e-01    1.46831e-06    3.61390e-03    7.67824e-01   -9.99999e-01    6.88367e-01    1.75467e+00    4.81953e-02    6.99676e+00    6.27085e+03
+Nu_T +bu_T    2.36166e-02    2.61971e-01   -1.95220e-01    1.69586e+00    3.20601e-01    1.46831e-06    3.61390e-03    9.40928e-01   -9.99999e-01    6.88367e-01    1.79434e+00    5.06263e-02    6.99676e+00    7.73380e+03
+Nu_T -bu_T    2.36166e-02    2.61971e-01   -1.95220e-01    1.69586e+00    3.20601e-01    1.46831e-06    3.61390e-03    9.40928e-01   -9.99999e-01    6.88367e-01    1.79434e+00    4.57643e-02    6.99676e+00    6.01743e+03
-Nu_T +bu_T    2.36166e-02    2.61971e-01   -1.95220e-01    1.69586e+00    3.20601e-01    1.46831e-06    3.61390e-03    7.67824e-01   -9.99999e-01    6.88367e-01    1.79434e+00    5.06263e-02    6.99676e+00    6.32075e+03
-Nu_T -bu_T    2.36166e-02    2.61971e-01   -1.95220e-01    1.69586e+00    3.20601e-01    1.46831e-06    3.61390e-03    7.67824e-01   -9.99999e-01    6.88367e-01    1.79434e+00    4.57643e-02    6.99676e+00    7.73964e+03
+Nu_T +bd_T    2.36166e-02    2.61971e-01   -1.95220e-01    1.69586e+00    3.20601e-01    1.46831e-06    3.61390e-03    9.40928e-01   -9.99999e-01    6.88367e-01    1.79434e+00    4.81953e-02    7.16227e+00    7.48970e+03
+Nu_T -bd_T    2.36166e-02    2.61971e-01   -1.95220e-01    1.69586e+00    3.20601e-01    1.46831e-06    3.61390e-03    9.40928e-01   -9.99999e-01    6.88367e-01    1.79434e+00    4.81953e-02    6.83125e+00    6.21430e+03
-Nu_T +bd_T    2.36166e-02    2.61971e-01   -1.95220e-01    1.69586e+00    3.20601e-01    1.46831e-06    3.61390e-03    7.67824e-01   -9.99999e-01    6.88367e-01    1.79434e+00    4.81953e-02    7.16227e+00    6.38905e+03
-Nu_T -bd_T    2.36166e-02    2.61971e-01   -1.95220e-01    1.69586e+00    3.20601e-01    1.46831e-06    3.61390e-03    7.67824e-01   -9.99999e-01    6.88367e-01    1.79434e+00    4.81953e-02    6.83125e+00    7.69114e+03
+Nd_T +Nd_T    2.36166e-02    2.61971e-01   -1.95220e-01    1.69586e+00    3.20601e-01    1.46831e-06    3.61390e-03    8.54376e-01   -8.74845e-01    6.88367e-01    1.79434e+00    4.81953e-02    6.99676e+00    2.28508e+03
+Nd_T -Nd_T    2.36166e-02    2.61971e-01   -1.95220e-01    1.69586e+00    3.20601e-01    1.46831e-06    3.61390e-03    8.54376e-01   -8.74845e-01    6.88367e-01    1.79434e+00    4.81953e-02    6.99676e+00    2.28508e+03
-Nd_T +Nd_T    2.36166e-02    2.61971e-01   -1.95220e-01    1.69586e+00    3.20601e-01    1.46831e-06    3.61390e-03    8.54376e-01   -1.12515e+00    6.88367e-01    1.79434e+00    4.81953e-02    6.99676e+00    2.18087e+03
-Nd_T -Nd_T    2.36166e-02    2.61971e-01   -1.95220e-01    1.69586e+00    3.20601e-01    1.46831e-06    3.61390e-03    8.54376e-01   -1.12515e+00    6.88367e-01    1.79434e+00    4.81953e-02    6.99676e+00    2.18087e+03
+Nd_T +au_T    2.36166e-02    2.61971e-01   -1.95220e-01    1.69586e+00    3.20601e-01    1.46831e-06    3.61390e-03    8.54376e-01   -8.74845e-01    6.91077e-01    1.79434e+00    4.81953e-02    6.99676e+00    2.61295e+03
+Nd_T -au_T    2.36166e-02    2.61971e-01   -1.95220e-01    1.69586e+00    3.20601e-01    1.46831e-06    3.61390e-03    8.54376e-01   -8.74845e-01    6.85657e-01    1.79434e+00    4.81953e-02    6.99676e+00    1.98369e+03
-Nd_T +au_T    2.36166e-02    2.61971e-01   -1.95220e-01    1.69586e+00    3.20601e-01    1.46831e-06    3.61390e-03    8.54376e-01   -1.12515e+00    6.91077e-01    1.79434e+00    4.81953e-02    6.99676e+00    1.88851e+03
-Nd_T -au_T    2.36166e-02    2.61971e-01   -1.95220e-01    1.69586e+00    3.20601e-01    1.46831e-06    3.61390e-03    8.54376e-01   -1.12515e+00    6.85657e-01    1.79434e+00    4.81953e-02    6.99676e+00    2.50260e+03
+Nd_T +ad_T    2.36166e-02    2.61971e-01   -1.95220e-01    1.69586e+00    3.20601e-01    1.46831e-06    3.61390e-03    8.54376e-01   -8.74845e-01    6.88367e-01    1.83401e+00    4.81953e-02    6.99676e+00    2.66742e+03
+Nd_T -ad_T    2.36166e-02    2.61971e-01   -1.95220e-01    1.69586e+00    3.20601e-01    1.46831e-06    3.61390e-03    8.54376e-01   -8.74845e-01    6.88367e-01    1.75467e+00    4.81953e-02    6.99676e+00    1.95020e+03
-Nd_T +ad_T    2.36166e-02    2.61971e-01   -1.95220e-01    1.69586e+00    3.20601e-01    1.46831e-06    3.61390e-03    8.54376e-01   -1.12515e+00    6.88367e-01    1.83401e+00    4.81953e-02    6.99676e+00    1.75922e+03
-Nd_T -ad_T    2.36166e-02    2.61971e-01   -1.95220e-01    1.69586e+00    3.20601e-01    1.46831e-06    3.61390e-03    8.54376e-01   -1.12515e+00    6.88367e-01    1.75467e+00    4.81953e-02    6.99676e+00    2.64765e+03
+Nd_T +bu_T    2.36166e-02    2.61971e-01   -1.95220e-01    1.69586e+00    3.20601e-01    1.46831e-06    3.61390e-03    8.54376e-01   -8.74845e-01    6.88367e-01    1.79434e+00    5.06263e-02    6.99676e+00    1.90076e+03
+Nd_T -bu_T    2.36166e-02    2.61971e-01   -1.95220e-01    1.69586e+00    3.20601e-01    1.46831e-06    3.61390e-03    8.54376e-01   -8.74845e-01    6.88367e-01    1.79434e+00    4.57643e-02    6.99676e+00    2.72227e+03
-Nd_T +bu_T    2.36166e-02    2.61971e-01   -1.95220e-01    1.69586e+00    3.20601e-01    1.46831e-06    3.61390e-03    8.54376e-01   -1.12515e+00    6.88367e-01    1.79434e+00    5.06263e-02    6.99676e+00    2.60286e+03
-Nd_T -bu_T    2.36166e-02    2.61971e-01   -1.95220e-01    1.69586e+00    3.20601e-01    1.46831e-06    3.61390e-03    8.54376e-01   -1.12515e+00    6.88367e-01    1.79434e+00    4.57643e-02    6.99676e+00    1.80170e+03
+Nd_T +bd_T    2.36166e-02    2.61971e-01   -1.95220e-01    1.69586e+00    3.20601e-01    1.46831e-06    3.61390e-03    8.54376e-01   -8.74845e-01    6.88367e-01    1.79434e+00    4.81953e-02    7.16227e+00    2.00292e+03
+Nd_T -bd_T    2.36166e-02    2.61971e-01   -1.95220e-01    1.69586e+00    3.20601e-01    1.46831e-06    3.61390e-03    8.54376e-01   -8.74845e-01    6.88367e-01    1.79434e+00    4.81953e-02    6.83125e+00    2.60832e+03
-Nd_T +bd_T    2.36166e-02    2.61971e-01   -1.95220e-01    1.69586e+00    3.20601e-01    1.46831e-06    3.61390e-03    8.54376e-01   -1.12515e+00    6.88367e-01    1.79434e+00    4.81953e-02    7.16227e+00    2.56650e+03
-Nd_T -bd_T    2.36166e-02    2.61971e-01   -1.95220e-01    1.69586e+00    3.20601e-01    1.46831e-06    3.61390e-03    8.54376e-01   -1.12515e+00    6.88367e-01    1.79434e+00    4.81953e-02    6.83125e+00    1.81803e+03
+au_T +au_T    2.36166e-02    2.61971e-01   -1.95220e-01    1.69586e+00    3.20601e-01    1.46831e-06    3.61390e-03    8.54376e-01   -9.99999e-01    6.91077e-01    1.79434e+00    4.81953e-02    6.99676e+00    5.09738e+02
+au_T -au_T    2.36166e-02    2.61971e-01   -1.95220e-01    1.69586e+00    3.20601e-01    1.46831e-06    3.61390e-03    8.54376e-01   -9.99999e-01    6.91077e-01    1.79434e+00    4.81953e-02    6.99676e+00    5.09738e+02
-au_T +au_T    2.36166e-02    2.61971e-01   -1.95220e-01    1.69586e+00    3.20601e-01    1.46831e-06    3.61390e-03    8.54376e-01   -9.99999e-01    6.85657e-01    1.79434e+00    4.81953e-02    6.99676e+00    5.02147e+02
-au_T -au_T    2.36166e-02    2.61971e-01   -1.95220e-01    1.69586e+00    3.20601e-01    1.46831e-06    3.61390e-03    8.54376e-01   -9.99999e-01    6.85657e-01    1.79434e+00    4.81953e-02    6.99676e+00    5.02147e+02
+au_T +ad_T    2.36166e-02    2.61971e-01   -1.95220e-01    1.69586e+00    3.20601e-01    1.46831e-06    3.61390e-03    8.54376e-01   -9.99999e-01    6.91077e-01    1.83401e+00    4.81953e-02    6.99676e+00    5.77180e+02
+au_T -ad_T    2.36166e-02    2.61971e-01   -1.95220e-01    1.69586e+00    3.20601e-01    1.46831e-06    3.61390e-03    8.54376e-01   -9.99999e-01    6.91077e-01    1.75467e+00    4.81953e-02    6.99676e+00    4.90639e+02
-au_T +ad_T    2.36166e-02    2.61971e-01   -1.95220e-01    1.69586e+00    3.20601e-01    1.46831e-06    3.61390e-03    8.54376e-01   -9.99999e-01    6.85657e-01    1.83401e+00    4.81953e-02    6.99676e+00    4.96819e+02
-au_T -ad_T    2.36166e-02    2.61971e-01   -1.95220e-01    1.69586e+00    3.20601e-01    1.46831e-06    3.61390e-03    8.54376e-01   -9.99999e-01    6.85657e-01    1.75467e+00    4.81953e-02    6.99676e+00    5.53503e+02
+au_T +bu_T    2.36166e-02    2.61971e-01   -1.95220e-01    1.69586e+00    3.20601e-01    1.46831e-06    3.61390e-03    8.54376e-01   -9.99999e-01    6.91077e-01    1.79434e+00    5.06263e-02    6.99676e+00    4.92348e+02
+au_T -bu_T    2.36166e-02    2.61971e-01   -1.95220e-01    1.69586e+00    3.20601e-01    1.46831e-06    3.61390e-03    8.54376e-01   -9.99999e-01    6.91077e-01    1.79434e+00    4.57643e-02    6.99676e+00    5.75114e+02
-au_T +bu_T    2.36166e-02    2.61971e-01   -1.95220e-01    1.69586e+00    3.20601e-01    1.46831e-06    3.61390e-03    8.54376e-01   -9.99999e-01    6.85657e-01    1.79434e+00    5.06263e-02    6.99676e+00    5.57609e+02
-au_T -bu_T    2.36166e-02    2.61971e-01   -1.95220e-01    1.69586e+00    3.20601e-01    1.46831e-06    3.61390e-03    8.54376e-01   -9.99999e-01    6.85657e-01    1.79434e+00    4.57643e-02    6.99676e+00    4.94393e+02
+au_T +bd_T    2.36166e-02    2.61971e-01   -1.95220e-01    1.69586e+00    3.20601e-01    1.46831e-06    3.61390e-03    8.54376e-01   -9.99999e-01    6.91077e-01    1.79434e+00    4.81953e-02    7.16227e+00    4.90512e+02
+au_T -bd_T    2.36166e-02    2.61971e-01   -1.95220e-01    1.69586e+00    3.20601e-01    1.46831e-06    3.61390e-03    8.54376e-01   -9.99999e-01    6.91077e-01    1.79434e+00    4.81953e-02    6.83125e+00    5.64146e+02
-au_T +bd_T    2.36166e-02    2.61971e-01   -1.95220e-01    1.69586e+00    3.20601e-01    1.46831e-06    3.61390e-03    8.54376e-01   -9.99999e-01    6.85657e-01    1.79434e+00    4.81953e-02    7.16227e+00    5.41743e+02
-au_T -bd_T    2.36166e-02    2.61971e-01   -1.95220e-01    1.69586e+00    3.20601e-01    1.46831e-06    3.61390e-03    8.54376e-01   -9.99999e-01    6.85657e-01    1.79434e+00    4.81953e-02    6.83125e+00    4.94604e+02
+ad_T +ad_T    2.36166e-02    2.61971e-01   -1.95220e-01    1.69586e+00    3.20601e-01    1.46831e-06    3.61390e-03    8.54376e-01   -9.99999e-01    6.88367e-01    1.83401e+00    4.81953e-02    6.99676e+00    5.23122e+02
+ad_T -ad_T    2.36166e-02    2.61971e-01   -1.95220e-01    1.69586e+00    3.20601e-01    1.46831e-06    3.61390e-03    8.54376e-01   -9.99999e-01    6.88367e-01    1.83401e+00    4.81953e-02    6.99676e+00    5.23122e+02
-ad_T +ad_T    2.36166e-02    2.61971e-01   -1.95220e-01    1.69586e+00    3.20601e-01    1.46831e-06    3.61390e-03    8.54376e-01   -9.99999e-01    6.88367e-01    1.75467e+00    4.81953e-02    6.99676e+00    5.08029e+02
-ad_T -ad_T    2.36166e-02    2.61971e-01   -1.95220e-01    1.69586e+00    3.20601e-01    1.46831e-06    3.61390e-03    8.54376e-01   -9.99999e-01    6.88367e-01    1.75467e+00    4.81953e-02    6.99676e+00    5.08029e+02
+ad_T +bu_T    2.36166e-02    2.61971e-01   -1.95220e-01    1.69586e+00    3.20601e-01    1.46831e-06    3.61390e-03    8.54376e-01   -9.99999e-01    6.88367e-01    1.83401e+00    5.06263e-02    6.99676e+00    4.94886e+02
+ad_T -bu_T    2.36166e-02    2.61971e-01   -1.95220e-01    1.69586e+00    3.20601e-01    1.46831e-06    3.61390e-03    8.54376e-01   -9.99999e-01    6.88367e-01    1.83401e+00    4.57643e-02    6.99676e+00    5.99799e+02
-ad_T +bu_T    2.36166e-02    2.61971e-01   -1.95220e-01    1.69586e+00    3.20601e-01    1.46831e-06    3.61390e-03    8.54376e-01   -9.99999e-01    6.88367e-01    1.75467e+00    5.06263e-02    6.99676e+00    5.72428e+02
-ad_T -bu_T    2.36166e-02    2.61971e-01   -1.95220e-01    1.69586e+00    3.20601e-01    1.46831e-06    3.61390e-03    8.54376e-01   -9.99999e-01    6.88367e-01    1.75467e+00    4.57643e-02    6.99676e+00    4.90912e+02
+ad_T +bd_T    2.36166e-02    2.61971e-01   -1.95220e-01    1.69586e+00    3.20601e-01    1.46831e-06    3.61390e-03    8.54376e-01   -9.99999e-01    6.88367e-01    1.83401e+00    4.81953e-02    7.16227e+00    4.93551e+02
+ad_T -bd_T    2.36166e-02    2.61971e-01   -1.95220e-01    1.69586e+00    3.20601e-01    1.46831e-06    3.61390e-03    8.54376e-01   -9.99999e-01    6.88367e-01    1.83401e+00    4.81953e-02    6.83125e+00    5.91263e+02
-ad_T +bd_T    2.36166e-02    2.61971e-01   -1.95220e-01    1.69586e+00    3.20601e-01    1.46831e-06    3.61390e-03    8.54376e-01   -9.99999e-01    6.88367e-01    1.75467e+00    4.81953e-02    7.16227e+00    5.53067e+02
-ad_T -bd_T    2.36166e-02    2.61971e-01   -1.95220e-01    1.69586e+00    3.20601e-01    1.46831e-06    3.61390e-03    8.54376e-01   -9.99999e-01    6.88367e-01    1.75467e+00    4.81953e-02    6.83125e+00    4.91617e+02
+bu_T +bu_T    2.36166e-02    2.61971e-01   -1.95220e-01    1.69586e+00    3.20601e-01    1.46831e-06    3.61390e-03    8.54376e-01   -9.99999e-01    6.88367e-01    1.79434e+00    5.06263e-02    6.99676e+00    5.10815e+02
+bu_T -bu_T    2.36166e-02    2.61971e-01   -1.95220e-01    1.69586e+00    3.20601e-01    1.46831e-06    3.61390e-03    8.54376e-01   -9.99999e-01    6.88367e-01    1.79434e+00    5.06263e-02    6.99676e+00    5.10815e+02
-bu_T +bu_T    2.36166e-02    2.61971e-01   -1.95220e-01    1.69586e+00    3.20601e-01    1.46831e-06    3.61390e-03    8.54376e-01   -9.99999e-01    6.88367e-01    1.79434e+00    4.57643e-02    6.99676e+00    5.21001e+02
-bu_T -bu_T    2.36166e-02    2.61971e-01   -1.95220e-01    1.69586e+00    3.20601e-01    1.46831e-06    3.61390e-03    8.54376e-01   -9.99999e-01    6.88367e-01    1.79434e+00    4.57643e-02    6.99676e+00    5.21001e+02
+bu_T +bd_T    2.36166e-02    2.61971e-01   -1.95220e-01    1.69586e+00    3.20601e-01    1.46831e-06    3.61390e-03    8.54376e-01   -9.99999e-01    6.88367e-01    1.79434e+00    5.06263e-02    7.16227e+00    5.58976e+02
+bu_T -bd_T    2.36166e-02    2.61971e-01   -1.95220e-01    1.69586e+00    3.20601e-01    1.46831e-06    3.61390e-03    8.54376e-01   -9.99999e-01    6.88367e-01    1.79434e+00    5.06263e-02    6.83125e+00    4.94244e+02
-bu_T +bd_T    2.36166e-02    2.61971e-01   -1.95220e-01    1.69586e+00    3.20601e-01    1.46831e-06    3.61390e-03    8.54376e-01   -9.99999e-01    6.88367e-01    1.79434e+00    4.57643e-02    7.16227e+00    4.92598e+02
-bu_T -bd_T    2.36166e-02    2.61971e-01   -1.95220e-01    1.69586e+00    3.20601e-01    1.46831e-06    3.61390e-03    8.54376e-01   -9.99999e-01    6.88367e-01    1.79434e+00    4.57643e-02    6.83125e+00    5.85080e+02
+bd_T +bd_T    2.36166e-02    2.61971e-01   -1.95220e-01    1.69586e+00    3.20601e-01    1.46831e-06    3.61390e-03    8.54376e-01   -9.99999e-01    6.88367e-01    1.79434e+00    4.81953e-02    7.16227e+00    5.02099e+02
+bd_T -bd_T    2.36166e-02    2.61971e-01   -1.95220e-01    1.69586e+00    3.20601e-01    1.46831e-06    3.61390e-03    8.54376e-01   -9.99999e-01    6.88367e-01    1.79434e+00    4.81953e-02    7.16227e+00    5.02099e+02
-bd_T +bd_T    2.36166e-02    2.61971e-01   -1.95220e-01    1.69586e+00    3.20601e-01    1.46831e-06    3.61390e-03    8.54376e-01   -9.99999e-01    6.88367e-01    1.79434e+00    4.81953e-02    6.83125e+00    5.15486e+02
-bd_T -bd_T    2.36166e-02    2.61971e-01   -1.95220e-01    1.69586e+00    3.20601e-01    1.46831e-06    3.61390e-03    8.54376e-01   -9.99999e-01    6.88367e-01    1.79434e+00    4.81953e-02    6.83125e+00    5.15486e+02
