                   BLNY           Nu_c           Nd_c           au_c           ad_c           bu_c           bd_c           Nu_T           Nd_T           au_T           ad_T           bu_T           bd_T          ChiSQ
+BLNY +BLNY    2.43336e-02    2.61971e-01   -1.95220e-01    1.69586e+00    3.20601e-01    1.46831e-06    3.61390e-03    8.54376e-01   -9.99999e-01    6.88367e-01    1.79434e+00    4.81953e-02    6.99676e+00    1.05074e+05
+BLNY -BLNY    2.43336e-02    2.61971e-01   -1.95220e-01    1.69586e+00    3.20601e-01    1.46831e-06    3.61390e-03    8.54376e-01   -9.99999e-01    6.88367e-01    1.79434e+00    4.81953e-02    6.99676e+00    1.05074e+05
-BLNY +BLNY    2.28996e-02    2.61971e-01   -1.95220e-01    1.69586e+00    3.20601e-01    1.46831e-06    3.61390e-03    8.54376e-01   -9.99999e-01    6.88367e-01    1.79434e+00    4.81953e-02    6.99676e+00    1.03114e+05
-BLNY -BLNY    2.28996e-02    2.61971e-01   -1.95220e-01    1.69586e+00    3.20601e-01    1.46831e-06    3.61390e-03    8.54376e-01   -9.99999e-01    6.88367e-01    1.79434e+00    4.81953e-02    6.99676e+00    1.03114e+05
+BLNY +Nu_c    2.43336e-02    2.86625e-01   -1.95220e-01    1.69586e+00    3.20601e-01    1.46831e-06    3.61390e-03    8.54376e-01   -9.99999e-01    6.88367e-01    1.79434e+00    4.81953e-02    6.99676e+00    8.58648e+03
+BLNY -Nu_c    2.43336e-02    2.37317e-01   -1.95220e-01    1.69586e+00    3.20601e-01    1.46831e-06    3.61390e-03    8.54376e-01   -9.99999e-01    6.88367e-01    1.79434e+00    4.81953e-02    6.99676e+00    3.15725e+05
-BLNY +Nu_c    2.28996e-02    2.86625e-01   -1.95220e-01    1.69586e+00    3.20601e-01    1.46831e-06    3.61390e-03    8.54376e-01   -9.99999e-01    6.88367e-01    1.79434e+00    4.81953e-02    6.99676e+00    3.23296e+05
-BLNY -Nu_c    2.28996e-02    2.37317e-01   -1.95220e-01    1.69586e+00    3.20601e-01    1.46831e-06    3.61390e-03    8.54376e-01   -9.99999e-01    6.88367e-01    1.79434e+00    4.81953e-02    6.99676e+00    6.48419e+03
+BLNY +Nd_c    2.43336e-02    2.61971e-01   -1.88061e-01    1.69586e+00    3.20601e-01    1.46831e-06    3.61390e-03    8.54376e-01   -9.99999e-01    6.88367e-01    1.79434e+00    4.81953e-02    6.99676e+00    2.65712e+05
+BLNY -Nd_c    2.43336e-02    2.61971e-01   -2.02379e-01    1.69586e+00    3.20601e-01    1.46831e-06    3.61390e-03    8.54376e-01   -9.99999e-01    6.88367e-01    1.79434e+00    4.81953e-02    6.99676e+00    1.83969e+04
-BLNY +Nd_c    2.28996e-02    2.61971e-01   -1.88061e-01    1.69586e+00    3.20601e-01    1.46831e-06    3.61390e-03    8.54376e-01   -9.99999e-01    6.88367e-01    1.79434e+00    4.81953e-02    6.99676e+00    1.29214e+04
-BLNY -Nd_c    2.28996e-02    2.61971e-01   -2.02379e-01    1.69586e+00    3.20601e-01    1.46831e-06    3.61390e-03    8.54376e-01   -9.99999e-01    6.88367e-01    1.79434e+00    4.81953e-02    6.99676e+00    2.83230e+05
+BLNY +au_c    2.43336e-02    2.61971e-01   -1.95220e-01    1.70345e+00    3.20601e-01    1.46831e-06    3.61390e-03    8.54376e-01   -9.99999e-01    6.88367e-01    1.79434e+00    4.81953e-02    6.99676e+00    1.12278e+05
+BLNY -au_c    2.43336e-02    2.61971e-01   -1.95220e-01    1.68827e+00    3.20601e-01    1.46831e-06    3.61390e-03    8.54376e-01   -9.99999e-01    6.88367e-01    1.79434e+00    4.81953e-02    6.99676e+00    9.80817e+04
-BLNY +au_c    2.28996e-02    2.61971e-01   -1.95220e-01    1.70345e+00    3.20601e-01    1.46831e-06    3.61390e-03    8.54376e-01   -9.99999e-01    6.88367e-01    1.79434e+00    4.81953e-02    6.99676e+00    9.57949e+04
-BLNY -au_c    2.28996e-02    2.61971e-01   -1.95220e-01    1.68827e+00    3.20601e-01    1.46831e-06    3.61390e-03    8.54376e-01   -9.99999e-01    6.88367e-01    1.79434e+00    4.81953e-02    6.99676e+00    1.10742e+05
+BLNY +ad_c    2.43336e-02    2.61971e-01   -1.95220e-01    1.69586e+00    3.60717e-01    1.46831e-06    3.61390e-03    8.54376e-01   -9.99999e-01    6.88367e-01    1.79434e+00    4.81953e-02    6.99676e+00    1.92646e+05
+BLNY -ad_c    2.43336e-02    2.61971e-01   -1.95220e-01    1.69586e+00    2.80485e-01    1.46831e-06    3.61390e-03    8.54376e-01   -9.99999e-01    6.88367e-01    1.79434e+00    4.81953e-02    6.99676e+00    4.32999e+04
-BLNY +ad_c    2.28996e-02    2.61971e-01   -1.95220e-01    1.69586e+00    3.60717e-01    1.46831e-06    3.61390e-03    8.54376e-01   -9.99999e-01    6.88367e-01    1.79434e+00    4.81953e-02    6.99676e+00    3.70288e+04
-BLNY -ad_c    2.28996e-02    2.61971e-01   -1.95220e-01    1.69586e+00    2.80485e-01    1.46831e-06    3.61390e-03    8.54376e-01   -9.99999e-01    6.88367e-01    1.79434e+00    4.81953e-02    6.99676e+00    2.06368e+05
+BLNY +bu_c    2.43336e-02    2.61971e-01   -1.95220e-01    1.69586e+00    3.20601e-01    1.34565e-01    3.61390e-03    8.54376e-01   -9.99999e-01    6.88367e-01    1.79434e+00    4.81953e-02    6.99676e+00    3.53656e+05
+BLNY -bu_c    2.43336e-02    2.61971e-01   -1.95220e-01    1.69586e+00    3.20601e-01   -1.34563e-01    3.61390e-03    8.54376e-01   -9.99999e-01    6.88367e-01    1.79434e+00    4.81953e-02    6.99676e+00   -1.11110e+04
-BLNY +bu_c    2.28996e-02    2.61971e-01   -1.95220e-01    1.69586e+00    3.20601e-01    1.34565e-01    3.61390e-03    8.54376e-01   -9.99999e-01    6.88367e-01    1.79434e+00    4.81953e-02    6.99676e+00    3.41764e+03
-BLNY -bu_c    2.28996e-02    2.61971e-01   -1.95220e-01    1.69586e+00    3.20601e-01   -1.34563e-01    3.61390e-03    8.54376e-01   -9.99999e-01    6.88367e-01    1.79434e+00    4.81953e-02    6.99676e+00   -1.11110e+04
+BLNY +bd_c    2.43336e-02    2.61971e-01   -1.95220e-01    1.69586e+00    3.20601e-01    1.46831e-06    2.02050e-01    8.54376e-01   -9.99999e-01    6.88367e-01    1.79434e+00    4.81953e-02    6.99676e+00    1.30677e+06
+BLNY -bd_c    2.43336e-02    2.61971e-01   -1.95220e-01    1.69586e+00    3.20601e-01    1.46831e-06   -1.94823e-01    8.54376e-01   -9.99999e-01    6.88367e-01    1.79434e+00    4.81953e-02    6.99676e+00    9.19399e+06
-BLNY +bd_c    2.28996e-02    2.61971e-01   -1.95220e-01    1.69586e+00    3.20601e-01    1.46831e-06    2.02050e-01    8.54376e-01   -9.99999e-01    6.88367e-01    1.79434e+00    4.81953e-02    6.99676e+00    3.21769e+05
-BLNY -bd_c    2.28996e-02    2.61971e-01   -1.95220e-01    1.69586e+00    3.20601e-01    1.46831e-06   -1.94823e-01    8.54376e-01   -9.99999e-01    6.88367e-01    1.79434e+00    4.81953e-02    6.99676e+00    6.87025e+06
+BLNY +Nu_T    2.43336e-02    2.61971e-01   -1.95220e-01    1.69586e+00    3.20601e-01    1.46831e-06    3.61390e-03    9.40928e-01   -9.99999e-01    6.88367e-01    1.79434e+00    4.81953e-02    6.99676e+00    6.45738e+03
+BLNY -Nu_T    2.43336e-02    2.61971e-01   -1.95220e-01    1.69586e+00    3.20601e-01    1.46831e-06    3.61390e-03    7.67824e-01   -9.99999e-01    6.88367e-01    1.79434e+00    4.81953e-02    6.99676e+00    3.36528e+05
-BLNY +Nu_T    2.28996e-02    2.61971e-01   -1.95220e-01    1.69586e+00    3.20601e-01    1.46831e-06    3.61390e-03    9.40928e-01   -9.99999e-01    6.88367e-01    1.79434e+00    4.81953e-02    6.99676e+00    3.45211e+05
-BLNY -Nu_T    2.28996e-02    2.61971e-01   -1.95220e-01    1.69586e+00    3.20601e-01    1.46831e-06    3.61390e-03    7.67824e-01   -9.99999e-01    6.88367e-01    1.79434e+00    4.81953e-02    6.99676e+00    4.18041e+03
+BLNY +Nd_T    2.43336e-02    2.61971e-01   -1.95220e-01    1.69586e+00    3.20601e-01    1.46831e-06    3.61390e-03    8.54376e-01   -8.74845e-01    6.88367e-01    1.79434e+00    4.81953e-02    6.99676e+00    9.57855e+05
+BLNY -Nd_T    2.43336e-02    2.61971e-01   -1.95220e-01    1.69586e+00    3.20601e-01    1.46831e-06    3.61390e-03    8.54376e-01   -1.12515e+00    6.88367e-01    1.79434e+00    4.81953e-02    6.99676e+00    1.13788e+05
-BLNY +Nd_T    2.28996e-02    2.61971e-01   -1.95220e-01    1.69586e+00    3.20601e-01    1.46831e-06    3.61390e-03    8.54376e-01   -8.74845e-01    6.88367e-01    1.79434e+00    4.81953e-02    6.99676e+00    1.65533e+05
-BLNY -Nd_T    2.28996e-02    2.61971e-01   -1.95220e-01    1.69586e+00    3.20601e-01    1.46831e-06    3.61390e-03    8.54376e-01   -1.12515e+00    6.88367e-01    1.79434e+00    4.81953e-02    6.99676e+00    1.08803e+06
+BLNY +au_T    2.43336e-02    2.61971e-01   -1.95220e-01    1.69586e+00    3.20601e-01    1.46831e-06    3.61390e-03    8.54376e-01   -9.99999e-01    6.91077e-01    1.79434e+00    4.81953e-02    6.99676e+00    1.13038e+05
+BLNY -au_T    2.43336e-02    2.61971e-01   -1.95220e-01    1.69586e+00    3.20601e-01    1.46831e-06    3.61390e-03    8.54376e-01   -9.99999e-01    6.85657e-01    1.79434e+00    4.81953e-02    6.99676e+00    9.73640e+04
-BLNY +au_T    2.28996e-02    2.61971e-01   -1.95220e-01    1.69586e+00    3.20601e-01    1.46831e-06    3.61390e-03    8.54376e-01   -9.99999e-01    6.91077e-01    1.79434e+00    4.81953e-02    6.99676e+00    9.51515e+04
-BLNY -au_T    2.28996e-02    2.61971e-01   -1.95220e-01    1.69586e+00    3.20601e-01    1.46831e-06    3.61390e-03    8.54376e-01   -9.99999e-01    6.85657e-01    1.79434e+00    4.81953e-02    6.99676e+00    1.11442e+05
+BLNY +ad_T    2.43336e-02    2.61971e-01   -1.95220e-01    1.69586e+00    3.20601e-01    1.46831e-06    3.61390e-03    8.54376e-01   -9.99999e-01    6.88367e-01    1.83401e+00    4.81953e-02    6.99676e+00    1.33681e+05
+BLNY -ad_T    2.43336e-02    2.61971e-01   -1.95220e-01    1.69586e+00    3.20601e-01    1.46831e-06    3.61390e-03    8.54376e-01   -9.99999e-01    6.88367e-01    1.75467e+00    4.81953e-02    6.99676e+00    8.19126e+04
-BLNY +ad_T    2.28996e-02    2.61971e-01   -1.95220e-01    1.69586e+00    3.20601e-01    1.46831e-06    3.61390e-03    8.54376e-01   -9.99999e-01    6.88367e-01    1.83401e+00    4.81953e-02    6.99676e+00    7.28573e+04
-BLNY -ad_T    2.28996e-02    2.61971e-01   -1.95220e-01    1.69586e+00    3.20601e-01    1.46831e-06    3.61390e-03    8.54376e-01   -9.99999e-01    6.88367e-01    1.75467e+00    4.81953e-02    6.99676e+00    1.36358e+05
+BLNY +bu_T    2.43336e-02    2.61971e-01   -1.95220e-01    1.69586e+00    3.20601e-01    1.46831e-06    3.61390e-03    8.54376e-01   -9.99999e-01    6.88367e-01    1.79434e+00    5.06263e-02    6.99676e+00    9.52689e+04
+BLNY -bu_T    2.43336e-02    2.61971e-01   -1.95220e-01    1.69586e+00    3.20601e-01    1.46831e-06    3.61390e-03    8.54376e-01   -9.99999e-01    6.88367e-01    1.79434e+00    4.57643e-02    6.99676e+00    1.15493e+05
-BLNY +bu_T    2.28996e-02    2.61971e-01   -1.95220e-01    1.69586e+00    3.20601e-01    1.46831e-06    3.61390e-03    8.54376e-01   -9.99999e-01    6.88367e-01    1.79434e+00    5.06263e-02    6.99676e+00    1.13757e+05
-BLNY -bu_T    2.28996e-02    2.61971e-01   -1.95220e-01    1.69586e+00    3.20601e-01    1.46831e-06    3.61390e-03    8.54376e-01   -9.99999e-01    6.88367e-01    1.79434e+00    4.57643e-02    6.99676e+00    9.28803e+04
+BLNY +bd_T    2.43336e-02    2.61971e-01   -1.95220e-01    1.69586e+00    3.20601e-01    1.46831e-06    3.61390e-03    8.54376e-01   -9.99999e-01    6.88367e-01    1.79434e+00    4.81953e-02    7.16227e+00    8.41742e+04
+BLNY -bd_T    2.43336e-02    2.61971e-01   -1.95220e-01    1.69586e+00    3.20601e-01    1.46831e-06    3.61390e-03    8.54376e-01   -9.99999e-01    6.88367e-01    1.79434e+00    4.81953e-02    6.83125e+00    1.31121e+05
-BLNY +bd_T    2.28996e-02    2.61971e-01   -1.95220e-01    1.69586e+00    3.20601e-01    1.46831e-06    3.61390e-03    8.54376e-01   -9.99999e-01    6.88367e-01    1.79434e+00    4.81953e-02    7.16227e+00    1.32304e+05
-BLNY -bd_T    2.28996e-02    2.61971e-01   -1.95220e-01    1.69586e+00    3.20601e-01    1.46831e-06    3.61390e-03    8.54376e-01   -9.99999e-01    6.88367e-01    1.79434e+00    4.81953e-02    6.83125e+00    7.54435e+04
+Nu_c +Nu_c    2.36166e-02    2.86625e-01   -1.95220e-01    1.69586e+00    3.20601e-01    1.46831e-06    3.61390e-03    8.54376e-01   -9.99999e-01    6.88367e-01    1.79434e+00    4.81953e-02    6.99676e+00    6.05203e+04
+Nu_c -Nu_c    2.36166e-02    2.86625e-01   -1.95220e-01    1.69586e+00    3.20601e-01    1.46831e-06    3.61390e-03    8.54376e-01   -9.99999e-01    6.88367e-01    1.79434e+00    4.81953e-02    6.99676e+00    6.05203e+04
-Nu_c +Nu_c    2.36166e-02    2.37317e-01   -1.95220e-01    1.69586e+00    3.20601e-01    1.46831e-06    3.61390e-03    8.54376e-01   -9.99999e-01    6.88367e-01    1.79434e+00    4.81953e-02    6.99676e+00    6.00821e+04
-Nu_c -Nu_c    2.36166e-02    2.37317e-01   -1.95220e-01    1.69586e+00    3.20601e-01    1.46831e-06    3.61390e-03    8.54376e-01   -9.99999e-01    6.88367e-01    1.79434e+00    4.81953e-02    6.99676e+00    6.00821e+04
+Nu_c +Nd_c    2.36166e-02    2.86625e-01   -1.88061e-01    1.69586e+00    3.20601e-01    1.46831e-06    3.61390e-03    8.54376e-01   -9.99999e-01    6.88367e-01    1.79434e+00    4.81953e-02    6.99676e+00    2.89796e+03
+Nu_c -Nd_c    2.36166e-02    2.86625e-01   -2.02379e-01    1.69586e+00    3.20601e-01    1.46831e-06    3.61390e-03    8.54376e-01   -9.99999e-01    6.88367e-01    1.79434e+00    4.81953e-02    6.99676e+00    1.99934e+05
-Nu_c +Nd_c    2.36166e-02    2.37317e-01   -1.88061e-01    1.69586e+00    3.20601e-01    1.46831e-06    3.61390e-03    8.54376e-01   -9.99999e-01    6.88367e-01    1.79434e+00    4.81953e-02    6.99676e+00    1.99234e+05
-Nu_c -Nd_c    2.36166e-02    2.37317e-01   -2.02379e-01    1.69586e+00    3.20601e-01    1.46831e-06    3.61390e-03    8.54376e-01   -9.99999e-01    6.88367e-01    1.79434e+00    4.81953e-02    6.99676e+00    2.72232e+03
+Nu_c +au_c    2.36166e-02    2.86625e-01   -1.95220e-01    1.70345e+00    3.20601e-01    1.46831e-06    3.61390e-03    8.54376e-01   -9.99999e-01    6.88367e-01    1.79434e+00    4.81953e-02    6.99676e+00    5.46067e+04
+Nu_c -au_c    2.36166e-02    2.86625e-01   -1.95220e-01    1.68827e+00    3.20601e-01    1.46831e-06    3.61390e-03    8.54376e-01   -9.99999e-01    6.88367e-01    1.79434e+00    4.81953e-02    6.99676e+00    6.67714e+04
-Nu_c +au_c    2.36166e-02    2.37317e-01   -1.95220e-01    1.70345e+00    3.20601e-01    1.46831e-06    3.61390e-03    8.54376e-01   -9.99999e-01    6.88367e-01    1.79434e+00    4.81953e-02    6.99676e+00    6.51957e+04
-Nu_c -au_c    2.36166e-02    2.37317e-01   -1.95220e-01    1.68827e+00    3.20601e-01    1.46831e-06    3.61390e-03    8.54376e-01   -9.99999e-01    6.88367e-01    1.79434e+00    4.81953e-02    6.99676e+00    5.51593e+04
+Nu_c +ad_c    2.36166e-02    2.86625e-01   -1.95220e-01    1.69586e+00    3.60717e-01    1.46831e-06    3.61390e-03    8.54376e-01   -9.99999e-01    6.88367e-01    1.79434e+00    4.81953e-02    6.99676e+00    1.58161e+04
+Nu_c -ad_c    2.36166e-02    2.86625e-01   -1.95220e-01    1.69586e+00    2.80485e-01    1.46831e-06    3.61390e-03    8.54376e-01   -9.99999e-01    6.88367e-01    1.79434e+00    4.81953e-02    6.99676e+00    1.37854e+05
-Nu_c +ad_c    2.36166e-02    2.37317e-01   -1.95220e-01    1.69586e+00    3.60717e-01    1.46831e-06    3.61390e-03    8.54376e-01   -9.99999e-01    6.88367e-01    1.79434e+00    4.81953e-02    6.99676e+00    1.35185e+05
-Nu_c -ad_c    2.36166e-02    2.37317e-01   -1.95220e-01    1.69586e+00    2.80485e-01    1.46831e-06    3.61390e-03    8.54376e-01   -9.99999e-01    6.88367e-01    1.79434e+00    4.81953e-02    6.99676e+00    1.48506e+04
+Nu_c +bu_c    2.36166e-02    2.86625e-01   -1.95220e-01    1.69586e+00    3.20601e-01    1.34565e-01    3.61390e-03    8.54376e-01   -9.99999e-01    6.88367e-01    1.79434e+00    4.81953e-02    6.99676e+00    4.04053e+03
+Nu_c -bu_c    2.36166e-02    2.86625e-01   -1.95220e-01    1.69586e+00    3.20601e-01   -1.34563e-01    3.61390e-03    8.54376e-01   -9.99999e-01    6.88367e-01    1.79434e+00    4.81953e-02    6.99676e+00   -1.11110e+04
-Nu_c +bu_c    2.36166e-02    2.37317e-01   -1.95220e-01    1.69586e+00    3.20601e-01    1.34565e-01    3.61390e-03    8.54376e-01   -9.99999e-01    6.88367e-01    1.79434e+00    4.81953e-02    6.99676e+00    2.42884e+05
-Nu_c -bu_c    2.36166e-02    2.37317e-01   -1.95220e-01    1.69586e+00    3.20601e-01   -1.34563e-01    3.61390e-03    8.54376e-01   -9.99999e-01    6.88367e-01    1.79434e+00    4.81953e-02    6.99676e+00   -1.11110e+04
+Nu_c +bd_c    2.36166e-02    2.86625e-01   -1.95220e-01    1.69586e+00    3.20601e-01    1.46831e-06    2.02050e-01    8.54376e-01   -9.99999e-01    6.88367e-01    1.79434e+00    4.81953e-02    6.99676e+00    3.72154e+05
+Nu_c -bd_c    2.36166e-02    2.86625e-01   -1.95220e-01    1.69586e+00    3.20601e-01    1.46831e-06   -1.94823e-01    8.54376e-01   -9.99999e-01    6.88367e-01    1.79434e+00    4.81953e-02    6.99676e+00    6.66670e+06
-Nu_c +bd_c    2.36166e-02    2.37317e-01   -1.95220e-01    1.69586e+00    3.20601e-01    1.46831e-06    2.02050e-01    8.54376e-01   -9.99999e-01    6.88367e-01    1.79434e+00    4.81953e-02    6.99676e+00    1.20261e+06
-Nu_c -bd_c    2.36166e-02    2.37317e-01   -1.95220e-01    1.69586e+00    3.20601e-01    1.46831e-06   -1.94823e-01    8.54376e-01   -9.99999e-01    6.88367e-01    1.79434e+00    4.81953e-02    6.99676e+00    9.41803e+06
+Nu_c +Nu_T    2.36166e-02    2.86625e-01   -1.95220e-01    1.69586e+00    3.20601e-01    1.46831e-06    3.61390e-03    9.40928e-01   -9.99999e-01    6.88367e-01    1.79434e+00    4.81953e-02    6.99676e+00    2.83174e+05
+Nu_c -Nu_T    2.36166e-02    2.86625e-01   -1.95220e-01    1.69586e+00    3.20601e-01    1.46831e-06    3.61390e-03    7.67824e-01   -9.99999e-01    6.88367e-01    1.79434e+00    4.81953e-02    6.99676e+00    2.71770e+03
-Nu_c +Nu_T    2.36166e-02    2.37317e-01   -1.95220e-01    1.69586e+00    3.20601e-01    1.46831e-06    3.61390e-03    9.40928e-01   -9.99999e-01    6.88367e-01    1.79434e+00    4.81953e-02    6.99676e+00    9.10286e+02
-Nu_c -Nu_T    2.36166e-02    2.37317e-01   -1.95220e-01    1.69586e+00    3.20601e-01    1.46831e-06    3.61390e-03    7.67824e-01   -9.99999e-01    6.88367e-01    1.79434e+00    4.81953e-02    6.99676e+00    2.32270e+05
+Nu_c +Nd_T    2.36166e-02    2.86625e-01   -1.95220e-01    1.69586e+00    3.20601e-01    1.46831e-06    3.61390e-03    8.54376e-01   -8.74845e-01    6.88367e-01    1.79434e+00    4.81953e-02    6.99676e+00    2.00619e+05
+Nu_c -Nd_T    2.36166e-02    2.86625e-01   -1.95220e-01    1.69586e+00    3.20601e-01    1.46831e-06    3.61390e-03    8.54376e-01   -1.12515e+00    6.88367e-01    1.79434e+00    4.81953e-02    6.99676e+00    8.73046e+05
-Nu_c +Nd_T    2.36166e-02    2.37317e-01   -1.95220e-01    1.69586e+00    3.20601e-01    1.46831e-06    3.61390e-03    8.54376e-01   -8.74845e-01    6.88367e-01    1.79434e+00    4.81953e-02    6.99676e+00    8.71747e+05
-Nu_c -Nd_T    2.36166e-02    2.37317e-01   -1.95220e-01    1.69586e+00    3.20601e-01    1.46831e-06    3.61390e-03    8.54376e-01   -1.12515e+00    6.88367e-01    1.79434e+00    4.81953e-02    6.99676e+00    2.01063e+05
+Nu_c +au_T    2.36166e-02    2.86625e-01   -1.95220e-01    1.69586e+00    3.20601e-01    1.46831e-06    3.61390e-03    8.54376e-01   -9.99999e-01    6.91077e-01    1.79434e+00    4.81953e-02    6.99676e+00    5.40569e+04
+Nu_c -au_T    2.36166e-02    2.86625e-01   -1.95220e-01    1.69586e+00    3.20601e-01    1.46831e-06    3.61390e-03    8.54376e-01   -9.99999e-01    6.85657e-01    1.79434e+00    4.81953e-02    6.99676e+00    6.73877e+04
-Nu_c +au_T    2.36166e-02    2.37317e-01   -1.95220e-01    1.69586e+00    3.20601e-01    1.46831e-06    3.61390e-03    8.54376e-01   -9.99999e-01    6.91077e-01    1.79434e+00    4.81953e-02    6.99676e+00    6.56966e+04
-Nu_c -au_T    2.36166e-02    2.37317e-01   -1.95220e-01    1.69586e+00    3.20601e-01    1.46831e-06    3.61390e-03    8.54376e-01   -9.99999e-01    6.85657e-01    1.79434e+00    4.81953e-02    6.99676e+00    5.46973e+04
+Nu_c +ad_T    2.36166e-02    2.86625e-01   -1.95220e-01    1.69586e+00    3.20601e-01    1.46831e-06    3.61390e-03    8.54376e-01   -9.99999e-01    6.88367e-01    1.83401e+00    4.81953e-02    6.99676e+00    4.01430e+04
+Nu_c -ad_T    2.36166e-02    2.86625e-01   -1.95220e-01    1.69586e+00    3.20601e-01    1.46831e-06    3.61390e-03    8.54376e-01   -9.99999e-01    6.88367e-01    1.75467e+00    4.81953e-02    6.99676e+00    8.34942e+04
-Nu_c +ad_T    2.36166e-02    2.37317e-01   -1.95220e-01    1.69586e+00    3.20601e-01    1.46831e-06    3.61390e-03    8.54376e-01   -9.99999e-01    6.88367e-01    1.83401e+00    4.81953e-02    6.99676e+00    8.49783e+04
-Nu_c -ad_T    2.36166e-02    2.37317e-01   -1.95220e-01    1.69586e+00    3.20601e-01    1.46831e-06    3.61390e-03    8.54376e-01   -9.99999e-01    6.88367e-01    1.75467e+00    4.81953e-02    6.99676e+00    4.10475e+04
+Nu_c +bu_T    2.36166e-02    2.86625e-01   -1.95220e-01    1.69586e+00    3.20601e-01    1.46831e-06    3.61390e-03    8.54376e-01   -9.99999e-01    6.88367e-01    1.79434e+00    5.06263e-02    6.99676e+00    6.93525e+04
+Nu_c -bu_T    2.36166e-02    2.86625e-01   -1.95220e-01    1.69586e+00    3.20601e-01    1.46831e-06    3.61390e-03    8.54376e-01   -9.99999e-01    6.88367e-01    1.79434e+00    4.57643e-02    6.99676e+00    5.21998e+04
-Nu_c +bu_T    2.36166e-02    2.37317e-01   -1.95220e-01    1.69586e+00    3.20601e-01    1.46831e-06    3.61390e-03    8.54376e-01   -9.99999e-01    6.88367e-01    1.79434e+00    5.06263e-02    6.99676e+00    5.32562e+04
-Nu_c -bu_T    2.36166e-02    2.37317e-01   -1.95220e-01    1.69586e+00    3.20601e-01    1.46831e-06    3.61390e-03    8.54376e-01   -9.99999e-01    6.88367e-01    1.79434e+00    4.57643e-02    6.99676e+00    6.74184e+04
+Nu_c +bd_T    2.36166e-02    2.86625e-01   -1.95220e-01    1.69586e+00    3.20601e-01    1.46831e-06    3.61390e-03    8.54376e-01   -9.99999e-01    6.88367e-01    1.79434e+00    4.81953e-02    7.16227e+00    8.07393e+04
+Nu_c -bd_T    2.36166e-02    2.86625e-01   -1.95220e-01    1.69586e+00    3.20601e-01    1.46831e-06    3.61390e-03    8.54376e-01   -9.99999e-01    6.88367e-01    1.79434e+00    4.81953e-02    6.83125e+00    4.17753e+04
-Nu_c +bd_T    2.36166e-02    2.37317e-01   -1.95220e-01    1.69586e+00    3.20601e-01    1.46831e-06    3.61390e-03    8.54376e-01   -9.99999e-01    6.88367e-01    1.79434e+00    4.81953e-02    7.16227e+00    4.29548e+04
-Nu_c -bd_T    2.36166e-02    2.37317e-01   -1.95220e-01    1.69586e+00    3.20601e-01    1.46831e-06    3.61390e-03    8.54376e-01   -9.99999e-01    6.88367e-01    1.79434e+00    4.81953e-02    6.83125e+00    8.25175e+04
+Nd_c +Nd_c    2.36166e-02    2.61971e-01   -1.88061e-01    1.69586e+00    3.20601e-01    1.46831e-06    3.61390e-03    8.54376e-01   -9.99999e-01    6.88367e-01    1.79434e+00    4.81953e-02    6.99676e+00    4.16425e+04
+Nd_c -Nd_c    2.36166e-02    2.61971e-01   -1.88061e-01    1.69586e+00    3.20601e-01    1.46831e-06    3.61390e-03    8.54376e-01   -9.99999e-01    6.88367e-01    1.79434e+00    4.81953e-02    6.99676e+00    4.16425e+04
-Nd_c +Nd_c    2.36166e-02    2.61971e-01   -2.02379e-01    1.69586e+00    3.20601e-01    1.46831e-06    3.61390e-03    8.54376e-01   -9.99999e-01    6.88367e-01    1.79434e+00    4.81953e-02    6.99676e+00    4.19052e+04
-Nd_c -Nd_c    2.36166e-02    2.61971e-01   -2.02379e-01    1.69586e+00    3.20601e-01    1.46831e-06    3.61390e-03    8.54376e-01   -9.99999e-01    6.88367e-01    1.79434e+00    4.81953e-02    6.99676e+00    4.19052e+04
+Nd_c +au_c    2.36166e-02    2.61971e-01   -1.88061e-01    1.70345e+00    3.20601e-01    1.46831e-06    3.61390e-03    8.54376e-01   -9.99999e-01    6.88367e-01    1.79434e+00    4.81953e-02    6.99676e+00    4.63532e+04
+Nd_c -au_c    2.36166e-02    2.61971e-01   -1.88061e-01    1.68827e+00    3.20601e-01    1.46831e-06    3.61390e-03    8.54376e-01   -9.99999e-01    6.88367e-01    1.79434e+00    4.81953e-02    6.99676e+00    3.71714e+04
-Nd_c +au_c    2.36166e-02    2.61971e-01   -2.02379e-01    1.70345e+00    3.20601e-01    1.46831e-06    3.61390e-03    8.54376e-01   -9.99999e-01    6.88367e-01    1.79434e+00    4.81953e-02    6.99676e+00    3.74354e+04
-Nd_c -au_c    2.36166e-02    2.61971e-01   -2.02379e-01    1.68827e+00    3.20601e-01    1.46831e-06    3.61390e-03    8.54376e-01   -9.99999e-01    6.88367e-01    1.79434e+00    4.81953e-02    6.99676e+00    4.66551e+04
+Nd_c +ad_c    2.36166e-02    2.61971e-01   -1.88061e-01    1.69586e+00    3.60717e-01    1.46831e-06    3.61390e-03    8.54376e-01   -9.99999e-01    6.88367e-01    1.79434e+00    4.81953e-02    6.99676e+00    1.03828e+05
+Nd_c -ad_c    2.36166e-02    2.61971e-01   -1.88061e-01    1.69586e+00    2.80485e-01    1.46831e-06    3.61390e-03    8.54376e-01   -9.99999e-01    6.88367e-01    1.79434e+00    4.81953e-02    6.99676e+00    7.34784e+03
-Nd_c +ad_c    2.36166e-02    2.61971e-01   -2.02379e-01    1.69586e+00    3.60717e-01    1.46831e-06    3.61390e-03    8.54376e-01   -9.99999e-01    6.88367e-01    1.79434e+00    4.81953e-02    6.99676e+00    6.49980e+03
-Nd_c -ad_c    2.36166e-02    2.61971e-01   -2.02379e-01    1.69586e+00    2.80485e-01    1.46831e-06    3.61390e-03    8.54376e-01   -9.99999e-01    6.88367e-01    1.79434e+00    4.81953e-02    6.99676e+00    1.12092e+05
+Nd_c +bu_c    2.36166e-02    2.61971e-01   -1.88061e-01    1.69586e+00    3.20601e-01    1.34565e-01    3.61390e-03    8.54376e-01   -9.99999e-01    6.88367e-01    1.79434e+00    4.81953e-02    6.99676e+00    2.27384e+05
+Nd_c -bu_c    2.36166e-02    2.61971e-01   -1.88061e-01    1.69586e+00    3.20601e-01   -1.34563e-01    3.61390e-03    8.54376e-01   -9.99999e-01    6.88367e-01    1.79434e+00    4.81953e-02    6.99676e+00   -1.11110e+04
-Nd_c +bu_c    2.36166e-02    2.61971e-01   -2.02379e-01    1.69586e+00    3.20601e-01    1.34565e-01    3.61390e-03    8.54376e-01   -9.99999e-01    6.88367e-01    1.79434e+00    4.81953e-02    6.99676e+00    6.33543e+03
-Nd_c -bu_c    2.36166e-02    2.61971e-01   -2.02379e-01    1.69586e+00    3.20601e-01   -1.34563e-01    3.61390e-03    8.54376e-01   -9.99999e-01    6.88367e-01    1.79434e+00    4.81953e-02    6.99676e+00   -1.11110e+04
+Nd_c +bd_c    2.36166e-02    2.61971e-01   -1.88061e-01    1.69586e+00    3.20601e-01    1.46831e-06    2.02050e-01    8.54376e-01   -9.99999e-01    6.88367e-01    1.79434e+00    4.81953e-02    6.99676e+00    1.04859e+06
+Nd_c -bd_c    2.36166e-02    2.61971e-01   -1.88061e-01    1.69586e+00    3.20601e-01    1.46831e-06   -1.94823e-01    8.54376e-01   -9.99999e-01    6.88367e-01    1.79434e+00    4.81953e-02    6.99676e+00    8.54955e+06
-Nd_c +bd_c    2.36166e-02    2.61971e-01   -2.02379e-01    1.69586e+00    3.20601e-01    1.46831e-06    2.02050e-01    8.54376e-01   -9.99999e-01    6.88367e-01    1.79434e+00    4.81953e-02    6.99676e+00    4.65793e+05
-Nd_c -bd_c    2.36166e-02    2.61971e-01   -2.02379e-01    1.69586e+00    3.20601e-01    1.46831e-06   -1.94823e-01    8.54376e-01   -9.99999e-01    6.88367e-01    1.79434e+00    4.81953e-02    6.99676e+00    7.43578e+06
+Nd_c +Nu_T    2.36166e-02    2.61971e-01   -1.88061e-01    1.69586e+00    3.20601e-01    1.46831e-06    3.61390e-03    9.40928e-01   -9.99999e-01    6.88367e-01    1.79434e+00    4.81953e-02    6.99676e+00    4.82605e+03
+Nd_c -Nu_T    2.36166e-02    2.61971e-01   -1.88061e-01    1.69586e+00    3.20601e-01    1.46831e-06    3.61390e-03    7.67824e-01   -9.99999e-01    6.88367e-01    1.79434e+00    4.81953e-02    6.99676e+00    2.16172e+05
-Nd_c +Nu_T    2.36166e-02    2.61971e-01   -2.02379e-01    1.69586e+00    3.20601e-01    1.46831e-06    3.61390e-03    9.40928e-01   -9.99999e-01    6.88367e-01    1.79434e+00    4.81953e-02    6.99676e+00    2.16905e+05
-Nd_c -Nu_T    2.36166e-02    2.61971e-01   -2.02379e-01    1.69586e+00    3.20601e-01    1.46831e-06    3.61390e-03    7.67824e-01   -9.99999e-01    6.88367e-01    1.79434e+00    4.81953e-02    6.99676e+00    4.61685e+03
+Nd_c +Nd_T    2.36166e-02    2.61971e-01   -1.88061e-01    1.69586e+00    3.20601e-01    1.46831e-06    3.61390e-03    8.54376e-01   -8.74845e-01    6.88367e-01    1.79434e+00    4.81953e-02    6.99676e+00    7.51971e+05
+Nd_c -Nd_T    2.36166e-02    2.61971e-01   -1.88061e-01    1.69586e+00    3.20601e-01    1.46831e-06    3.61390e-03    8.54376e-01   -1.12515e+00    6.88367e-01    1.79434e+00    4.81953e-02    6.99676e+00    2.15194e+05
-Nd_c +Nd_T    2.36166e-02    2.61971e-01   -2.02379e-01    1.69586e+00    3.20601e-01    1.46831e-06    3.61390e-03    8.54376e-01   -8.74845e-01    6.88367e-01    1.79434e+00    4.81953e-02    6.99676e+00    2.63973e+05
-Nd_c -Nd_T    2.36166e-02    2.61971e-01   -2.02379e-01    1.69586e+00    3.20601e-01    1.46831e-06    3.61390e-03    8.54376e-01   -1.12515e+00    6.88367e-01    1.79434e+00    4.81953e-02    6.99676e+00    8.43628e+05
+Nd_c +au_T    2.36166e-02    2.61971e-01   -1.88061e-01    1.69586e+00    3.20601e-01    1.46831e-06    3.61390e-03    8.54376e-01   -9.99999e-01    6.91077e-01    1.79434e+00    4.81953e-02    6.99676e+00    4.68170e+04
+Nd_c -au_T    2.36166e-02    2.61971e-01   -1.88061e-01    1.69586e+00    3.20601e-01    1.46831e-06    3.61390e-03    8.54376e-01   -9.99999e-01    6.85657e-01    1.79434e+00    4.81953e-02    6.99676e+00    3.67577e+04
-Nd_c +au_T    2.36166e-02    2.61971e-01   -2.02379e-01    1.69586e+00    3.20601e-01    1.46831e-06    3.61390e-03    8.54376e-01   -9.99999e-01    6.91077e-01    1.79434e+00    4.81953e-02    6.99676e+00    3.70249e+04
-Nd_c -au_T    2.36166e-02    2.61971e-01   -2.02379e-01    1.69586e+00    3.20601e-01    1.46831e-06    3.61390e-03    8.54376e-01   -9.99999e-01    6.85657e-01    1.79434e+00    4.81953e-02    6.99676e+00    4.71237e+04
+Nd_c +ad_T    2.36166e-02    2.61971e-01   -1.88061e-01    1.69586e+00    3.20601e-01    1.46831e-06    3.61390e-03    8.54376e-01   -9.99999e-01    6.88367e-01    1.83401e+00    4.81953e-02    6.99676e+00    6.20007e+04
+Nd_c -ad_T    2.36166e-02    2.61971e-01   -1.88061e-01    1.69586e+00    3.20601e-01    1.46831e-06    3.61390e-03    8.54376e-01   -9.99999e-01    6.88367e-01    1.75467e+00    4.81953e-02    6.99676e+00    2.65157e+04
-Nd_c +ad_T    2.36166e-02    2.61971e-01   -2.02379e-01    1.69586e+00    3.20601e-01    1.46831e-06    3.61390e-03    8.54376e-01   -9.99999e-01    6.88367e-01    1.83401e+00    4.81953e-02    6.99676e+00    2.46832e+04
-Nd_c -ad_T    2.36166e-02    2.61971e-01   -2.02379e-01    1.69586e+00    3.20601e-01    1.46831e-06    3.61390e-03    8.54376e-01   -9.99999e-01    6.88367e-01    1.75467e+00    4.81953e-02    6.99676e+00    6.22686e+04
+Nd_c +bu_T    2.36166e-02    2.61971e-01   -1.88061e-01    1.69586e+00    3.20601e-01    1.46831e-06    3.61390e-03    8.54376e-01   -9.99999e-01    6.88367e-01    1.79434e+00    5.06263e-02    6.99676e+00    3.54706e+04
+Nd_c -bu_T    2.36166e-02    2.61971e-01   -1.88061e-01    1.69586e+00    3.20601e-01    1.46831e-06    3.61390e-03    8.54376e-01   -9.99999e-01    6.88367e-01    1.79434e+00    4.57643e-02    6.99676e+00    4.84115e+04
-Nd_c +bu_T    2.36166e-02    2.61971e-01   -2.02379e-01    1.69586e+00    3.20601e-01    1.46831e-06    3.61390e-03    8.54376e-01   -9.99999e-01    6.88367e-01    1.79434e+00    5.06263e-02    6.99676e+00    4.86155e+04
-Nd_c -bu_T    2.36166e-02    2.61971e-01   -2.02379e-01    1.69586e+00    3.20601e-01    1.46831e-06    3.61390e-03    8.54376e-01   -9.99999e-01    6.88367e-01    1.79434e+00    4.57643e-02    6.99676e+00    3.56336e+04
+Nd_c +bd_T    2.36166e-02    2.61971e-01   -1.88061e-01    1.69586e+00    3.20601e-01    1.46831e-06    3.61390e-03    8.54376e-01   -9.99999e-01    6.88367e-01    1.79434e+00    4.81953e-02    7.16227e+00    2.80110e+04
+Nd_c -bd_T    2.36166e-02    2.61971e-01   -1.88061e-01    1.69586e+00    3.20601e-01    1.46831e-06    3.61390e-03    8.54376e-01   -9.99999e-01    6.88367e-01    1.79434e+00    4.81953e-02    6.83125e+00    5.99568e+04
-Nd_c +bd_T    2.36166e-02    2.61971e-01   -2.02379e-01    1.69586e+00    3.20601e-01    1.46831e-06    3.61390e-03    8.54376e-01   -9.99999e-01    6.88367e-01    1.79434e+00    4.81953e-02    7.16227e+00    5.97843e+04
-Nd_c -bd_T    2.36166e-02    2.61971e-01   -2.02379e-01    1.69586e+00    3.20601e-01    1.46831e-06    3.61390e-03    8.54376e-01   -9.99999e-01    6.88367e-01    1.79434e+00    4.81953e-02    6.83125e+00    2.60236e+04
+au_c +au_c    2.36166e-02    2.61971e-01   -1.95220e-01    1.70345e+00    3.20601e-01    1.46831e-06    3.61390e-03    8.54376e-01   -9.99999e-01    6.88367e-01    1.79434e+00    4.81953e-02    6.99676e+00    9.98952e+02
+au_c -au_c    2.36166e-02    2.61971e-01   -1.95220e-01    1.70345e+00    3.20601e-01    1.46831e-06    3.61390e-03    8.54376e-01   -9.99999e-01    6.88367e-01    1.79434e+00    4.81953e-02    6.99676e+00    9.98952e+02
-au_c +au_c    2.36166e-02    2.61971e-01   -1.95220e-01    1.68827e+00    3.20601e-01    1.46831e-06    3.61390e-03    8.54376e-01   -9.99999e-01    6.88367e-01    1.79434e+00    4.81953e-02    6.99676e+00    1.01842e+03
-au_c -au_c    2.36166e-02    2.61971e-01   -1.95220e-01    1.68827e+00    3.20601e-01    1.46831e-06    3.61390e-03    8.54376e-01   -9.99999e-01    6.88367e-01    1.79434e+00    4.81953e-02    6.99676e+00    1.01842e+03
+au_c +ad_c    2.36166e-02    2.61971e-01   -1.95220e-01    1.70345e+00    3.60717e-01    1.46831e-06    3.61390e-03    8.54376e-01   -9.99999e-01    6.88367e-01    1.79434e+00    4.81953e-02    6.99676e+00    1.89955e+04
+au_c -ad_c    2.36166e-02    2.61971e-01   -1.95220e-01    1.70345e+00    2.80485e-01    1.46831e-06    3.61390e-03    8.54376e-01   -9.99999e-01    6.88367e-01    1.79434e+00    4.81953e-02    6.99676e+00    1.41897e+04
-au_c +ad_c    2.36166e-02    2.61971e-01   -1.95220e-01    1.68827e+00    3.60717e-01    1.46831e-06    3.61390e-03    8.54376e-01   -9.99999e-01    6.88367e-01    1.79434e+00    4.81953e-02    6.99676e+00    1.34078e+04
-au_c -ad_c    2.36166e-02    2.61971e-01   -1.95220e-01    1.68827e+00    2.80485e-01    1.46831e-06    3.61390e-03    8.54376e-01   -9.99999e-01    6.88367e-01    1.79434e+00    4.81953e-02    6.99676e+00    1.99438e+04
+au_c +bu_c    2.36166e-02    2.61971e-01   -1.95220e-01    1.70345e+00    3.20601e-01    1.34565e-01    3.61390e-03    8.54376e-01   -9.99999e-01    6.88367e-01    1.79434e+00    4.81953e-02    6.99676e+00    8.16410e+04
+au_c -bu_c    2.36166e-02    2.61971e-01   -1.95220e-01    1.70345e+00    3.20601e-01   -1.34563e-01    3.61390e-03    8.54376e-01   -9.99999e-01    6.88367e-01    1.79434e+00    4.81953e-02    6.99676e+00   -1.11110e+04
-au_c +bu_c    2.36166e-02    2.61971e-01   -1.95220e-01    1.68827e+00    3.20601e-01    1.34565e-01    3.61390e-03    8.54376e-01   -9.99999e-01    6.88367e-01    1.79434e+00    4.81953e-02    6.99676e+00    7.04697e+04
-au_c -bu_c    2.36166e-02    2.61971e-01   -1.95220e-01    1.68827e+00    3.20601e-01   -1.34563e-01    3.61390e-03    8.54376e-01   -9.99999e-01    6.88367e-01    1.79434e+00    4.81953e-02    6.99676e+00   -1.11110e+04
+au_c +bd_c    2.36166e-02    2.61971e-01   -1.95220e-01    1.70345e+00    3.20601e-01    1.46831e-06    2.02050e-01    8.54376e-01   -9.99999e-01    6.88367e-01    1.79434e+00    4.81953e-02    6.99676e+00    7.47455e+05
+au_c -bd_c    2.36166e-02    2.61971e-01   -1.95220e-01    1.70345e+00    3.20601e-01    1.46831e-06   -1.94823e-01    8.54376e-01   -9.99999e-01    6.88367e-01    1.79434e+00    4.81953e-02    6.99676e+00    8.04721e+06
-au_c +bd_c    2.36166e-02    2.61971e-01   -1.95220e-01    1.68827e+00    3.20601e-01    1.46831e-06    2.02050e-01    8.54376e-01   -9.99999e-01    6.88367e-01    1.79434e+00    4.81953e-02    6.99676e+00    7.08651e+05
-au_c -bd_c    2.36166e-02    2.61971e-01   -1.95220e-01    1.68827e+00    3.20601e-01    1.46831e-06   -1.94823e-01    8.54376e-01   -9.99999e-01    6.88367e-01    1.79434e+00    4.81953e-02    6.99676e+00    7.91864e+06
+au_c +Nu_T    2.36166e-02    2.61971e-01   -1.95220e-01    1.70345e+00    3.20601e-01    1.46831e-06    3.61390e-03    9.40928e-01   -9.99999e-01    6.88367e-01    1.79434e+00    4.81953e-02    6.99676e+00    6.17493e+04
+au_c -Nu_T    2.36166e-02    2.61971e-01   -1.95220e-01    1.70345e+00    3.20601e-01    1.46831e-06    3.61390e-03    7.67824e-01   -9.99999e-01    6.88367e-01    1.79434e+00    4.81953e-02    6.99676e+00    7.49512e+04
-au_c +Nu_T    2.36166e-02    2.61971e-01   -1.95220e-01    1.68827e+00    3.20601e-01    1.46831e-06    3.61390e-03    9.40928e-01   -9.99999e-01    6.88367e-01    1.79434e+00    4.81953e-02    6.99676e+00    7.67314e+04
-au_c -Nu_T    2.36166e-02    2.61971e-01   -1.95220e-01    1.68827e+00    3.20601e-01    1.46831e-06    3.61390e-03    7.67824e-01   -9.99999e-01    6.88367e-01    1.79434e+00    4.81953e-02    6.99676e+00    6.42316e+04
+au_c +Nd_T    2.36166e-02    2.61971e-01   -1.95220e-01    1.70345e+00    3.20601e-01    1.46831e-06    3.61390e-03    8.54376e-01   -8.74845e-01    6.88367e-01    1.79434e+00    4.81953e-02    6.99676e+00    4.92548e+05
+au_c -Nd_T    2.36166e-02    2.61971e-01   -1.95220e-01    1.70345e+00    3.20601e-01    1.46831e-06    3.61390e-03    8.54376e-01   -1.12515e+00    6.88367e-01    1.79434e+00    4.81953e-02    6.99676e+00    4.62091e+05
-au_c +Nd_T    2.36166e-02    2.61971e-01   -1.95220e-01    1.68827e+00    3.20601e-01    1.46831e-06    3.61390e-03    8.54376e-01   -8.74845e-01    6.88367e-01    1.79434e+00    4.81953e-02    6.99676e+00    4.61168e+05
-au_c -Nd_T    2.36166e-02    2.61971e-01   -1.95220e-01    1.68827e+00    3.20601e-01    1.46831e-06    3.61390e-03    8.54376e-01   -1.12515e+00    6.88367e-01    1.79434e+00    4.81953e-02    6.99676e+00    4.93510e+05
+au_c +au_T    2.36166e-02    2.61971e-01   -1.95220e-01    1.70345e+00    3.20601e-01    1.46831e-06    3.61390e-03    8.54376e-01   -9.99999e-01    6.91077e-01    1.79434e+00    4.81953e-02    6.99676e+00    1.42437e+03
+au_c -au_T    2.36166e-02    2.61971e-01   -1.95220e-01    1.70345e+00    3.20601e-01    1.46831e-06    3.61390e-03    8.54376e-01   -9.99999e-01    6.85657e-01    1.79434e+00    4.81953e-02    6.99676e+00    8.81045e+02
-au_c +au_T    2.36166e-02    2.61971e-01   -1.95220e-01    1.68827e+00    3.20601e-01    1.46831e-06    3.61390e-03    8.54376e-01   -9.99999e-01    6.91077e-01    1.79434e+00    4.81953e-02    6.99676e+00    8.79689e+02
-au_c -au_T    2.36166e-02    2.61971e-01   -1.95220e-01    1.68827e+00    3.20601e-01    1.46831e-06    3.61390e-03    8.54376e-01   -9.99999e-01    6.85657e-01    1.79434e+00    4.81953e-02    6.99676e+00    1.47256e+03
+au_c +ad_T    2.36166e-02    2.61971e-01   -1.95220e-01    1.70345e+00    3.20601e-01    1.46831e-06    3.61390e-03    8.54376e-01   -9.99999e-01    6.88367e-01    1.83401e+00    4.81953e-02    6.99676e+00    4.31538e+03
+au_c -ad_T    2.36166e-02    2.61971e-01   -1.95220e-01    1.70345e+00    3.20601e-01    1.46831e-06    3.61390e-03    8.54376e-01   -9.99999e-01    6.88367e-01    1.75467e+00    4.81953e-02    6.99676e+00    1.98770e+03
-au_c +ad_T    2.36166e-02    2.61971e-01   -1.95220e-01    1.68827e+00    3.20601e-01    1.46831e-06    3.61390e-03    8.54376e-01   -9.99999e-01    6.88367e-01    1.83401e+00    4.81953e-02    6.99676e+00    2.21648e+03
-au_c -ad_T    2.36166e-02    2.61971e-01   -1.95220e-01    1.68827e+00    3.20601e-01    1.46831e-06    3.61390e-03    8.54376e-01   -9.99999e-01    6.88367e-01    1.75467e+00    4.81953e-02    6.99676e+00    3.97293e+03
+au_c +bu_T    2.36166e-02    2.61971e-01   -1.95220e-01    1.70345e+00    3.20601e-01    1.46831e-06    3.61390e-03    8.54376e-01   -9.99999e-01    6.88367e-01    1.79434e+00    5.06263e-02    6.99676e+00    9.04533e+02
+au_c -bu_T    2.36166e-02    2.61971e-01   -1.95220e-01    1.70345e+00    3.20601e-01    1.46831e-06    3.61390e-03    8.54376e-01   -9.99999e-01    6.88367e-01    1.79434e+00    4.57643e-02    6.99676e+00    1.60883e+03
-au_c +bu_T    2.36166e-02    2.61971e-01   -1.95220e-01    1.68827e+00    3.20601e-01    1.46831e-06    3.61390e-03    8.54376e-01   -9.99999e-01    6.88367e-01    1.79434e+00    5.06263e-02    6.99676e+00    1.65512e+03
-au_c -bu_T    2.36166e-02    2.61971e-01   -1.95220e-01    1.68827e+00    3.20601e-01    1.46831e-06    3.61390e-03    8.54376e-01   -9.99999e-01    6.88367e-01    1.79434e+00    4.57643e-02    6.99676e+00    8.97167e+02
+au_c +bd_T    2.36166e-02    2.61971e-01   -1.95220e-01    1.70345e+00    3.20601e-01    1.46831e-06    3.61390e-03    8.54376e-01   -9.99999e-01    6.88367e-01    1.79434e+00    4.81953e-02    7.16227e+00    1.67291e+03
+au_c -bd_T    2.36166e-02    2.61971e-01   -1.95220e-01    1.70345e+00    3.20601e-01    1.46831e-06    3.61390e-03    8.54376e-01   -9.99999e-01    6.88367e-01    1.79434e+00    4.81953e-02    6.83125e+00    3.80540e+03
-au_c +bd_T    2.36166e-02    2.61971e-01   -1.95220e-01    1.68827e+00    3.20601e-01    1.46831e-06    3.61390e-03    8.54376e-01   -9.99999e-01    6.88367e-01    1.79434e+00    4.81953e-02    7.16227e+00    3.43958e+03
-au_c -bd_T    2.36166e-02    2.61971e-01   -1.95220e-01    1.68827e+00    3.20601e-01    1.46831e-06    3.61390e-03    8.54376e-01   -9.99999e-01    6.88367e-01    1.79434e+00    4.81953e-02    6.83125e+00    1.89840e+03
+ad_c +ad_c    2.36166e-02    2.61971e-01   -1.95220e-01    1.69586e+00    3.60717e-01    1.46831e-06    3.61390e-03    8.54376e-01   -9.99999e-01    6.88367e-01    1.79434e+00    4.81953e-02    6.99676e+00    1.60784e+04
+ad_c -ad_c    2.36166e-02    2.61971e-01   -1.95220e-01    1.69586e+00    3.60717e-01    1.46831e-06    3.61390e-03    8.54376e-01   -9.99999e-01    6.88367e-01    1.79434e+00    4.81953e-02    6.99676e+00    1.60784e+04
-ad_c +ad_c    2.36166e-02    2.61971e-01   -1.95220e-01    1.69586e+00    2.80485e-01    1.46831e-06    3.61390e-03    8.54376e-01   -9.99999e-01    6.88367e-01    1.79434e+00    4.81953e-02    6.99676e+00    1.69296e+04
-ad_c -ad_c    2.36166e-02    2.61971e-01   -1.95220e-01    1.69586e+00    2.80485e-01    1.46831e-06    3.61390e-03    8.54376e-01   -9.99999e-01    6.88367e-01    1.79434e+00    4.81953e-02    6.99676e+00    1.69296e+04
+ad_c +bu_c    2.36166e-02    2.61971e-01   -1.95220e-01    1.69586e+00    3.60717e-01    1.34565e-01    3.61390e-03    8.54376e-01   -9.99999e-01    6.88367e-01    1.79434e+00    4.81953e-02    6.99676e+00    1.58489e+05
+ad_c -bu_c    2.36166e-02    2.61971e-01   -1.95220e-01    1.69586e+00    3.60717e-01   -1.34563e-01    3.61390e-03    8.54376e-01   -9.99999e-01    6.88367e-01    1.79434e+00    4.81953e-02    6.99676e+00   -1.11110e+04
-ad_c +bu_c    2.36166e-02    2.61971e-01   -1.95220e-01    1.69586e+00    2.80485e-01    1.34565e-01    3.61390e-03    8.54376e-01   -9.99999e-01    6.88367e-01    1.79434e+00    4.81953e-02    6.99676e+00    2.31405e+04
-ad_c -bu_c    2.36166e-02    2.61971e-01   -1.95220e-01    1.69586e+00    2.80485e-01   -1.34563e-01    3.61390e-03    8.54376e-01   -9.99999e-01    6.88367e-01    1.79434e+00    4.81953e-02    6.99676e+00   -1.11110e+04
+ad_c +bd_c    2.36166e-02    2.61971e-01   -1.95220e-01    1.69586e+00    3.60717e-01    1.46831e-06    2.02050e-01    8.54376e-01   -9.99999e-01    6.88367e-01    1.79434e+00    4.81953e-02    6.99676e+00    9.16813e+05
+ad_c -bd_c    2.36166e-02    2.61971e-01   -1.95220e-01    1.69586e+00    3.60717e-01    1.46831e-06   -1.94823e-01    8.54376e-01   -9.99999e-01    6.88367e-01    1.79434e+00    4.81953e-02    6.99676e+00    8.32822e+06
-ad_c +bd_c    2.36166e-02    2.61971e-01   -1.95220e-01    1.69586e+00    2.80485e-01    1.46831e-06    2.02050e-01    8.54376e-01   -9.99999e-01    6.88367e-01    1.79434e+00    4.81953e-02    6.99676e+00    5.57448e+05
-ad_c -bd_c    2.36166e-02    2.61971e-01   -1.95220e-01    1.69586e+00    2.80485e-01    1.46831e-06   -1.94823e-01    8.54376e-01   -9.99999e-01    6.88367e-01    1.79434e+00    4.81953e-02    6.99676e+00    7.63732e+06
+ad_c +Nu_T    2.36166e-02    2.61971e-01   -1.95220e-01    1.69586e+00    3.60717e-01    1.46831e-06    3.61390e-03    9.40928e-01   -9.99999e-01    6.88367e-01    1.79434e+00    4.81953e-02    6.99676e+00    2.06862e+04
+ad_c -Nu_T    2.36166e-02    2.61971e-01   -1.95220e-01    1.69586e+00    3.60717e-01    1.46831e-06    3.61390e-03    7.67824e-01   -9.99999e-01    6.88367e-01    1.79434e+00    4.81953e-02    6.99676e+00    1.49181e+05
-ad_c +Nu_T    2.36166e-02    2.61971e-01   -1.95220e-01    1.69586e+00    2.80485e-01    1.46831e-06    3.61390e-03    9.40928e-01   -9.99999e-01    6.88367e-01    1.79434e+00    4.81953e-02    6.99676e+00    1.51989e+05
-ad_c -Nu_T    2.36166e-02    2.61971e-01   -1.95220e-01    1.69586e+00    2.80485e-01    1.46831e-06    3.61390e-03    7.67824e-01   -9.99999e-01    6.88367e-01    1.79434e+00    4.81953e-02    6.99676e+00    1.95817e+04
+ad_c +Nd_T    2.36166e-02    2.61971e-01   -1.95220e-01    1.69586e+00    3.60717e-01    1.46831e-06    3.61390e-03    8.54376e-01   -8.74845e-01    6.88367e-01    1.79434e+00    4.81953e-02    6.99676e+00    6.37412e+05
+ad_c -Nd_T    2.36166e-02    2.61971e-01   -1.95220e-01    1.69586e+00    3.60717e-01    1.46831e-06    3.61390e-03    8.54376e-01   -1.12515e+00    6.88367e-01    1.79434e+00    4.81953e-02    6.99676e+00    3.05230e+05
-ad_c +Nd_T    2.36166e-02    2.61971e-01   -1.95220e-01    1.69586e+00    2.80485e-01    1.46831e-06    3.61390e-03    8.54376e-01   -8.74845e-01    6.88367e-01    1.79434e+00    4.81953e-02    6.99676e+00    3.36589e+05
-ad_c -Nd_T    2.36166e-02    2.61971e-01   -1.95220e-01    1.69586e+00    2.80485e-01    1.46831e-06    3.61390e-03    8.54376e-01   -1.12515e+00    6.88367e-01    1.79434e+00    4.81953e-02    6.99676e+00    6.94038e+05
+ad_c +au_T    2.36166e-02    2.61971e-01   -1.95220e-01    1.69586e+00    3.60717e-01    1.46831e-06    3.61390e-03    8.54376e-01   -9.99999e-01    6.91077e-01    1.79434e+00    4.81953e-02    6.99676e+00    1.92855e+04
+ad_c -au_T    2.36166e-02    2.61971e-01   -1.95220e-01    1.69586e+00    3.60717e-01    1.46831e-06    3.61390e-03    8.54376e-01   -9.99999e-01    6.85657e-01    1.79434e+00    4.81953e-02    6.99676e+00    1.31680e+04
-ad_c +au_T    2.36166e-02    2.61971e-01   -1.95220e-01    1.69586e+00    2.80485e-01    1.46831e-06    3.61390e-03    8.54376e-01   -9.99999e-01    6.91077e-01    1.79434e+00    4.81953e-02    6.99676e+00    1.39443e+04
-ad_c -au_T    2.36166e-02    2.61971e-01   -1.95220e-01    1.69586e+00    2.80485e-01    1.46831e-06    3.61390e-03    8.54376e-01   -9.99999e-01    6.85657e-01    1.79434e+00    4.81953e-02    6.99676e+00    2.02431e+04
+ad_c +ad_T    2.36166e-02    2.61971e-01   -1.95220e-01    1.69586e+00    3.60717e-01    1.46831e-06    3.61390e-03    8.54376e-01   -9.99999e-01    6.88367e-01    1.83401e+00    4.81953e-02    6.99676e+00    2.96459e+04
+ad_c -ad_T    2.36166e-02    2.61971e-01   -1.95220e-01    1.69586e+00    3.60717e-01    1.46831e-06    3.61390e-03    8.54376e-01   -9.99999e-01    6.88367e-01    1.75467e+00    4.81953e-02    6.99676e+00    7.39825e+03
-ad_c +ad_T    2.36166e-02    2.61971e-01   -1.95220e-01    1.69586e+00    2.80485e-01    1.46831e-06    3.61390e-03    8.54376e-01   -9.99999e-01    6.88367e-01    1.83401e+00    4.81953e-02    6.99676e+00    7.19950e+03
-ad_c -ad_T    2.36166e-02    2.61971e-01   -1.95220e-01    1.69586e+00    2.80485e-01    1.46831e-06    3.61390e-03    8.54376e-01   -9.99999e-01    6.88367e-01    1.75467e+00    4.81953e-02    6.99676e+00    3.01769e+04
+ad_c +bu_T    2.36166e-02    2.61971e-01   -1.95220e-01    1.69586e+00    3.60717e-01    1.46831e-06    3.61390e-03    8.54376e-01   -9.99999e-01    6.88367e-01    1.79434e+00    5.06263e-02    6.99676e+00    1.24248e+04
+ad_c -bu_T    2.36166e-02    2.61971e-01   -1.95220e-01    1.69586e+00    3.60717e-01    1.46831e-06    3.61390e-03    8.54376e-01   -9.99999e-01    6.88367e-01    1.79434e+00    4.57643e-02    6.99676e+00    2.02957e+04
-ad_c +bu_T    2.36166e-02    2.61971e-01   -1.95220e-01    1.69586e+00    2.80485e-01    1.46831e-06    3.61390e-03    8.54376e-01   -9.99999e-01    6.88367e-01    1.79434e+00    5.06263e-02    6.99676e+00    2.12107e+04
-ad_c -bu_T    2.36166e-02    2.61971e-01   -1.95220e-01    1.69586e+00    2.80485e-01    1.46831e-06    3.61390e-03    8.54376e-01   -9.99999e-01    6.88367e-01    1.79434e+00    4.57643e-02    6.99676e+00    1.31162e+04
+ad_c +bd_T    2.36166e-02    2.61971e-01   -1.95220e-01    1.69586e+00    3.60717e-01    1.46831e-06    3.61390e-03    8.54376e-01   -9.99999e-01    6.88367e-01    1.79434e+00    4.81953e-02    7.16227e+00    8.17571e+03
+ad_c -bd_T    2.36166e-02    2.61971e-01   -1.95220e-01    1.69586e+00    3.60717e-01    1.46831e-06    3.61390e-03    8.54376e-01   -9.99999e-01    6.88367e-01    1.79434e+00    4.81953e-02    6.83125e+00    2.81997e+04
-ad_c +bd_T    2.36166e-02    2.61971e-01   -1.95220e-01    1.69586e+00    2.80485e-01    1.46831e-06    3.61390e-03    8.54376e-01   -9.99999e-01    6.88367e-01    1.79434e+00    4.81953e-02    7.16227e+00    2.84887e+04
-ad_c -bd_T    2.36166e-02    2.61971e-01   -1.95220e-01    1.69586e+00    2.80485e-01    1.46831e-06    3.61390e-03    8.54376e-01   -9.99999e-01    6.88367e-01    1.79434e+00    4.81953e-02    6.83125e+00    7.86984e+03
+bu_c +bu_c    2.36166e-02    2.61971e-01   -1.95220e-01    1.69586e+00    3.20601e-01    1.34565e-01    3.61390e-03    8.54376e-01   -9.99999e-01    6.88367e-01    1.79434e+00    4.81953e-02    6.99676e+00    7.59638e+04
+bu_c -bu_c    2.36166e-02    2.61971e-01   -1.95220e-01    1.69586e+00    3.20601e-01    1.34565e-01    3.61390e-03    8.54376e-01   -9.99999e-01    6.88367e-01    1.79434e+00    4.81953e-02    6.99676e+00    7.59638e+04
-bu_c +bu_c    2.36166e-02    2.61971e-01   -1.95220e-01    1.69586e+00    3.20601e-01   -1.34563e-01    3.61390e-03    8.54376e-01   -9.99999e-01    6.88367e-01    1.79434e+00    4.81953e-02    6.99676e+00   -1.11110e+04
-bu_c -bu_c    2.36166e-02    2.61971e-01   -1.95220e-01    1.69586e+00    3.20601e-01   -1.34563e-01    3.61390e-03    8.54376e-01   -9.99999e-01    6.88367e-01    1.79434e+00    4.81953e-02    6.99676e+00   -1.11110e+04
+bu_c +bd_c    2.36166e-02    2.61971e-01   -1.95220e-01    1.69586e+00    3.20601e-01    1.34565e-01    2.02050e-01    8.54376e-01   -9.99999e-01    6.88367e-01    1.79434e+00    4.81953e-02    6.99676e+00    1.27053e+06
+bu_c -bd_c    2.36166e-02    2.61971e-01   -1.95220e-01    1.69586e+00    3.20601e-01    1.34565e-01   -1.94823e-01    8.54376e-01   -9.99999e-01    6.88367e-01    1.79434e+00    4.81953e-02    6.99676e+00    9.60615e+06
-bu_c +bd_c    2.36166e-02    2.61971e-01   -1.95220e-01    1.69586e+00    3.20601e-01   -1.34563e-01    2.02050e-01    8.54376e-01   -9.99999e-01    6.88367e-01    1.79434e+00    4.81953e-02    6.99676e+00   -1.11110e+04
-bu_c -bd_c    2.36166e-02    2.61971e-01   -1.95220e-01    1.69586e+00    3.20601e-01   -1.34563e-01   -1.94823e-01    8.54376e-01   -9.99999e-01    6.88367e-01    1.79434e+00    4.81953e-02    6.99676e+00   -1.11110e+04
+bu_c +Nu_T    2.36166e-02    2.61971e-01   -1.95220e-01    1.69586e+00    3.20601e-01    1.34565e-01    3.61390e-03    9.40928e-01   -9.99999e-01    6.88367e-01    1.79434e+00    4.81953e-02    6.99676e+00    2.45076e+03
+bu_c -Nu_T    2.36166e-02    2.61971e-01   -1.95220e-01    1.69586e+00    3.20601e-01    1.34565e-01    3.61390e-03    7.67824e-01   -9.99999e-01    6.88367e-01    1.79434e+00    4.81953e-02    6.99676e+00    2.59554e+05
-bu_c +Nu_T    2.36166e-02    2.61971e-01   -1.95220e-01    1.69586e+00    3.20601e-01   -1.34563e-01    3.61390e-03    9.40928e-01   -9.99999e-01    6.88367e-01    1.79434e+00    4.81953e-02    6.99676e+00   -1.11110e+04
-bu_c -Nu_T    2.36166e-02    2.61971e-01   -1.95220e-01    1.69586e+00    3.20601e-01   -1.34563e-01    3.61390e-03    7.67824e-01   -9.99999e-01    6.88367e-01    1.79434e+00    4.81953e-02    6.99676e+00   -1.11110e+04
+bu_c +Nd_T    2.36166e-02    2.61971e-01   -1.95220e-01    1.69586e+00    3.20601e-01    1.34565e-01    3.61390e-03    8.54376e-01   -8.74845e-01    6.88367e-01    1.79434e+00    4.81953e-02    6.99676e+00    9.29069e+05
+bu_c -Nd_T    2.36166e-02    2.61971e-01   -1.95220e-01    1.69586e+00    3.20601e-01    1.34565e-01    3.61390e-03    8.54376e-01   -1.12515e+00    6.88367e-01    1.79434e+00    4.81953e-02    6.99676e+00    1.75080e+05
-bu_c +Nd_T    2.36166e-02    2.61971e-01   -1.95220e-01    1.69586e+00    3.20601e-01   -1.34563e-01    3.61390e-03    8.54376e-01   -8.74845e-01    6.88367e-01    1.79434e+00    4.81953e-02    6.99676e+00   -1.11110e+04
-bu_c -Nd_T    2.36166e-02    2.61971e-01   -1.95220e-01    1.69586e+00    3.20601e-01   -1.34563e-01    3.61390e-03    8.54376e-01   -1.12515e+00    6.88367e-01    1.79434e+00    4.81953e-02    6.99676e+00   -1.11110e+04
+bu_c +au_T    2.36166e-02    2.61971e-01   -1.95220e-01    1.69586e+00    3.20601e-01    1.34565e-01    3.61390e-03    8.54376e-01   -9.99999e-01    6.91077e-01    1.79434e+00    4.81953e-02    6.99676e+00    8.21555e+04
+bu_c -au_T    2.36166e-02    2.61971e-01   -1.95220e-01    1.69586e+00    3.20601e-01    1.34565e-01    3.61390e-03    8.54376e-01   -9.99999e-01    6.85657e-01    1.79434e+00    4.81953e-02    6.99676e+00    6.99901e+04
-bu_c +au_T    2.36166e-02    2.61971e-01   -1.95220e-01    1.69586e+00    3.20601e-01   -1.34563e-01    3.61390e-03    8.54376e-01   -9.99999e-01    6.91077e-01    1.79434e+00    4.81953e-02    6.99676e+00   -1.11110e+04
-bu_c -au_T    2.36166e-02    2.61971e-01   -1.95220e-01    1.69586e+00    3.20601e-01   -1.34563e-01    3.61390e-03    8.54376e-01   -9.99999e-01    6.85657e-01    1.79434e+00    4.81953e-02    6.99676e+00   -1.11110e+04
+bu_c +ad_T    2.36166e-02    2.61971e-01   -1.95220e-01    1.69586e+00    3.20601e-01    1.34565e-01    3.61390e-03    8.54376e-01   -9.99999e-01    6.88367e-01    1.83401e+00    4.81953e-02    6.99676e+00    1.03665e+05
+bu_c -ad_T    2.36166e-02    2.61971e-01   -1.95220e-01    1.69586e+00    3.20601e-01    1.34565e-01    3.61390e-03    8.54376e-01   -9.99999e-01    6.88367e-01    1.75467e+00    4.81953e-02    6.99676e+00    5.43313e+04
-bu_c +ad_T    2.36166e-02    2.61971e-01   -1.95220e-01    1.69586e+00    3.20601e-01   -1.34563e-01    3.61390e-03    8.54376e-01   -9.99999e-01    6.88367e-01    1.83401e+00    4.81953e-02    6.99676e+00   -1.11110e+04
-bu_c -ad_T    2.36166e-02    2.61971e-01   -1.95220e-01    1.69586e+00    3.20601e-01   -1.34563e-01    3.61390e-03    8.54376e-01   -9.99999e-01    6.88367e-01    1.75467e+00    4.81953e-02    6.99676e+00   -1.11110e+04
+bu_c +bu_T    2.36166e-02    2.61971e-01   -1.95220e-01    1.69586e+00    3.20601e-01    1.34565e-01    3.61390e-03    8.54376e-01   -9.99999e-01    6.88367e-01    1.79434e+00    5.06263e-02    6.99676e+00    6.83553e+04
+bu_c -bu_T    2.36166e-02    2.61971e-01   -1.95220e-01    1.69586e+00    3.20601e-01    1.34565e-01    3.61390e-03    8.54376e-01   -9.99999e-01    6.88367e-01    1.79434e+00    4.57643e-02    6.99676e+00    8.40807e+04
-bu_c +bu_T    2.36166e-02    2.61971e-01   -1.95220e-01    1.69586e+00    3.20601e-01   -1.34563e-01    3.61390e-03    8.54376e-01   -9.99999e-01    6.88367e-01    1.79434e+00    5.06263e-02    6.99676e+00   -1.11110e+04
-bu_c -bu_T    2.36166e-02    2.61971e-01   -1.95220e-01    1.69586e+00    3.20601e-01   -1.34563e-01    3.61390e-03    8.54376e-01   -9.99999e-01    6.88367e-01    1.79434e+00    4.57643e-02    6.99676e+00   -1.11110e+04
+bu_c +bd_T    2.36166e-02    2.61971e-01   -1.95220e-01    1.69586e+00    3.20601e-01    1.34565e-01    3.61390e-03    8.54376e-01   -9.99999e-01    6.88367e-01    1.79434e+00    4.81953e-02    7.16227e+00    5.65251e+04
+bu_c -bd_T    2.36166e-02    2.61971e-01   -1.95220e-01    1.69586e+00    3.20601e-01    1.34565e-01    3.61390e-03    8.54376e-01   -9.99999e-01    6.88367e-01    1.79434e+00    4.81953e-02    6.83125e+00    1.00954e+05
-bu_c +bd_T    2.36166e-02    2.61971e-01   -1.95220e-01    1.69586e+00    3.20601e-01   -1.34563e-01    3.61390e-03    8.54376e-01   -9.99999e-01    6.88367e-01    1.79434e+00    4.81953e-02    7.16227e+00   -1.11110e+04
-bu_c -bd_T    2.36166e-02    2.61971e-01   -1.95220e-01    1.69586e+00    3.20601e-01   -1.34563e-01    3.61390e-03    8.54376e-01   -9.99999e-01    6.88367e-01    1.79434e+00    4.81953e-02    6.83125e+00   -1.11110e+04
+bd_c +bd_c    2.36166e-02    2.61971e-01   -1.95220e-01    1.69586e+00    3.20601e-01    1.46831e-06    2.02050e-01    8.54376e-01   -9.99999e-01    6.88367e-01    1.79434e+00    4.81953e-02    6.99676e+00    7.27967e+05
+bd_c -bd_c    2.36166e-02    2.61971e-01   -1.95220e-01    1.69586e+00    3.20601e-01    1.46831e-06    2.02050e-01    8.54376e-01   -9.99999e-01    6.88367e-01    1.79434e+00    4.81953e-02    6.99676e+00    7.27967e+05
-bd_c +bd_c    2.36166e-02    2.61971e-01   -1.95220e-01    1.69586e+00    3.20601e-01    1.46831e-06   -1.94823e-01    8.54376e-01   -9.99999e-01    6.88367e-01    1.79434e+00    4.81953e-02    6.99676e+00    7.98294e+06
-bd_c -bd_c    2.36166e-02    2.61971e-01   -1.95220e-01    1.69586e+00    3.20601e-01    1.46831e-06   -1.94823e-01    8.54376e-01   -9.99999e-01    6.88367e-01    1.79434e+00    4.81953e-02    6.99676e+00    7.98294e+06
+bd_c +Nu_T    2.36166e-02    2.61971e-01   -1.95220e-01    1.69586e+00    3.20601e-01    1.46831e-06    2.02050e-01    9.40928e-01   -9.99999e-01    6.88367e-01    1.79434e+00    4.81953e-02    6.99676e+00    3.49842e+05
+bd_c -Nu_T    2.36166e-02    2.61971e-01   -1.95220e-01    1.69586e+00    3.20601e-01    1.46831e-06    2.02050e-01    7.67824e-01   -9.99999e-01    6.88367e-01    1.79434e+00    4.81953e-02    6.99676e+00    1.24379e+06
-bd_c +Nu_T    2.36166e-02    2.61971e-01   -1.95220e-01    1.69586e+00    3.20601e-01    1.46831e-06   -1.94823e-01    9.40928e-01   -9.99999e-01    6.88367e-01    1.79434e+00    4.81953e-02    6.99676e+00    7.57401e+06
-bd_c -Nu_T    2.36166e-02    2.61971e-01   -1.95220e-01    1.69586e+00    3.20601e-01    1.46831e-06   -1.94823e-01    7.67824e-01   -9.99999e-01    6.88367e-01    1.79434e+00    4.81953e-02    6.99676e+00    8.31986e+06
+bd_c +Nd_T    2.36166e-02    2.61971e-01   -1.95220e-01    1.69586e+00    3.20601e-01    1.46831e-06    2.02050e-01    8.54376e-01   -8.74845e-01    6.88367e-01    1.79434e+00    4.81953e-02    6.99676e+00    2.06287e+06
+bd_c -Nd_T    2.36166e-02    2.61971e-01   -1.95220e-01    1.69586e+00    3.20601e-01    1.46831e-06    2.02050e-01    8.54376e-01   -1.12515e+00    6.88367e-01    1.79434e+00    4.81953e-02    6.99676e+00    7.38942e+04
-bd_c +Nd_T    2.36166e-02    2.61971e-01   -1.95220e-01    1.69586e+00    3.20601e-01    1.46831e-06   -1.94823e-01    8.54376e-01   -8.74845e-01    6.88367e-01    1.79434e+00    4.81953e-02    6.99676e+00    9.99689e+06
-bd_c -Nd_T    2.36166e-02    2.61971e-01   -1.95220e-01    1.69586e+00    3.20601e-01    1.46831e-06   -1.94823e-01    8.54376e-01   -1.12515e+00    6.88367e-01    1.79434e+00    4.81953e-02    6.99676e+00    6.19583e+06
+bd_c +au_T    2.36166e-02    2.61971e-01   -1.95220e-01    1.69586e+00    3.20601e-01    1.46831e-06    2.02050e-01    8.54376e-01   -9.99999e-01    6.91077e-01    1.79434e+00    4.81953e-02    6.99676e+00    7.49342e+05
+bd_c -au_T    2.36166e-02    2.61971e-01   -1.95220e-01    1.69586e+00    3.20601e-01    1.46831e-06    2.02050e-01    8.54376e-01   -9.99999e-01    6.85657e-01    1.79434e+00    4.81953e-02    6.99676e+00    7.06803e+05
-bd_c +au_T    2.36166e-02    2.61971e-01   -1.95220e-01    1.69586e+00    3.20601e-01    1.46831e-06   -1.94823e-01    8.54376e-01   -9.99999e-01    6.91077e-01    1.79434e+00    4.81953e-02    6.99676e+00    8.05340e+06
-bd_c -au_T    2.36166e-02    2.61971e-01   -1.95220e-01    1.69586e+00    3.20601e-01    1.46831e-06   -1.94823e-01    8.54376e-01   -9.99999e-01    6.85657e-01    1.79434e+00    4.81953e-02    6.99676e+00    7.91248e+06
+bd_c +ad_T    2.36166e-02    2.61971e-01   -1.95220e-01    1.69586e+00    3.20601e-01    1.46831e-06    2.02050e-01    8.54376e-01   -9.99999e-01    6.88367e-01    1.83401e+00    4.81953e-02    6.99676e+00    7.94744e+05
+bd_c -ad_T    2.36166e-02    2.61971e-01   -1.95220e-01    1.69586e+00    3.20601e-01    1.46831e-06    2.02050e-01    8.54376e-01   -9.99999e-01    6.88367e-01    1.75467e+00    4.81953e-02    6.99676e+00    6.68893e+05
-bd_c +ad_T    2.36166e-02    2.61971e-01   -1.95220e-01    1.69586e+00    3.20601e-01    1.46831e-06   -1.94823e-01    8.54376e-01   -9.99999e-01    6.88367e-01    1.83401e+00    4.81953e-02    6.99676e+00    8.09429e+06
-bd_c -ad_T    2.36166e-02    2.61971e-01   -1.95220e-01    1.69586e+00    3.20601e-01    1.46831e-06   -1.94823e-01    8.54376e-01   -9.99999e-01    6.88367e-01    1.75467e+00    4.81953e-02    6.99676e+00    7.88193e+06
+bd_c +bu_T    2.36166e-02    2.61971e-01   -1.95220e-01    1.69586e+00    3.20601e-01    1.46831e-06    2.02050e-01    8.54376e-01   -9.99999e-01    6.88367e-01    1.79434e+00    5.06263e-02    6.99676e+00    7.01036e+05
+bd_c -bu_T    2.36166e-02    2.61971e-01   -1.95220e-01    1.69586e+00    3.20601e-01    1.46831e-06    2.02050e-01    8.54376e-01   -9.99999e-01    6.88367e-01    1.79434e+00    4.57643e-02    6.99676e+00    7.55751e+05
-bd_c +bu_T    2.36166e-02    2.61971e-01   -1.95220e-01    1.69586e+00    3.20601e-01    1.46831e-06   -1.94823e-01    8.54376e-01   -9.99999e-01    6.88367e-01    1.79434e+00    5.06263e-02    6.99676e+00    7.89314e+06
-bd_c -bu_T    2.36166e-02    2.61971e-01   -1.95220e-01    1.69586e+00    3.20601e-01    1.46831e-06   -1.94823e-01    8.54376e-01   -9.99999e-01    6.88367e-01    1.79434e+00    4.57643e-02    6.99676e+00    8.07439e+06
+bd_c +bd_T    2.36166e-02    2.61971e-01   -1.95220e-01    1.69586e+00    3.20601e-01    1.46831e-06    2.02050e-01    8.54376e-01   -9.99999e-01    6.88367e-01    1.79434e+00    4.81953e-02    7.16227e+00    6.75170e+05
+bd_c -bd_T    2.36166e-02    2.61971e-01   -1.95220e-01    1.69586e+00    3.20601e-01    1.46831e-06    2.02050e-01    8.54376e-01   -9.99999e-01    6.88367e-01    1.79434e+00    4.81953e-02    6.83125e+00    7.88747e+05
-bd_c +bd_T    2.36166e-02    2.61971e-01   -1.95220e-01    1.69586e+00    3.20601e-01    1.46831e-06   -1.94823e-01    8.54376e-01   -9.99999e-01    6.88367e-01    1.79434e+00    4.81953e-02    7.16227e+00    7.89186e+06
-bd_c -bd_T    2.36166e-02    2.61971e-01   -1.95220e-01    1.69586e+00    3.20601e-01    1.46831e-06   -1.94823e-01    8.54376e-01   -9.99999e-01    6.88367e-01    1.79434e+00    4.81953e-02    6.83125e+00    8.08570e+06
+Nu_T +Nu_T    2.36166e-02    2.61971e-01   -1.95220e-01    1.69586e+00    3.20601e-01    1.46831e-06    3.61390e-03    9.40928e-01   -9.99999e-01    6.88367e-01    1.79434e+00    4.81953e-02    6.99676e+00    6.99698e+04
+Nu_T -Nu_T    2.36166e-02    2.61971e-01   -1.95220e-01    1.69586e+00    3.20601e-01    1.46831e-06    3.61390e-03    9.40928e-01   -9.99999e-01    6.88367e-01    1.79434e+00    4.81953e-02    6.99676e+00    6.99698e+04
-Nu_T +Nu_T    2.36166e-02    2.61971e-01   -1.95220e-01    1.69586e+00    3.20601e-01    1.46831e-06    3.61390e-03    7.67824e-01   -9.99999e-01    6.88367e-01    1.79434e+00    4.81953e-02    6.99676e+00    6.94986e+04
-Nu_T -Nu_T    2.36166e-02    2.61971e-01   -1.95220e-01    1.69586e+00    3.20601e-01    1.46831e-06    3.61390e-03    7.67824e-01   -9.99999e-01    6.88367e-01    1.79434e+00    4.81953e-02    6.99676e+00    6.94986e+04
+Nu_T +Nd_T    2.36166e-02    2.61971e-01   -1.95220e-01    1.69586e+00    3.20601e-01    1.46831e-06    3.61390e-03    9.40928e-01   -8.74845e-01    6.88367e-01    1.79434e+00    4.81953e-02    6.99676e+00    1.84398e+05
+Nu_T -Nd_T    2.36166e-02    2.61971e-01   -1.95220e-01    1.69586e+00    3.20601e-01    1.46831e-06    3.61390e-03    9.40928e-01   -1.12515e+00    6.88367e-01    1.79434e+00    4.81953e-02    6.99676e+00    9.08166e+05
-Nu_T +Nd_T    2.36166e-02    2.61971e-01   -1.95220e-01    1.69586e+00    3.20601e-01    1.46831e-06    3.61390e-03    7.67824e-01   -8.74845e-01    6.88367e-01    1.79434e+00    4.81953e-02    6.99676e+00    9.06834e+05
-Nu_T -Nd_T    2.36166e-02    2.61971e-01   -1.95220e-01    1.69586e+00    3.20601e-01    1.46831e-06    3.61390e-03    7.67824e-01   -1.12515e+00    6.88367e-01    1.79434e+00    4.81953e-02    6.99676e+00    1.84810e+05
+Nu_T +au_T    2.36166e-02    2.61971e-01   -1.95220e-01    1.69586e+00    3.20601e-01    1.46831e-06    3.61390e-03    9.40928e-01   -9.99999e-01    6.91077e-01    1.79434e+00    4.81953e-02    6.99676e+00    6.29546e+04
+Nu_T -au_T    2.36166e-02    2.61971e-01   -1.95220e-01    1.69586e+00    3.20601e-01    1.46831e-06    3.61390e-03    9.40928e-01   -9.99999e-01    6.85657e-01    1.79434e+00    4.81953e-02    6.99676e+00    7.73970e+04
-Nu_T +au_T    2.36166e-02    2.61971e-01   -1.95220e-01    1.69586e+00    3.20601e-01    1.46831e-06    3.61390e-03    7.67824e-01   -9.99999e-01    6.91077e-01    1.79434e+00    4.81953e-02    6.99676e+00    7.54843e+04
-Nu_T -au_T    2.36166e-02    2.61971e-01   -1.95220e-01    1.69586e+00    3.20601e-01    1.46831e-06    3.61390e-03    7.67824e-01   -9.99999e-01    6.85657e-01    1.79434e+00    4.81953e-02    6.99676e+00    6.37365e+04
+Nu_T +ad_T    2.36166e-02    2.61971e-01   -1.95220e-01    1.69586e+00    3.20601e-01    1.46831e-06    3.61390e-03    9.40928e-01   -9.99999e-01    6.88367e-01    1.83401e+00    4.81953e-02    6.99676e+00    4.78621e+04
+Nu_T -ad_T    2.36166e-02    2.61971e-01   -1.95220e-01    1.69586e+00    3.20601e-01    1.46831e-06    3.61390e-03    9.40928e-01   -9.99999e-01    6.88367e-01    1.75467e+00    4.81953e-02    6.99676e+00    9.45498e+04
-Nu_T +ad_T    2.36166e-02    2.61971e-01   -1.95220e-01    1.69586e+00    3.20601e-01    1.46831e-06    3.61390e-03    7.67824e-01   -9.99999e-01    6.88367e-01    1.83401e+00    4.81953e-02    6.99676e+00    9.61251e+04
-Nu_T -ad_T    2.36166e-02    2.61971e-01   -1.95220e-01    1.69586e+00    3.20601e-01    1.46831e-06    3.61390e-03    7.67824e-01   -9.99999e-01    6.88367e-01    1.75467e+00    4.81953e-02    6.99676e+00    4.88579e+04
+Nu_T +bu_T    2.36166e-02    2.61971e-01   -1.95220e-01    1.69586e+00    3.20601e-01    1.46831e-06    3.61390e-03    9.40928e-01   -9.99999e-01    6.88367e-01    1.79434e+00    5.06263e-02    6.99676e+00    7.95171e+04
+Nu_T -bu_T    2.36166e-02    2.61971e-01   -1.95220e-01    1.69586e+00    3.20601e-01    1.46831e-06    3.61390e-03    9.40928e-01   -9.99999e-01    6.88367e-01    1.79434e+00    4.57643e-02    6.99676e+00    6.09337e+04
-Nu_T +bu_T    2.36166e-02    2.61971e-01   -1.95220e-01    1.69586e+00    3.20601e-01    1.46831e-06    3.61390e-03    7.67824e-01   -9.99999e-01    6.88367e-01    1.79434e+00    5.06263e-02    6.99676e+00    6.21905e+04
-Nu_T -bu_T    2.36166e-02    2.61971e-01   -1.95220e-01    1.69586e+00    3.20601e-01    1.46831e-06    3.61390e-03    7.67824e-01   -9.99999e-01    6.88367e-01    1.79434e+00    4.57643e-02    6.99676e+00    7.73159e+04
+Nu_T +bd_T    2.36166e-02    2.61971e-01   -1.95220e-01    1.69586e+00    3.20601e-01    1.46831e-06    3.61390e-03    9.40928e-01   -9.99999e-01    6.88367e-01    1.79434e+00    4.81953e-02    7.16227e+00    9.16164e+04
+Nu_T -bd_T    2.36166e-02    2.61971e-01   -1.95220e-01    1.69586e+00    3.20601e-01    1.46831e-06    3.61390e-03    9.40928e-01   -9.99999e-01    6.88367e-01    1.79434e+00    4.81953e-02    6.83125e+00    4.96508e+04
-Nu_T +bd_T    2.36166e-02    2.61971e-01   -1.95220e-01    1.69586e+00    3.20601e-01    1.46831e-06    3.61390e-03    7.67824e-01   -9.99999e-01    6.88367e-01    1.79434e+00    4.81953e-02    7.16227e+00    5.09435e+04
-Nu_T -bd_T    2.36166e-02    2.61971e-01   -1.95220e-01    1.69586e+00    3.20601e-01    1.46831e-06    3.61390e-03    7.67824e-01   -9.99999e-01    6.88367e-01    1.79434e+00    4.81953e-02    6.83125e+00    9.35079e+04
+Nd_T +Nd_T    2.36166e-02    2.61971e-01   -1.95220e-01    1.69586e+00    3.20601e-01    1.46831e-06    3.61390e-03    8.54376e-01   -8.74845e-01    6.88367e-01    1.79434e+00    4.81953e-02    6.99676e+00    4.76763e+05
+Nd_T -Nd_T    2.36166e-02    2.61971e-01   -1.95220e-01    1.69586e+00    3.20601e-01    1.46831e-06    3.61390e-03    8.54376e-01   -8.74845e-01    6.88367e-01    1.79434e+00    4.81953e-02    6.99676e+00    4.76763e+05
-Nd_T +Nd_T    2.36166e-02    2.61971e-01   -1.95220e-01    1.69586e+00    3.20601e-01    1.46831e-06    3.61390e-03    8.54376e-01   -1.12515e+00    6.88367e-01    1.79434e+00    4.81953e-02    6.99676e+00    4.77636e+05
-Nd_T -Nd_T    2.36166e-02    2.61971e-01   -1.95220e-01    1.69586e+00    3.20601e-01    1.46831e-06    3.61390e-03    8.54376e-01   -1.12515e+00    6.88367e-01    1.79434e+00    4.81953e-02    6.99676e+00    4.77636e+05
+Nd_T +au_T    2.36166e-02    2.61971e-01   -1.95220e-01    1.69586e+00    3.20601e-01    1.46831e-06    3.61390e-03    8.54376e-01   -8.74845e-01    6.91077e-01    1.79434e+00    4.81953e-02    6.99676e+00    4.94070e+05
+Nd_T -au_T    2.36166e-02    2.61971e-01   -1.95220e-01    1.69586e+00    3.20601e-01    1.46831e-06    3.61390e-03    8.54376e-01   -8.74845e-01    6.85657e-01    1.79434e+00    4.81953e-02    6.99676e+00    4.59687e+05
-Nd_T +au_T    2.36166e-02    2.61971e-01   -1.95220e-01    1.69586e+00    3.20601e-01    1.46831e-06    3.61390e-03    8.54376e-01   -1.12515e+00    6.91077e-01    1.79434e+00    4.81953e-02    6.99676e+00    4.60621e+05
-Nd_T -au_T    2.36166e-02    2.61971e-01   -1.95220e-01    1.69586e+00    3.20601e-01    1.46831e-06    3.61390e-03    8.54376e-01   -1.12515e+00    6.85657e-01    1.79434e+00    4.81953e-02    6.99676e+00    4.95044e+05
+Nd_T +ad_T    2.36166e-02    2.61971e-01   -1.95220e-01    1.69586e+00    3.20601e-01    1.46831e-06    3.61390e-03    8.54376e-01   -8.74845e-01    6.88367e-01    1.83401e+00    4.81953e-02    6.99676e+00    5.35088e+05
+Nd_T -ad_T    2.36166e-02    2.61971e-01   -1.95220e-01    1.69586e+00    3.20601e-01    1.46831e-06    3.61390e-03    8.54376e-01   -8.74845e-01    6.88367e-01    1.75467e+00    4.81953e-02    6.99676e+00    4.25720e+05
-Nd_T +ad_T    2.36166e-02    2.61971e-01   -1.95220e-01    1.69586e+00    3.20601e-01    1.46831e-06    3.61390e-03    8.54376e-01   -1.12515e+00    6.88367e-01    1.83401e+00    4.81953e-02    6.99676e+00    4.07711e+05
-Nd_T -ad_T    2.36166e-02    2.61971e-01   -1.95220e-01    1.69586e+00    3.20601e-01    1.46831e-06    3.61390e-03    8.54376e-01   -1.12515e+00    6.88367e-01    1.75467e+00    4.81953e-02    6.99676e+00    5.47717e+05
+Nd_T +bu_T    2.36166e-02    2.61971e-01   -1.95220e-01    1.69586e+00    3.20601e-01    1.46831e-06    3.61390e-03    8.54376e-01   -8.74845e-01    6.88367e-01    1.79434e+00    5.06263e-02    6.99676e+00    4.55047e+05
+Nd_T -bu_T    2.36166e-02    2.61971e-01   -1.95220e-01    1.69586e+00    3.20601e-01    1.46831e-06    3.61390e-03    8.54376e-01   -8.74845e-01    6.88367e-01    1.79434e+00    4.57643e-02    6.99676e+00    4.99267e+05
-Nd_T +bu_T    2.36166e-02    2.61971e-01   -1.95220e-01    1.69586e+00    3.20601e-01    1.46831e-06    3.61390e-03    8.54376e-01   -1.12515e+00    6.88367e-01    1.79434e+00    5.06263e-02    6.99676e+00    4.99889e+05
-Nd_T -bu_T    2.36166e-02    2.61971e-01   -1.95220e-01    1.69586e+00    3.20601e-01    1.46831e-06    3.61390e-03    8.54376e-01   -1.12515e+00    6.88367e-01    1.79434e+00    4.57643e-02    6.99676e+00    4.55627e+05
+Nd_T +bd_T    2.36166e-02    2.61971e-01   -1.95220e-01    1.69586e+00    3.20601e-01    1.46831e-06    3.61390e-03    8.54376e-01   -8.74845e-01    6.88367e-01    1.79434e+00    4.81953e-02    7.16227e+00    4.31248e+05
+Nd_T -bd_T    2.36166e-02    2.61971e-01   -1.95220e-01    1.69586e+00    3.20601e-01    1.46831e-06    3.61390e-03    8.54376e-01   -8.74845e-01    6.88367e-01    1.79434e+00    4.81953e-02    6.83125e+00    5.29628e+05
-Nd_T +bd_T    2.36166e-02    2.61971e-01   -1.95220e-01    1.69586e+00    3.20601e-01    1.46831e-06    3.61390e-03    8.54376e-01   -1.12515e+00    6.88367e-01    1.79434e+00    4.81953e-02    7.16227e+00    5.39651e+05
-Nd_T -bd_T    2.36166e-02    2.61971e-01   -1.95220e-01    1.69586e+00    3.20601e-01    1.46831e-06    3.61390e-03    8.54376e-01   -1.12515e+00    6.88367e-01    1.79434e+00    4.81953e-02    6.83125e+00    4.13800e+05
+au_T +au_T    2.36166e-02    2.61971e-01   -1.95220e-01    1.69586e+00    3.20601e-01    1.46831e-06    3.61390e-03    8.54376e-01   -9.99999e-01    6.91077e-01    1.79434e+00    4.81953e-02    6.99676e+00    1.02418e+03
+au_T -au_T    2.36166e-02    2.61971e-01   -1.95220e-01    1.69586e+00    3.20601e-01    1.46831e-06    3.61390e-03    8.54376e-01   -9.99999e-01    6.91077e-01    1.79434e+00    4.81953e-02    6.99676e+00    1.02418e+03
-au_T +au_T    2.36166e-02    2.61971e-01   -1.95220e-01    1.69586e+00    3.20601e-01    1.46831e-06    3.61390e-03    8.54376e-01   -9.99999e-01    6.85657e-01    1.79434e+00    4.81953e-02    6.99676e+00    1.04527e+03
-au_T -au_T    2.36166e-02    2.61971e-01   -1.95220e-01    1.69586e+00    3.20601e-01    1.46831e-06    3.61390e-03    8.54376e-01   -9.99999e-01    6.85657e-01    1.79434e+00    4.81953e-02    6.99676e+00    1.04527e+03
+au_T +ad_T    2.36166e-02    2.61971e-01   -1.95220e-01    1.69586e+00    3.20601e-01    1.46831e-06    3.61390e-03    8.54376e-01   -9.99999e-01    6.91077e-01    1.83401e+00    4.81953e-02    6.99676e+00    4.44508e+03
+au_T -ad_T    2.36166e-02    2.61971e-01   -1.95220e-01    1.69586e+00    3.20601e-01    1.46831e-06    3.61390e-03    8.54376e-01   -9.99999e-01    6.91077e-01    1.75467e+00    4.81953e-02    6.99676e+00    1.91564e+03
-au_T +ad_T    2.36166e-02    2.61971e-01   -1.95220e-01    1.69586e+00    3.20601e-01    1.46831e-06    3.61390e-03    8.54376e-01   -9.99999e-01    6.85657e-01    1.83401e+00    4.81953e-02    6.99676e+00    2.13809e+03
-au_T -ad_T    2.36166e-02    2.61971e-01   -1.95220e-01    1.69586e+00    3.20601e-01    1.46831e-06    3.61390e-03    8.54376e-01   -9.99999e-01    6.85657e-01    1.75467e+00    4.81953e-02    6.99676e+00    4.09777e+03
+au_T +bu_T    2.36166e-02    2.61971e-01   -1.95220e-01    1.69586e+00    3.20601e-01    1.46831e-06    3.61390e-03    8.54376e-01   -9.99999e-01    6.91077e-01    1.79434e+00    5.06263e-02    6.99676e+00    8.95288e+02
+au_T -bu_T    2.36166e-02    2.61971e-01   -1.95220e-01    1.69586e+00    3.20601e-01    1.46831e-06    3.61390e-03    8.54376e-01   -9.99999e-01    6.91077e-01    1.79434e+00    4.57643e-02    6.99676e+00    1.66990e+03
-au_T +bu_T    2.36166e-02    2.61971e-01   -1.95220e-01    1.69586e+00    3.20601e-01    1.46831e-06    3.61390e-03    8.54376e-01   -9.99999e-01    6.85657e-01    1.79434e+00    5.06263e-02    6.99676e+00    1.71618e+03
-au_T -bu_T    2.36166e-02    2.61971e-01   -1.95220e-01    1.69586e+00    3.20601e-01    1.46831e-06    3.61390e-03    8.54376e-01   -9.99999e-01    6.85657e-01    1.79434e+00    4.57643e-02    6.99676e+00    8.88343e+02
+au_T +bd_T    2.36166e-02    2.61971e-01   -1.95220e-01    1.69586e+00    3.20601e-01    1.46831e-06    3.61390e-03    8.54376e-01   -9.99999e-01    6.91077e-01    1.79434e+00    4.81953e-02    7.16227e+00    1.61184e+03
+au_T -bd_T    2.36166e-02    2.61971e-01   -1.95220e-01    1.69586e+00    3.20601e-01    1.46831e-06    3.61390e-03    8.54376e-01   -9.99999e-01    6.91077e-01    1.79434e+00    4.81953e-02    6.83125e+00    3.92538e+03
-au_T +bd_T    2.36166e-02    2.61971e-01   -1.95220e-01    1.69586e+00    3.20601e-01    1.46831e-06    3.61390e-03    8.54376e-01   -9.99999e-01    6.85657e-01    1.79434e+00    4.81953e-02    7.16227e+00    3.55334e+03
-au_T -bd_T    2.36166e-02    2.61971e-01   -1.95220e-01    1.69586e+00    3.20601e-01    1.46831e-06    3.61390e-03    8.54376e-01   -9.99999e-01    6.85657e-01    1.79434e+00    4.81953e-02    6.83125e+00    1.82973e+03
+ad_T +ad_T    2.36166e-02    2.61971e-01   -1.95220e-01    1.69586e+00    3.20601e-01    1.46831e-06    3.61390e-03    8.54376e-01   -9.99999e-01    6.88367e-01    1.83401e+00    4.81953e-02    6.99676e+00    3.13862e+03
+ad_T -ad_T    2.36166e-02    2.61971e-01   -1.95220e-01    1.69586e+00    3.20601e-01    1.46831e-06    3.61390e-03    8.54376e-01   -9.99999e-01    6.88367e-01    1.83401e+00    4.81953e-02    6.99676e+00    3.13862e+03
-ad_T +ad_T    2.36166e-02    2.61971e-01   -1.95220e-01    1.69586e+00    3.20601e-01    1.46831e-06    3.61390e-03    8.54376e-01   -9.99999e-01    6.88367e-01    1.75467e+00    4.81953e-02    6.99676e+00    2.84843e+03
-ad_T -ad_T    2.36166e-02    2.61971e-01   -1.95220e-01    1.69586e+00    3.20601e-01    1.46831e-06    3.61390e-03    8.54376e-01   -9.99999e-01    6.88367e-01    1.75467e+00    4.81953e-02    6.99676e+00    2.84843e+03
+ad_T +bu_T    2.36166e-02    2.61971e-01   -1.95220e-01    1.69586e+00    3.20601e-01    1.46831e-06    3.61390e-03    8.54376e-01   -9.99999e-01    6.88367e-01    1.83401e+00    5.06263e-02    6.99676e+00    1.92452e+03
+ad_T -bu_T    2.36166e-02    2.61971e-01   -1.95220e-01    1.69586e+00    3.20601e-01    1.46831e-06    3.61390e-03    8.54376e-01   -9.99999e-01    6.88367e-01    1.83401e+00    4.57643e-02    6.99676e+00    4.88649e+03
-ad_T +bu_T    2.36166e-02    2.61971e-01   -1.95220e-01    1.69586e+00    3.20601e-01    1.46831e-06    3.61390e-03    8.54376e-01   -9.99999e-01    6.88367e-01    1.75467e+00    5.06263e-02    6.99676e+00    4.49311e+03
-ad_T -bu_T    2.36166e-02    2.61971e-01   -1.95220e-01    1.69586e+00    3.20601e-01    1.46831e-06    3.61390e-03    8.54376e-01   -9.99999e-01    6.88367e-01    1.75467e+00    4.57643e-02    6.99676e+00    1.70219e+03
+ad_T +bd_T    2.36166e-02    2.61971e-01   -1.95220e-01    1.69586e+00    3.20601e-01    1.46831e-06    3.61390e-03    8.54376e-01   -9.99999e-01    6.88367e-01    1.83401e+00    4.81953e-02    7.16227e+00    9.12901e+02
+ad_T -bd_T    2.36166e-02    2.61971e-01   -1.95220e-01    1.69586e+00    3.20601e-01    1.46831e-06    3.61390e-03    8.54376e-01   -9.99999e-01    6.88367e-01    1.83401e+00    4.81953e-02    6.83125e+00    9.72470e+03
-ad_T +bd_T    2.36166e-02    2.61971e-01   -1.95220e-01    1.69586e+00    3.20601e-01    1.46831e-06    3.61390e-03    8.54376e-01   -9.99999e-01    6.88367e-01    1.75467e+00    4.81953e-02    7.16227e+00    7.27356e+03
-ad_T -bd_T    2.36166e-02    2.61971e-01   -1.95220e-01    1.69586e+00    3.20601e-01    1.46831e-06    3.61390e-03    8.54376e-01   -9.99999e-01    6.88367e-01    1.75467e+00    4.81953e-02    6.83125e+00    9.02268e+02
+bu_T +bu_T    2.36166e-02    2.61971e-01   -1.95220e-01    1.69586e+00    3.20601e-01    1.46831e-06    3.61390e-03    8.54376e-01   -9.99999e-01    6.88367e-01    1.79434e+00    5.06263e-02    6.99676e+00    1.14773e+03
+bu_T -bu_T    2.36166e-02    2.61971e-01   -1.95220e-01    1.69586e+00    3.20601e-01    1.46831e-06    3.61390e-03    8.54376e-01   -9.99999e-01    6.88367e-01    1.79434e+00    5.06263e-02    6.99676e+00    1.14773e+03
-bu_T +bu_T    2.36166e-02    2.61971e-01   -1.95220e-01    1.69586e+00    3.20601e-01    1.46831e-06    3.61390e-03    8.54376e-01   -9.99999e-01    6.88367e-01    1.79434e+00    4.57643e-02    6.99676e+00    1.12574e+03
-bu_T -bu_T    2.36166e-02    2.61971e-01   -1.95220e-01    1.69586e+00    3.20601e-01    1.46831e-06    3.61390e-03    8.54376e-01   -9.99999e-01    6.88367e-01    1.79434e+00    4.57643e-02    6.99676e+00    1.12574e+03
+bu_T +bd_T    2.36166e-02    2.61971e-01   -1.95220e-01    1.69586e+00    3.20601e-01    1.46831e-06    3.61390e-03    8.54376e-01   -9.99999e-01    6.88367e-01    1.79434e+00    5.06263e-02    7.16227e+00    3.91655e+03
+bu_T -bd_T    2.36166e-02    2.61971e-01   -1.95220e-01    1.69586e+00    3.20601e-01    1.46831e-06    3.61390e-03    8.54376e-01   -9.99999e-01    6.88367e-01    1.79434e+00    5.06263e-02    6.83125e+00    1.64433e+03
-bu_T +bd_T    2.36166e-02    2.61971e-01   -1.95220e-01    1.69586e+00    3.20601e-01    1.46831e-06    3.61390e-03    8.54376e-01   -9.99999e-01    6.88367e-01    1.79434e+00    4.57643e-02    7.16227e+00    1.43299e+03
-bu_T -bd_T    2.36166e-02    2.61971e-01   -1.95220e-01    1.69586e+00    3.20601e-01    1.46831e-06    3.61390e-03    8.54376e-01   -9.99999e-01    6.88367e-01    1.79434e+00    4.57643e-02    6.83125e+00    4.33646e+03
+bd_T +bd_T    2.36166e-02    2.61971e-01   -1.95220e-01    1.69586e+00    3.20601e-01    1.46831e-06    3.61390e-03    8.54376e-01   -9.99999e-01    6.88367e-01    1.79434e+00    4.81953e-02    7.16227e+00    2.42460e+03
+bd_T -bd_T    2.36166e-02    2.61971e-01   -1.95220e-01    1.69586e+00    3.20601e-01    1.46831e-06    3.61390e-03    8.54376e-01   -9.99999e-01    6.88367e-01    1.79434e+00    4.81953e-02    7.16227e+00    2.42460e+03
-bd_T +bd_T    2.36166e-02    2.61971e-01   -1.95220e-01    1.69586e+00    3.20601e-01    1.46831e-06    3.61390e-03    8.54376e-01   -9.99999e-01    6.88367e-01    1.79434e+00    4.81953e-02    6.83125e+00    2.72437e+03
-bd_T -bd_T    2.36166e-02    2.61971e-01   -1.95220e-01    1.69586e+00    3.20601e-01    1.46831e-06    3.61390e-03    8.54376e-01   -9.99999e-01    6.88367e-01    1.79434e+00    4.81953e-02    6.83125e+00    2.72437e+03
