7
0	8
0 	0 	0.673888 	1.22398 	0.152384 	0.117196 	0.556039 	0.00372776 	8.74339e+06 	4.57276 	1.03667 	1.01848 	1.01848
0 	1 	0.67309 	1.31227 	0.131821 	0.136991 	0.515794 	0.00374495 	9.15669e+06 	6.24828 	1.00812 	1.00413 	1.00413
0 	2 	0.673772 	1.39383 	0.128004 	0.150191 	0.499944 	0.00379032 	9.29679e+06 	6.17847 	1.01015 	1.00537 	1.00537
0 	3 	0.67288 	1.47566 	0.127128 	0.16291 	0.486188 	0.00388285 	9.20969e+06 	6.28319 	1.00226 	1.00148 	1.00148
0 	4 	0.672896 	1.55665 	0.128476 	0.175782 	0.470784 	0.00408879 	8.64455e+06 	6.28319 	1.00392 	1.00206 	1.00206
0 	5 	0.672982 	1.62827 	0.127789 	0.190358 	0.46038 	0.004182 	8.65615e+06 	6.28319 	1.02614 	1.01354 	1.01354
0 	6 	0.67301 	1.72988 	0.129458 	0.209551 	0.439687 	0.00429452 	8.72984e+06 	6.28319 	1.00666 	1.00363 	1.00363
0 	7 	0.671416 	1.83386 	0.124765 	0.236931 	0.409905 	0.00561443 	5.57282e+06 	6.28319 	1.01677 	1.00997 	1.00997
1	8
1 	0 	0.673036 	1.15095 	0.323725 	0.0941757 	0.629079 	0.00243416 	1.92592e+07 	3.63028 	1.12401 	1.07101 	1.07101
1 	1 	0.673781 	1.27779 	0.316917 	0.113963 	0.595343 	0.0025045 	1.91941e+07 	3.97935 	1.01206 	1.00635 	1.00635
1 	2 	0.674101 	1.36691 	0.308835 	0.128027 	0.568385 	0.00256307 	1.90616e+07 	4.2586 	1.00079 	1.00076 	1.00076
1 	3 	0.673404 	1.43545 	0.305151 	0.140234 	0.541772 	0.00264737 	1.85084e+07 	4.60767 	1.03479 	1.0199 	1.0199
1 	4 	0.673716 	1.50517 	0.298241 	0.153617 	0.518067 	0.00269056 	1.86495e+07 	4.92183 	1.04521 	1.02724 	1.02724
1 	5 	0.673399 	1.58359 	0.298168 	0.168511 	0.496827 	0.00275997 	1.85563e+07 	5.41052 	1.15117 	1.07566 	1.07566
1 	6 	0.67377 	1.69185 	0.292347 	0.189089 	0.475863 	0.00287634 	1.82433e+07 	6.24828 	1.26461 	1.13523 	1.13523
1 	7 	0.669816 	1.79953 	0.284487 	0.221027 	0.429051 	0.00366261 	1.24487e+07 	6.28319 	1.23373 	1.12062 	1.12062
2	8
2 	0 	0.67325 	1.11284 	0.510434 	0.0809932 	0.688119 	0.00232304 	2.0401e+07 	3.735 	1.04835 	1.02524 	1.02524
2 	1 	0.673782 	1.21379 	0.503593 	0.0956631 	0.651349 	0.00240759 	1.97681e+07 	4.2586 	1.0022 	1.00116 	1.00116
2 	2 	0.674329 	1.28977 	0.498213 	0.106983 	0.626458 	0.00247686 	1.92579e+07 	4.29351 	1.00065 	1.00073 	1.00073
2 	3 	0.67405 	1.37647 	0.495259 	0.117827 	0.608076 	0.0024914 	1.96079e+07 	4.60767 	1.02036 	1.0113 	1.0113
2 	4 	0.673663 	1.46527 	0.495212 	0.129886 	0.586981 	0.00253279 	1.96287e+07 	4.71239 	1.06856 	1.03449 	1.03449
2 	5 	0.674125 	1.5441 	0.490704 	0.144078 	0.559194 	0.00268261 	1.82405e+07 	4.81711 	1.1914 	1.09625 	1.09625
2 	6 	0.673049 	1.63368 	0.486141 	0.16445 	0.520596 	0.00272295 	1.88385e+07 	4.85202 	1.54227 	1.27238 	1.27238
2 	7 	0.671755 	1.78564 	0.475135 	0.197246 	0.476481 	0.00372616 	1.11667e+07 	4.95673 	2.4922 	1.79715 	1.79715
3	8
3 	0 	0.672339 	1.09795 	0.697236 	0.0741825 	0.727047 	0.00288049 	1.30174e+07 	4.43314 	1 	1.00008 	1.00008
3 	1 	0.673542 	1.16561 	0.693708 	0.08604 	0.684219 	0.00302862 	1.21713e+07 	4.7473 	1.00799 	1.00635 	1.00635
3 	2 	0.673957 	1.2397 	0.690307 	0.0948805 	0.67112 	0.00316544 	1.1412e+07 	5.13127 	1.03731 	1.01867 	1.01867
3 	3 	0.674206 	1.32131 	0.690204 	0.104414 	0.648383 	0.00308475 	1.23296e+07 	4.88692 	1.1161 	1.06005 	1.06005
3 	4 	0.674267 	1.41866 	0.687344 	0.114706 	0.632917 	0.00317696 	1.19562e+07 	5.13127 	1.15981 	1.08041 	1.08041
3 	5 	0.674117 	1.51468 	0.685576 	0.126747 	0.611482 	0.00329249 	1.15172e+07 	5.23599 	1.26161 	1.13112 	1.13112
3 	6 	0.674073 	1.60956 	0.681648 	0.143284 	0.575839 	0.00339659 	1.13584e+07 	4.99164 	1.62919 	1.31679 	1.31679
3 	7 	0.671503 	1.74308 	0.673 	0.172154 	0.524156 	0.00437168 	7.49376e+06 	4.99164 	2.38481 	1.75955 	1.75955
4	8
4 	0 	0.671502 	1.08203 	0.897827 	0.070554 	0.745502 	0.00461576 	6.02793e+06 	6.28319 	1.0229 	1.01224 	1.01224
4 	1 	0.67421 	1.14713 	0.890401 	0.0805348 	0.710273 	0.00460107 	6.08165e+06 	6.28319 	1.0911 	1.04555 	1.04555
4 	2 	0.67324 	1.21506 	0.891005 	0.0884283 	0.693925 	0.00467713 	5.92504e+06 	6.28319 	1.14527 	1.07268 	1.07268
4 	3 	0.673498 	1.28774 	0.890236 	0.0964143 	0.677704 	0.00481787 	5.62638e+06 	6.28319 	1.17585 	1.08938 	1.08938
4 	4 	0.674027 	1.37781 	0.884768 	0.104848 	0.665395 	0.00505315 	5.18055e+06 	6.28319 	1.21614 	1.10927 	1.10927
4 	5 	0.673938 	1.48628 	0.884104 	0.115137 	0.6493 	0.00499567 	5.39547e+06 	6.28319 	1.31303 	1.16033 	1.16033
4 	6 	0.673194 	1.62829 	0.879849 	0.129451 	0.629753 	0.00516004 	5.19595e+06 	6.21337 	1.42339 	1.22064 	1.22064
4 	7 	0.670925 	1.76515 	0.869014 	0.152827 	0.578692 	0.00712089 	2.82278e+06 	4.88692 	1.81734 	1.47229 	1.47229
5	8
5 	0 	0.670581 	1.07077 	1.09343 	0.0676707 	0.76703 	0.00673628 	2.83141e+06 	6.28319 	1.02638 	1.01362 	1.01362
5 	1 	0.672905 	1.1397 	1.09073 	0.0761092 	0.732506 	0.00693132 	2.69008e+06 	6.28319 	1.06383 	1.03296 	1.03296
5 	2 	0.672839 	1.18345 	1.08554 	0.0824493 	0.711563 	0.0072475 	2.46664e+06 	6.28319 	1.07884 	1.03965 	1.03965
5 	3 	0.672371 	1.26042 	1.08215 	0.0888944 	0.704982 	0.00726408 	2.48178e+06 	6.28319 	1.06839 	1.03451 	1.03451
5 	4 	0.672007 	1.35779 	1.07852 	0.0967366 	0.695833 	0.00740347 	2.42435e+06 	6.28319 	1.08766 	1.04723 	1.04723
5 	5 	0.67274 	1.5124 	1.07717 	0.10753 	0.69135 	0.00748863 	2.42892e+06 	6.28319 	1.15547 	1.08156 	1.08156
5 	6 	0.671584 	1.7369 	1.07395 	0.125999 	0.672604 	0.00786036 	2.29548e+06 	6.28319 	1.27898 	1.15175 	1.15175
5 	7 	0.665367 	1.92049 	1.04222 	0.152769 	0.60909 	0.0369738 	108207 	3.38594 	1.36794 	1.26634 	1.26634
6	2
6 	0 	0.670243 	1.17671 	1.26983 	0.0755163 	0.756969 	0.00777165 	2.40447e+06 	6.28319 	1.02403 	1.01244 	1.01244
6 	1 	0.670249 	1.60528 	1.25487 	0.105809 	0.735434 	0.0122548 	1.01953e+06 	6.28319 	1.02211 	1.01228 	1.01228
