6
0	8
0 	0 	0.472249 	1.12961 	0.132084 	0.0903534 	0.619234 	0.00647452 	8.23066e+06 	6.17847 	1.0031 	1.00564 	1.00564
0 	1 	0.473895 	1.19805 	0.134012 	0.107489 	0.559916 	0.00666966 	7.75606e+06 	6.24828 	1.00467 	1.00906 	1.00906
0 	2 	0.474622 	1.301 	0.133185 	0.119853 	0.552282 	0.00655272 	8.03537e+06 	6.28319 	1.00851 	1.02668 	1.02668
0 	3 	0.475148 	1.37752 	0.123973 	0.132673 	0.53378 	0.00655541 	8.02876e+06 	6.24828 	1.00539 	1.0044 	1.0044
0 	4 	0.474652 	1.40531 	0.131246 	0.142686 	0.500072 	0.00663994 	7.82567e+06 	6.24828 	1.04157 	1.02242 	1.02242
0 	5 	0.475708 	1.51975 	0.122901 	0.156915 	0.500784 	0.00647368 	8.23279e+06 	6.28319 	1.00484 	1.0083 	1.0083
0 	6 	0.476141 	1.64096 	0.123388 	0.178456 	0.481513 	0.00670643 	7.67125e+06 	6.28319 	1.0057 	1.00777 	1.00777
0 	7 	0.476725 	1.71657 	0.133325 	0.220237 	0.421795 	0.00774675 	5.74925e+06 	6.28319 	1.02486 	1.01245 	1.01245
1	8
1 	0 	0.474834 	1.11199 	0.310064 	0.0808361 	0.679692 	0.00533133 	1.21389e+07 	5.02655 	1.00391 	1.00205 	1.00205
1 	1 	0.474761 	1.21827 	0.296224 	0.0977681 	0.623039 	0.00529719 	1.22959e+07 	5.09636 	1.0203 	1.01042 	1.01042
1 	2 	0.473181 	1.29042 	0.287373 	0.112298 	0.581531 	0.00545252 	1.16053e+07 	6.14356 	1.04144 	1.02104 	1.02104
1 	3 	0.475194 	1.40462 	0.292863 	0.126471 	0.565505 	0.00533799 	1.21086e+07 	6.28319 	1.09558 	1.06683 	1.06683
1 	4 	0.474543 	1.50285 	0.293252 	0.142995 	0.537737 	0.00548291 	1.14769e+07 	6.14356 	1.08783 	1.04689 	1.04689
1 	5 	0.474387 	1.59531 	0.291644 	0.162088 	0.510714 	0.00541797 	1.17538e+07 	6.28319 	1.06781 	1.03815 	1.03815
1 	6 	0.475447 	1.61706 	0.296074 	0.19105 	0.451925 	0.00554795 	1.12095e+07 	6.28319 	1.00526 	1.01 	1.01
1 	7 	0.476072 	1.71719 	0.297968 	0.235775 	0.396979 	0.00634604 	8.56729e+06 	6.28319 	1.02583 	1.01453 	1.01453
2	8
2 	0 	0.474659 	1.11975 	0.495376 	0.0758245 	0.73535 	0.00656587 	8.0032e+06 	6.28319 	1.00385 	1.0034 	1.0034
2 	1 	0.475189 	1.23564 	0.496011 	0.092557 	0.674739 	0.00652718 	8.09836e+06 	6.28319 	1.01534 	1.00826 	1.00826
2 	2 	0.474114 	1.32774 	0.504494 	0.106267 	0.63649 	0.00659979 	7.92116e+06 	6.28319 	1.01211 	1.00638 	1.00638
2 	3 	0.4738 	1.41342 	0.493044 	0.120244 	0.604707 	0.00657728 	7.97548e+06 	6.28319 	1.03387 	1.01744 	1.01744
2 	4 	0.474159 	1.525 	0.494757 	0.134008 	0.602001 	0.00688332 	7.28204e+06 	6.28319 	1.04675 	1.02442 	1.02442
2 	5 	0.475316 	1.52529 	0.496183 	0.150962 	0.536419 	0.00677752 	7.51115e+06 	6.28319 	1.02652 	1.01782 	1.01782
2 	6 	0.47528 	1.59694 	0.497921 	0.177495 	0.490773 	0.00680567 	7.44918e+06 	6.28319 	1.02041 	1.01239 	1.01239
2 	7 	0.474831 	1.69211 	0.492311 	0.228311 	0.405567 	0.00786563 	5.57675e+06 	5.86431 	1.03668 	1.01835 	1.01835
3	8
3 	0 	0.474225 	1.13445 	0.690404 	0.0730382 	0.777352 	0.00821146 	5.11692e+06 	6.28319 	1.00263 	1.00218 	1.00218
3 	1 	0.474497 	1.2252 	0.681475 	0.0893052 	0.695569 	0.00837364 	4.92063e+06 	6.28319 	1.00732 	1.00596 	1.00596
3 	2 	0.475328 	1.30162 	0.690213 	0.102451 	0.64727 	0.00813151 	5.21803e+06 	6.28319 	1.0146 	1.01203 	1.01203
3 	3 	0.474507 	1.40728 	0.688973 	0.11475 	0.63565 	0.0085659 	4.70223e+06 	6.28319 	1.00005 	1.00293 	1.00293
3 	4 	0.475668 	1.45261 	0.685094 	0.1285 	0.593725 	0.00850364 	4.77132e+06 	6.28319 	1.00078 	1.00815 	1.00815
3 	5 	0.47491 	1.51305 	0.683411 	0.143382 	0.554909 	0.00846334 	4.81688e+06 	6.28319 	1.00802 	1.01443 	1.01443
3 	6 	0.475797 	1.57368 	0.686742 	0.165173 	0.504954 	0.0085702 	4.69751e+06 	6.28319 	1.01223 	1.01454 	1.01454
3 	7 	0.475342 	1.70738 	0.676673 	0.206183 	0.446009 	0.00967614 	3.68507e+06 	4.60767 	1.01276 	1.01852 	1.01852
4	5
4 	0 	0.474693 	1.15749 	0.889075 	0.0726673 	0.789314 	0.0108247 	2.94452e+06 	6.28319 	1.01363 	1.00698 	1.00698
4 	1 	0.475127 	1.30645 	0.889645 	0.0929595 	0.700848 	0.0107651 	2.97721e+06 	6.28319 	1.03252 	1.0254 	1.0254
4 	2 	0.475643 	1.42001 	0.879194 	0.111344 	0.640618 	0.0109308 	2.88768e+06 	6.28319 	1.02079 	1.01452 	1.01452
4 	3 	0.474751 	1.52205 	0.877155 	0.132275 	0.586034 	0.0109069 	2.90033e+06 	6.28319 	1.041 	1.02091 	1.02091
4 	4 	0.476577 	1.68729 	0.871462 	0.170224 	0.51109 	0.0128452 	2.09106e+06 	6.28319 	1.04718 	1.02466 	1.02466
5	2
5 	0 	0.47699 	1.25541 	1.09354 	0.0834913 	0.742341 	0.0109008 	2.90358e+06 	6.28319 	1.04566 	1.02564 	1.02564
5 	1 	0.476069 	1.5952 	1.07555 	0.12948 	0.609961 	0.0154417 	1.44698e+06 	6.28319 	1.11997 	1.06023 	1.06023
