    0   0.327536   0.077496   1.103140   0.128725 6.921080e-04 4.949500e-03 2.278651e-03 6.811840e-03 3.949660e-01 -2.189180e-01 3.061520e-01 -1.626920e-01
    1   0.329180   0.091836   1.169170   0.122644 5.336400e-04 6.616990e-03 1.258662e-02 6.451700e-03 3.949660e-01 -2.189180e-01 3.061520e-01 -1.626920e-01
    2   0.326853   0.103451   1.247800   0.126355 4.535850e-04 8.024970e-03 -7.558928e-04 6.551910e-03 3.949660e-01 -2.189180e-01 3.061520e-01 -1.626920e-01
    3   0.327091   0.115949   1.391020   0.127048 3.366910e-04 8.794520e-03 4.374620e-03 6.538910e-03 3.949660e-01 -2.189180e-01 3.061520e-01 -1.626920e-01
    4   0.326432   0.128620   1.482280   0.118528 2.615280e-04 9.258720e-03 1.555910e-02 6.784030e-03 3.949660e-01 -2.189180e-01 3.061520e-01 -1.626920e-01
    5   0.325699   0.143762   1.600720   0.127041 2.201220e-04 1.090000e-02 1.051580e-02 6.794500e-03 3.949660e-01 -2.189180e-01 3.061520e-01 -1.626920e-01
    6   0.326113   0.164808   1.663370   0.121954 1.792480e-04 1.227980e-02 5.503679e-03 6.940210e-03 3.949660e-01 -2.189180e-01 3.061520e-01 -1.626920e-01
    7   0.325411   0.215818   1.732150   0.148307 1.590620e-04 1.867920e-02 1.502467e-02 9.495520e-03 3.949660e-01 -2.189180e-01 3.061520e-01 -1.626920e-01
    8   0.324175   0.073848   1.120610   0.305744 1.116740e-03 7.623260e-03 1.264908e-02 5.130040e-03 3.949660e-01 -2.189180e-01 3.061520e-01 -1.626920e-01
    9   0.326440   0.088288   1.218720   0.293624 8.390250e-04 1.076920e-02 1.299655e-02 5.390200e-03 3.949660e-01 -2.189180e-01 3.061520e-01 -1.626920e-01
   10   0.324915   0.102641   1.370510   0.295680 6.083520e-04 1.290410e-02 1.351766e-02 5.465980e-03 3.949660e-01 -2.189180e-01 3.061520e-01 -1.626920e-01
   11   0.325352   0.117863   1.469330   0.294617 4.842070e-04 1.577970e-02 1.536143e-02 5.558500e-03 3.949660e-01 -2.189180e-01 3.061520e-01 -1.626920e-01
   12   0.325061   0.134459   1.579720   0.299853 3.851530e-04 1.864770e-02 2.918143e-02 5.554070e-03 3.949660e-01 -2.189180e-01 3.061520e-01 -1.626920e-01
   13   0.324217   0.159296   1.552290   0.312330 3.643410e-04 2.479670e-02 2.398235e-02 5.578510e-03 3.949660e-01 -2.189180e-01 3.061520e-01 -1.626920e-01
   14   0.325104   0.192324   1.563660   0.308322 3.126120e-04 3.001970e-02 2.120321e-02 5.564630e-03 3.949660e-01 -2.189180e-01 3.061520e-01 -1.626920e-01
   15   0.323197   0.246492   1.727110   0.305145 2.050870e-04 3.448910e-02 3.524098e-02 6.790020e-03 3.949660e-01 -2.189180e-01 3.061520e-01 -1.626920e-01
   16   0.325179   0.071180   1.140280   0.487554 7.880980e-04 6.813870e-03 6.517425e-03 5.761480e-03 3.949660e-01 -2.189180e-01 3.061520e-01 -1.626920e-01
   17   0.325328   0.088068   1.266620   0.493708 5.546550e-04 1.095850e-02 7.620739e-03 5.855360e-03 3.949660e-01 -2.189180e-01 3.061520e-01 -1.626920e-01
   18   0.325308   0.101965   1.363370   0.494418 4.398110e-04 1.417280e-02 1.226559e-02 5.901750e-03 3.949660e-01 -2.189180e-01 3.061520e-01 -1.626920e-01
   19   0.324935   0.115243   1.466320   0.492264 3.574580e-04 1.677300e-02 1.919501e-02 5.717070e-03 3.949660e-01 -2.189180e-01 3.061520e-01 -1.626920e-01
   20   0.324904   0.130663   1.531250   0.492540 3.033250e-04 2.031520e-02 2.454508e-02 5.951680e-03 3.949660e-01 -2.189180e-01 3.061520e-01 -1.626920e-01
   21   0.323860   0.150328   1.581730   0.489945 2.633450e-04 2.461100e-02 1.528113e-02 5.968230e-03 3.949660e-01 -2.189180e-01 3.061520e-01 -1.626920e-01
   22   0.326012   0.180867   1.565620   0.484445 2.370490e-04 3.133160e-02 3.353012e-02 6.104220e-03 3.949660e-01 -2.189180e-01 3.061520e-01 -1.626920e-01
   23   0.324214   0.237272   1.687960   0.482348 1.618490e-04 3.852600e-02 3.478947e-02 7.636760e-03 3.949660e-01 -2.189180e-01 3.061520e-01 -1.626920e-01
   24   0.326387   0.069476   1.146140   0.678144 2.234550e-04 7.017310e-03 1.600791e-02 9.222740e-03 3.949660e-01 -2.189180e-01 3.061520e-01 -1.626920e-01
   25   0.325579   0.085084   1.255130   0.676779 1.720610e-04 1.164100e-02 1.560703e-02 9.401840e-03 3.949660e-01 -2.189180e-01 3.061520e-01 -1.626920e-01
   26   0.326264   0.097946   1.360980   0.675224 1.411590e-04 1.467870e-02 7.972362e-03 9.154180e-03 3.949660e-01 -2.189180e-01 3.061520e-01 -1.626920e-01
   27   0.325926   0.110652   1.466580   0.676764 1.142170e-04 1.751730e-02 2.022159e-02 9.566910e-03 3.949660e-01 -2.189180e-01 3.061520e-01 -1.626920e-01
   28   0.324389   0.125115   1.483450   0.677509 1.004250e-04 2.259240e-02 1.799695e-02 9.342460e-03 3.949660e-01 -2.189180e-01 3.061520e-01 -1.626920e-01
   29   0.326387   0.142269   1.504820   0.680671 8.415180e-05 2.855330e-02 1.924942e-02 9.563000e-03 3.949660e-01 -2.189180e-01 3.061520e-01 -1.626920e-01
   30   0.324056   0.167544   1.480940   0.676887 7.542890e-05 3.665370e-02 3.753532e-02 9.581190e-03 3.949660e-01 -2.189180e-01 3.061520e-01 -1.626920e-01
   31   0.324486   0.215634   1.658160   0.667351 5.456480e-05 4.443430e-02 5.241016e-02 1.145610e-02 3.949660e-01 -2.189180e-01 3.061520e-01 -1.626920e-01
   32   0.328116   0.086658   1.252110   0.877700 -1.102090e-04 -2.026170e-03 5.245689e-04 1.118950e-02 3.949660e-01 -2.189180e-01 3.061520e-01 -1.626920e-01
   33   0.327767   0.147283   1.577970   0.863480 -4.288620e-05 -8.075560e-03 -2.201863e-02 1.461460e-02 3.949660e-01 -2.189180e-01 3.061520e-01 -1.626920e-01
   34   0.374141   0.083635   1.109150   0.129262 4.895780e-04 5.866510e-03 3.440240e-03 6.149020e-03 3.949660e-01 -2.189180e-01 3.061520e-01 -1.626920e-01
   35   0.377967   0.098661   1.202370   0.120465 3.478610e-04 7.060440e-03 1.439025e-02 6.517140e-03 3.949660e-01 -2.189180e-01 3.061520e-01 -1.626920e-01
   36   0.372837   0.109098   1.277040   0.122007 3.022760e-04 8.101560e-03 4.762434e-03 6.584850e-03 3.949660e-01 -2.189180e-01 3.061520e-01 -1.626920e-01
   37   0.375737   0.120995   1.367290   0.117216 2.329220e-04 8.710510e-03 1.052273e-02 6.295130e-03 3.949660e-01 -2.189180e-01 3.061520e-01 -1.626920e-01
   38   0.376900   0.133636   1.453630   0.128393 2.064070e-04 1.048370e-02 8.721509e-03 6.495870e-03 3.949660e-01 -2.189180e-01 3.061520e-01 -1.626920e-01
   39   0.377379   0.147173   1.524430   0.117200 1.618650e-04 1.066660e-02 2.215569e-02 6.492320e-03 3.949660e-01 -2.189180e-01 3.061520e-01 -1.626920e-01
   40   0.375872   0.166743   1.639630   0.124589 1.353340e-04 1.259130e-02 9.530287e-03 6.550010e-03 3.949660e-01 -2.189180e-01 3.061520e-01 -1.626920e-01
   41   0.378404   0.208700   1.756830   0.133978 1.036620e-04 1.646170e-02 2.809980e-04 8.321840e-03 3.949660e-01 -2.189180e-01 3.061520e-01 -1.626920e-01
   42   0.372259   0.075171   1.108050   0.309120 8.478100e-04 8.497800e-03 3.959756e-03 5.345710e-03 3.949660e-01 -2.189180e-01 3.061520e-01 -1.626920e-01
   43   0.375329   0.089089   1.190570   0.293189 6.519990e-04 1.156110e-02 1.121303e-02 5.439670e-03 3.949660e-01 -2.189180e-01 3.061520e-01 -1.626920e-01
   44   0.374313   0.101331   1.311370   0.299496 4.994620e-04 1.361760e-02 1.536207e-02 5.517330e-03 3.949660e-01 -2.189180e-01 3.061520e-01 -1.626920e-01
   45   0.374891   0.115304   1.425340   0.292515 3.860660e-04 1.575620e-02 1.104167e-02 5.504360e-03 3.949660e-01 -2.189180e-01 3.061520e-01 -1.626920e-01
   46   0.376673   0.131766   1.523730   0.292478 3.066660e-04 1.868740e-02 1.992124e-02 5.552770e-03 3.949660e-01 -2.189180e-01 3.061520e-01 -1.626920e-01
   47   0.375107   0.152090   1.598040   0.298976 2.574930e-04 2.268860e-02 2.526879e-02 5.743330e-03 3.949660e-01 -2.189180e-01 3.061520e-01 -1.626920e-01
   48   0.374920   0.184104   1.593480   0.302605 2.300040e-04 2.903920e-02 2.595627e-02 5.541850e-03 3.949660e-01 -2.189180e-01 3.061520e-01 -1.626920e-01
   49   0.375244   0.234226   1.691230   0.302010 1.657850e-04 3.525630e-02 3.095459e-02 6.347570e-03 3.949660e-01 -2.189180e-01 3.061520e-01 -1.626920e-01
   50   0.374337   0.072414   1.124580   0.497359 6.040990e-04 8.315920e-03 1.288118e-02 5.899760e-03 3.949660e-01 -2.189180e-01 3.061520e-01 -1.626920e-01
   51   0.374646   0.088661   1.241360   0.494411 4.479950e-04 1.263790e-02 1.531972e-02 5.965680e-03 3.949660e-01 -2.189180e-01 3.061520e-01 -1.626920e-01
   52   0.374428   0.101232   1.313270   0.494906 3.718020e-04 1.603060e-02 1.850144e-02 5.983810e-03 3.949660e-01 -2.189180e-01 3.061520e-01 -1.626920e-01
   53   0.374201   0.114719   1.432050   0.500088 2.860110e-04 1.862720e-02 2.939499e-02 5.857920e-03 3.949660e-01 -2.189180e-01 3.061520e-01 -1.626920e-01
   54   0.374795   0.129396   1.490060   0.499362 2.457370e-04 2.239670e-02 1.475271e-02 5.906280e-03 3.949660e-01 -2.189180e-01 3.061520e-01 -1.626920e-01
   55   0.374125   0.147384   1.563170   0.492745 2.107770e-04 2.635020e-02 2.780753e-02 5.960060e-03 3.949660e-01 -2.189180e-01 3.061520e-01 -1.626920e-01
   56   0.374505   0.173415   1.570780   0.491127 1.874430e-04 3.268250e-02 3.959917e-02 6.185280e-03 3.949660e-01 -2.189180e-01 3.061520e-01 -1.626920e-01
   57   0.373854   0.226487   1.663350   0.491220 1.336650e-04 4.177290e-02 3.438736e-02 7.232730e-03 3.949660e-01 -2.189180e-01 3.061520e-01 -1.626920e-01
   58   0.374436   0.070034   1.145670   0.684204 1.941610e-04 8.128880e-03 1.040435e-02 8.610520e-03 3.949660e-01 -2.189180e-01 3.061520e-01 -1.626920e-01
   59   0.375478   0.085917   1.253360   0.680895 1.517340e-04 1.336770e-02 -4.715028e-03 8.913240e-03 3.949660e-01 -2.189180e-01 3.061520e-01 -1.626920e-01
   60   0.375440   0.096833   1.325450   0.679685 1.298880e-04 1.668300e-02 1.485787e-02 8.954750e-03 3.949660e-01 -2.189180e-01 3.061520e-01 -1.626920e-01
   61   0.375151   0.108077   1.412820   0.677153 1.119060e-04 1.941390e-02 1.697093e-02 8.601120e-03 3.949660e-01 -2.189180e-01 3.061520e-01 -1.626920e-01
   62   0.376766   0.121422   1.484520   0.678140 9.410010e-05 2.340330e-02 2.000243e-02 8.942060e-03 3.949660e-01 -2.189180e-01 3.061520e-01 -1.626920e-01
   63   0.375740   0.137491   1.528320   0.679891 8.043910e-05 2.873940e-02 3.260504e-02 8.864150e-03 3.949660e-01 -2.189180e-01 3.061520e-01 -1.626920e-01
   64   0.374986   0.160213   1.552380   0.682663 6.689800e-05 3.660830e-02 4.215581e-02 9.004700e-03 3.949660e-01 -2.189180e-01 3.061520e-01 -1.626920e-01
   65   0.375384   0.204299   1.652290   0.673171 5.205630e-05 4.691860e-02 4.458197e-02 9.985490e-03 3.949660e-01 -2.189180e-01 3.061520e-01 -1.626920e-01
   66   0.376819   0.078459   1.210550   0.876897 -6.772010e-05 -5.233300e-03 -6.519630e-03 1.090190e-02 3.949660e-01 -2.189180e-01 3.061520e-01 -1.626920e-01
   67   0.377316   0.109757   1.390370   0.873316 -3.862740e-05 -1.247670e-02 -1.533801e-02 1.114960e-02 3.949660e-01 -2.189180e-01 3.061520e-01 -1.626920e-01
   68   0.376921   0.155140   1.567320   0.868345 -2.377460e-05 -2.261160e-02 -2.571386e-02 1.248160e-02 3.949660e-01 -2.189180e-01 3.061520e-01 -1.626920e-01
   69   0.379146   0.102252   1.375410   1.057370 -9.838160e-05 2.924430e-04 -5.467488e-03 1.961520e-02 3.949660e-01 -2.189180e-01 3.061520e-01 -1.626920e-01
   70   0.424912   0.087602   1.140760   0.139934 3.492260e-04 6.542900e-03 8.798918e-04 5.994050e-03 3.949660e-01 -2.189180e-01 3.061520e-01 -1.626920e-01
   71   0.422175   0.104925   1.199350   0.124173 2.642900e-04 7.964800e-03 1.300385e-02 6.271760e-03 3.949660e-01 -2.189180e-01 3.061520e-01 -1.626920e-01
   72   0.423344   0.116027   1.273400   0.128502 2.244320e-04 9.213340e-03 6.782136e-03 6.014640e-03 3.949660e-01 -2.189180e-01 3.061520e-01 -1.626920e-01
   73   0.425959   0.126504   1.324000   0.121790 1.845870e-04 9.712770e-03 4.037006e-03 6.316510e-03 3.949660e-01 -2.189180e-01 3.061520e-01 -1.626920e-01
   74   0.426409   0.137659   1.424580   0.124921 1.519690e-04 1.060790e-02 1.270959e-02 6.076960e-03 3.949660e-01 -2.189180e-01 3.061520e-01 -1.626920e-01
   75   0.424734   0.150598   1.522280   0.124936 1.253870e-04 1.143300e-02 1.323977e-02 6.247260e-03 3.949660e-01 -2.189180e-01 3.061520e-01 -1.626920e-01
   76   0.424701   0.172695   1.669410   0.126384 9.419920e-05 1.291510e-02 1.527740e-02 6.100580e-03 3.949660e-01 -2.189180e-01 3.061520e-01 -1.626920e-01
   77   0.424365   0.210593   1.745660   0.130116 7.620720e-05 1.615510e-02 9.915308e-03 7.636750e-03 3.949660e-01 -2.189180e-01 3.061520e-01 -1.626920e-01
   78   0.424706   0.078491   1.117850   0.306147 5.982050e-04 9.581680e-03 -2.158172e-03 5.292320e-03 3.949660e-01 -2.189180e-01 3.061520e-01 -1.626920e-01
   79   0.425066   0.093882   1.202500   0.294916 4.643970e-04 1.298610e-02 1.546550e-02 5.506170e-03 3.949660e-01 -2.189180e-01 3.061520e-01 -1.626920e-01
   80   0.424604   0.104668   1.259670   0.290503 3.974860e-04 1.519000e-02 1.742881e-02 5.476470e-03 3.949660e-01 -2.189180e-01 3.061520e-01 -1.626920e-01
   81   0.425224   0.116701   1.368430   0.291201 3.115900e-04 1.698100e-02 1.373705e-02 5.666420e-03 3.949660e-01 -2.189180e-01 3.061520e-01 -1.626920e-01
   82   0.424059   0.131655   1.481380   0.294124 2.469140e-04 1.940730e-02 2.925431e-02 5.529820e-03 3.949660e-01 -2.189180e-01 3.061520e-01 -1.626920e-01
   83   0.424759   0.151841   1.603200   0.290602 1.893050e-04 2.239420e-02 2.707859e-02 5.658240e-03 3.949660e-01 -2.189180e-01 3.061520e-01 -1.626920e-01
   84   0.425868   0.180316   1.582700   0.298971 1.754150e-04 2.887000e-02 4.072953e-02 5.414720e-03 3.949660e-01 -2.189180e-01 3.061520e-01 -1.626920e-01
   85   0.428449   0.231975   1.729610   0.300236 1.165870e-04 3.583270e-02 3.161614e-02 6.069570e-03 3.949660e-01 -2.189180e-01 3.061520e-01 -1.626920e-01
   86   0.423131   0.074038   1.114540   0.498207 4.787500e-04 9.956840e-03 5.778077e-03 6.014970e-03 3.949660e-01 -2.189180e-01 3.061520e-01 -1.626920e-01
   87   0.425219   0.089377   1.224690   0.498416 3.544000e-04 1.428140e-02 2.840246e-03 6.291530e-03 3.949660e-01 -2.189180e-01 3.061520e-01 -1.626920e-01
   88   0.424606   0.102022   1.315060   0.495358 2.890370e-04 1.747910e-02 1.080965e-02 6.269950e-03 3.949660e-01 -2.189180e-01 3.061520e-01 -1.626920e-01
   89   0.425035   0.116298   1.388080   0.497896 2.384850e-04 2.141990e-02 2.443844e-02 5.940680e-03 3.949660e-01 -2.189180e-01 3.061520e-01 -1.626920e-01
   90   0.424053   0.131727   1.491580   0.502829 1.893800e-04 2.484120e-02 1.020714e-02 6.326230e-03 3.949660e-01 -2.189180e-01 3.061520e-01 -1.626920e-01
   91   0.425306   0.150058   1.560650   0.495571 1.617110e-04 2.927180e-02 2.289164e-02 6.164580e-03 3.949660e-01 -2.189180e-01 3.061520e-01 -1.626920e-01
   92   0.424028   0.176052   1.549210   0.493942 1.493250e-04 3.635550e-02 2.359679e-02 6.342670e-03 3.949660e-01 -2.189180e-01 3.061520e-01 -1.626920e-01
   93   0.424055   0.224779   1.688180   0.489648 1.036270e-04 4.503660e-02 4.299923e-02 7.551660e-03 3.949660e-01 -2.189180e-01 3.061520e-01 -1.626920e-01
   94   0.424683   0.071213   1.138600   0.686793 1.716360e-04 9.866260e-03 2.293944e-02 8.360940e-03 3.949660e-01 -2.189180e-01 3.061520e-01 -1.626920e-01
   95   0.425410   0.087380   1.229080   0.681264 1.388290e-04 1.608450e-02 5.392378e-03 8.429100e-03 3.949660e-01 -2.189180e-01 3.061520e-01 -1.626920e-01
   96   0.423465   0.099641   1.321530   0.686655 1.092810e-04 1.999000e-02 3.522888e-03 8.576510e-03 3.949660e-01 -2.189180e-01 3.061520e-01 -1.626920e-01
   97   0.425148   0.111270   1.395040   0.682024 9.629380e-05 2.341900e-02 2.476924e-02 8.446380e-03 3.949660e-01 -2.189180e-01 3.061520e-01 -1.626920e-01
   98   0.425250   0.123478   1.463950   0.679197 8.469980e-05 2.696370e-02 2.203495e-02 8.677910e-03 3.949660e-01 -2.189180e-01 3.061520e-01 -1.626920e-01
   99   0.424306   0.138394   1.533790   0.679017 7.250340e-05 3.141330e-02 2.921276e-02 8.572520e-03 3.949660e-01 -2.189180e-01 3.061520e-01 -1.626920e-01
  100   0.424904   0.159574   1.559490   0.679329 6.272050e-05 3.900860e-02 2.208988e-02 8.661290e-03 3.949660e-01 -2.189180e-01 3.061520e-01 -1.626920e-01
  101   0.426032   0.204109   1.694870   0.674762 4.509000e-05 5.044650e-02 4.272536e-02 9.390230e-03 3.949660e-01 -2.189180e-01 3.061520e-01 -1.626920e-01
  102   0.425709   0.074146   1.179290   0.885823 -4.238830e-05 -9.212980e-03 -4.553912e-03 1.074920e-02 3.949660e-01 -2.189180e-01 3.061520e-01 -1.626920e-01
  103   0.425875   0.096373   1.331190   0.880676 -2.347520e-05 -2.225520e-02 -1.431955e-02 1.120390e-02 3.949660e-01 -2.189180e-01 3.061520e-01 -1.626920e-01
  104   0.426592   0.117703   1.466420   0.880087 -1.507020e-05 -3.722060e-02 -3.379622e-02 1.131390e-02 3.949660e-01 -2.189180e-01 3.061520e-01 -1.626920e-01
  105   0.424868   0.155132   1.600650   0.876063 -1.064400e-05 -5.777070e-02 -5.177426e-02 1.156420e-02 3.949660e-01 -2.189180e-01 3.061520e-01 -1.626920e-01
  106   0.422766   0.217874   1.871760   0.848715 -1.888750e-06 -3.350210e-01 -3.369662e-01 7.041590e-02 3.949660e-01 -2.189180e-01 3.061520e-01 -1.626920e-01
  107   0.428215   0.100412   1.366870   1.073760 -7.125960e-05 -6.713930e-04 3.358124e-03 1.236150e-02 3.949660e-01 -2.189180e-01 3.061520e-01 -1.626920e-01
  108   0.472249   0.090353   1.129610   0.132084 2.488970e-04 6.574860e-03 6.276457e-03 6.511040e-03 3.949660e-01 -2.189180e-01 3.061520e-01 -1.626920e-01
  109   0.473895   0.107489   1.198050   0.134012 2.015340e-04 8.699740e-03 2.673455e-03 6.730090e-03 3.949660e-01 -2.189180e-01 3.061520e-01 -1.626920e-01
  110   0.474622   0.119853   1.301000   0.133185 1.564560e-04 9.599420e-03 5.927999e-03 6.727550e-03 3.949660e-01 -2.189180e-01 3.061520e-01 -1.626920e-01
  111   0.475148   0.132673   1.377520   0.123973 1.219710e-04 1.001190e-02 1.178026e-02 6.584250e-03 3.949660e-01 -2.189180e-01 3.061520e-01 -1.626920e-01
  112   0.474652   0.142686   1.405310   0.131246 1.181440e-04 1.156820e-02 1.205258e-02 6.788810e-03 3.949660e-01 -2.189180e-01 3.061520e-01 -1.626920e-01
  113   0.475708   0.156915   1.519750   0.122901 8.751270e-05 1.168290e-02 3.311548e-03 6.527410e-03 3.949660e-01 -2.189180e-01 3.061520e-01 -1.626920e-01
  114   0.476141   0.178456   1.640960   0.123388 6.767170e-05 1.311210e-02 1.675676e-02 6.758540e-03 3.949660e-01 -2.189180e-01 3.061520e-01 -1.626920e-01
  115   0.476725   0.220237   1.716570   0.133325 5.595190e-05 1.737280e-02 2.000676e-02 7.843200e-03 3.949660e-01 -2.189180e-01 3.061520e-01 -1.626920e-01
  116   0.474834   0.080836   1.111990   0.310064 4.455970e-04 1.067950e-02 8.737126e-03 5.342260e-03 3.949660e-01 -2.189180e-01 3.061520e-01 -1.626920e-01
  117   0.474761   0.097768   1.218270   0.296224 3.299470e-04 1.401490e-02 1.111339e-02 5.352390e-03 3.949660e-01 -2.189180e-01 3.061520e-01 -1.626920e-01
  118   0.473181   0.112298   1.290420   0.287373 2.716880e-04 1.675620e-02 1.518981e-02 5.567240e-03 3.949660e-01 -2.189180e-01 3.061520e-01 -1.626920e-01
  119   0.475194   0.126471   1.404620   0.292863 2.095290e-04 1.917030e-02 1.123210e-02 5.694730e-03 3.949660e-01 -2.189180e-01 3.061520e-01 -1.626920e-01
  120   0.474543   0.142995   1.502850   0.293252 1.689050e-04 2.193120e-02 2.636839e-02 5.740000e-03 3.949660e-01 -2.189180e-01 3.061520e-01 -1.626920e-01
  121   0.474387   0.162088   1.595310   0.291644 1.370100e-04 2.493100e-02 1.968123e-02 5.624670e-03 3.949660e-01 -2.189180e-01 3.061520e-01 -1.626920e-01
  122   0.475447   0.191050   1.617060   0.296074 1.193810e-04 3.066720e-02 3.241263e-02 5.603430e-03 3.949660e-01 -2.189180e-01 3.061520e-01 -1.626920e-01
  123   0.476072   0.235775   1.717190   0.297968 8.807120e-05 3.720380e-02 3.356919e-02 6.438250e-03 3.949660e-01 -2.189180e-01 3.061520e-01 -1.626920e-01
  124   0.474659   0.075825   1.119750   0.495376 3.678390e-04 1.133850e-02 1.384614e-02 6.588190e-03 3.949660e-01 -2.189180e-01 3.061520e-01 -1.626920e-01
  125   0.475189   0.092557   1.235640   0.496011 2.699110e-04 1.626860e-02 1.664343e-02 6.581090e-03 3.949660e-01 -2.189180e-01 3.061520e-01 -1.626920e-01
  126   0.474114   0.106267   1.327740   0.504494 2.124910e-04 2.010920e-02 1.599318e-02 6.641900e-03 3.949660e-01 -2.189180e-01 3.061520e-01 -1.626920e-01
  127   0.473800   0.120244   1.413420   0.493044 1.799100e-04 2.352900e-02 2.438634e-02 6.691990e-03 3.949660e-01 -2.189180e-01 3.061520e-01 -1.626920e-01
  128   0.474159   0.134008   1.525000   0.494757 1.430820e-04 2.634750e-02 3.515877e-02 7.051410e-03 3.949660e-01 -2.189180e-01 3.061520e-01 -1.626920e-01
  129   0.475316   0.150962   1.525290   0.496183 1.323150e-04 3.199160e-02 3.979610e-02 6.898300e-03 3.949660e-01 -2.189180e-01 3.061520e-01 -1.626920e-01
  130   0.475280   0.177495   1.596940   0.497921 1.075040e-04 3.856140e-02 4.491745e-02 6.889990e-03 3.949660e-01 -2.189180e-01 3.061520e-01 -1.626920e-01
  131   0.474831   0.228311   1.692110   0.492311 7.903820e-05 4.927300e-02 4.060674e-02 8.009960e-03 3.949660e-01 -2.189180e-01 3.061520e-01 -1.626920e-01
  132   0.474225   0.073038   1.134450   0.690404 1.477720e-04 1.203060e-02 6.128160e-03 8.229360e-03 3.949660e-01 -2.189180e-01 3.061520e-01 -1.626920e-01
  133   0.474497   0.089305   1.225200   0.681475 1.222840e-04 1.851660e-02 1.630637e-02 8.423550e-03 3.949660e-01 -2.189180e-01 3.061520e-01 -1.626920e-01
  134   0.475328   0.102451   1.301620   0.690213 9.524550e-05 2.380080e-02 1.405241e-02 8.229330e-03 3.949660e-01 -2.189180e-01 3.061520e-01 -1.626920e-01
  135   0.474507   0.114750   1.407280   0.688973 7.865490e-05 2.690870e-02 3.127639e-02 8.591000e-03 3.949660e-01 -2.189180e-01 3.061520e-01 -1.626920e-01
  136   0.475668   0.128500   1.452610   0.685094 7.075130e-05 3.201600e-02 4.617795e-02 8.572940e-03 3.949660e-01 -2.189180e-01 3.061520e-01 -1.626920e-01
  137   0.474910   0.143382   1.513050   0.683411 6.190280e-05 3.682650e-02 2.515183e-02 8.585470e-03 3.949660e-01 -2.189180e-01 3.061520e-01 -1.626920e-01
  138   0.475797   0.165173   1.573680   0.686742 5.067150e-05 4.450270e-02 3.500736e-02 8.694810e-03 3.949660e-01 -2.189180e-01 3.061520e-01 -1.626920e-01
  139   0.475342   0.206183   1.707380   0.676673 3.873860e-05 5.493690e-02 5.135493e-02 9.855340e-03 3.949660e-01 -2.189180e-01 3.061520e-01 -1.626920e-01
  140   0.474693   0.072667   1.157490   0.889075 -1.976140e-05 -2.279140e-02 -2.281870e-02 1.090030e-02 3.949660e-01 -2.189180e-01 3.061520e-01 -1.626920e-01
  141   0.475127   0.092960   1.306450   0.889645 -1.062690e-05 -5.223780e-02 -3.955125e-02 1.103850e-02 3.949660e-01 -2.189180e-01 3.061520e-01 -1.626920e-01
  142   0.475643   0.111344   1.420010   0.879194 -3.432040e-06 -1.881500e-01 -1.960729e-01 1.108950e-02 3.949660e-01 -2.189180e-01 3.061520e-01 -1.626920e-01
  143   0.474751   0.132275   1.522050   0.877155 -1.851040e-06 -3.681100e-01 -3.774864e-01 1.113500e-02 3.949660e-01 -2.189180e-01 3.061520e-01 -1.626920e-01
  144   0.476577   0.170224   1.687290   0.871462 2.465220e-07 2.795520e+00 2.803912e+00 1.316200e-02 3.949660e-01 -2.189180e-01 3.061520e-01 -1.626920e-01
  145   0.476990   0.083491   1.255410   1.093540 -6.828320e-05 -1.043770e-03 -1.391262e-02 1.118030e-02 3.949660e-01 -2.189180e-01 3.061520e-01 -1.626920e-01
  146   0.476069   0.129480   1.595200   1.075550 -2.901680e-05 -4.494580e-03 -1.837888e-04 1.637180e-02 3.949660e-01 -2.189180e-01 3.061520e-01 -1.626920e-01
  147   0.523888   0.095661   1.105730   0.136358 1.915350e-04 7.572690e-03 1.482200e-02 6.729870e-03 3.949660e-01 -2.189180e-01 3.061520e-01 -1.626920e-01
  148   0.522854   0.112110   1.196370   0.124903 1.384680e-04 8.492350e-03 5.633003e-03 6.929320e-03 3.949660e-01 -2.189180e-01 3.061520e-01 -1.626920e-01
  149   0.523132   0.123528   1.285710   0.113204 1.021420e-04 8.471070e-03 1.631923e-02 6.783430e-03 3.949660e-01 -2.189180e-01 3.061520e-01 -1.626920e-01
  150   0.524601   0.136197   1.339230   0.127341 9.726790e-05 1.062320e-02 7.560335e-03 6.737450e-03 3.949660e-01 -2.189180e-01 3.061520e-01 -1.626920e-01
  151   0.522159   0.147648   1.403980   0.117993 7.911930e-05 1.068060e-02 3.782848e-03 6.976730e-03 3.949660e-01 -2.189180e-01 3.061520e-01 -1.626920e-01
  152   0.522290   0.161953   1.516920   0.127355 6.685260e-05 1.231950e-02 2.196357e-02 6.936120e-03 3.949660e-01 -2.189180e-01 3.061520e-01 -1.626920e-01
  153   0.522543   0.183608   1.606280   0.132889 5.604180e-05 1.446770e-02 1.127823e-02 6.950620e-03 3.949660e-01 -2.189180e-01 3.061520e-01 -1.626920e-01
  154   0.525819   0.228956   1.773040   0.142019 3.922940e-05 1.866510e-02 2.343383e-02 8.013180e-03 3.949660e-01 -2.189180e-01 3.061520e-01 -1.626920e-01
  155   0.526692   0.085087   1.134560   0.310655 3.108630e-04 1.175980e-02 2.183423e-02 5.529300e-03 3.949660e-01 -2.189180e-01 3.061520e-01 -1.626920e-01
  156   0.524230   0.101724   1.196870   0.294434 2.542570e-04 1.537010e-02 1.988120e-02 5.651600e-03 3.949660e-01 -2.189180e-01 3.061520e-01 -1.626920e-01
  157   0.525380   0.115949   1.318840   0.294305 1.899450e-04 1.757170e-02 1.066763e-02 5.566180e-03 3.949660e-01 -2.189180e-01 3.061520e-01 -1.626920e-01
  158   0.524270   0.131100   1.413630   0.292084 1.528280e-04 2.008540e-02 1.127991e-02 5.666570e-03 3.949660e-01 -2.189180e-01 3.061520e-01 -1.626920e-01
  159   0.524146   0.147218   1.483570   0.291902 1.286290e-04 2.301770e-02 1.868642e-02 5.701170e-03 3.949660e-01 -2.189180e-01 3.061520e-01 -1.626920e-01
  160   0.524352   0.168286   1.542860   0.293548 1.088690e-04 2.698400e-02 2.498697e-02 5.746870e-03 3.949660e-01 -2.189180e-01 3.061520e-01 -1.626920e-01
  161   0.525659   0.194529   1.588670   0.296180 9.218450e-05 3.180170e-02 3.574148e-02 5.618080e-03 3.949660e-01 -2.189180e-01 3.061520e-01 -1.626920e-01
  162   0.526921   0.241721   1.729310   0.292947 6.311340e-05 3.803690e-02 4.408767e-02 6.694290e-03 3.949660e-01 -2.189180e-01 3.061520e-01 -1.626920e-01
  163   0.524701   0.078346   1.111600   0.493742 2.921790e-04 1.329590e-02 7.185044e-03 6.618950e-03 3.949660e-01 -2.189180e-01 3.061520e-01 -1.626920e-01
  164   0.523966   0.094277   1.206210   0.490265 2.272050e-04 1.828470e-02 2.792751e-02 6.899850e-03 3.949660e-01 -2.189180e-01 3.061520e-01 -1.626920e-01
  165   0.525178   0.106954   1.320920   0.493722 1.731830e-04 2.123240e-02 2.595615e-02 7.004070e-03 3.949660e-01 -2.189180e-01 3.061520e-01 -1.626920e-01
  166   0.524495   0.121245   1.425240   0.494016 1.380310e-04 2.472010e-02 2.718335e-02 7.241790e-03 3.949660e-01 -2.189180e-01 3.061520e-01 -1.626920e-01
  167   0.523614   0.135997   1.490060   0.492243 1.187360e-04 2.878880e-02 2.626436e-02 7.247570e-03 3.949660e-01 -2.189180e-01 3.061520e-01 -1.626920e-01
  168   0.525820   0.154382   1.531960   0.493102 1.026870e-04 3.433910e-02 4.707278e-02 7.501570e-03 3.949660e-01 -2.189180e-01 3.061520e-01 -1.626920e-01
  169   0.524592   0.181519   1.580590   0.488987 8.770460e-05 4.141040e-02 3.460106e-02 7.265710e-03 3.949660e-01 -2.189180e-01 3.061520e-01 -1.626920e-01
  170   0.526173   0.228799   1.689680   0.480265 6.389330e-05 5.145660e-02 6.042752e-02 8.696970e-03 3.949660e-01 -2.189180e-01 3.061520e-01 -1.626920e-01
  171   0.525178   0.073955   1.116170   0.694002 1.308490e-04 1.424700e-02 7.580755e-03 8.813650e-03 3.949660e-01 -2.189180e-01 3.061520e-01 -1.626920e-01
  172   0.524164   0.090402   1.221990   0.692143 1.009870e-04 2.092870e-02 2.520071e-02 9.074290e-03 3.949660e-01 -2.189180e-01 3.061520e-01 -1.626920e-01
  173   0.524331   0.103900   1.312510   0.690435 8.296090e-05 2.573020e-02 3.761875e-02 9.264950e-03 3.949660e-01 -2.189180e-01 3.061520e-01 -1.626920e-01
  174   0.526078   0.116888   1.373490   0.689485 7.136290e-05 3.085680e-02 4.239937e-02 9.079530e-03 3.949660e-01 -2.189180e-01 3.061520e-01 -1.626920e-01
  175   0.525409   0.130992   1.447000   0.689835 6.047850e-05 3.573910e-02 2.505625e-02 8.978170e-03 3.949660e-01 -2.189180e-01 3.061520e-01 -1.626920e-01
  176   0.523672   0.146737   1.514440   0.692042 5.118760e-05 4.124450e-02 3.385810e-02 9.107930e-03 3.949660e-01 -2.189180e-01 3.061520e-01 -1.626920e-01
  177   0.525779   0.169595   1.595610   0.683911 4.369340e-05 4.830720e-02 4.950874e-02 9.423290e-03 3.949660e-01 -2.189180e-01 3.061520e-01 -1.626920e-01
  178   0.523400   0.208515   1.746070   0.676937 3.255620e-05 5.834100e-02 4.975955e-02 1.172080e-02 3.949660e-01 -2.189180e-01 3.061520e-01 -1.626920e-01
  179   0.524348   0.073946   1.155010   0.893988 -3.912100e-06 -1.346220e-01 -1.119285e-01 1.085660e-02 3.949660e-01 -2.189180e-01 3.061520e-01 -1.626920e-01
  180   0.524548   0.094389   1.276190   0.890337 1.142500e-08 5.978760e+01 5.979832e+01 1.099450e-02 3.949660e-01 -2.189180e-01 3.061520e-01 -1.626920e-01
  181   0.524772   0.111315   1.397520   0.885396 3.058310e-06 2.329340e-01 2.372522e-01 1.108620e-02 3.949660e-01 -2.189180e-01 3.061520e-01 -1.626920e-01
  182   0.525646   0.132774   1.517490   0.882740 3.828910e-06 1.906030e-01 1.897672e-01 1.114660e-02 3.949660e-01 -2.189180e-01 3.061520e-01 -1.626920e-01
  183   0.525292   0.169474   1.680770   0.871561 4.635170e-06 1.620110e-01 1.787207e-01 1.277860e-02 3.949660e-01 -2.189180e-01 3.061520e-01 -1.626920e-01
  184   0.525597   0.079083   1.219990   1.113380 -5.497280e-05 -1.592110e-03 5.545770e-03 1.097810e-02 3.949660e-01 -2.189180e-01 3.061520e-01 -1.626920e-01
  185   0.525669   0.121181   1.565140   1.090620 -2.165870e-05 -6.984720e-03 -5.239763e-03 1.193660e-02 3.949660e-01 -2.189180e-01 3.061520e-01 -1.626920e-01
  186   0.573003   0.097122   1.114920   0.134581 1.395720e-04 7.383980e-03 3.066139e-03 7.357670e-03 3.949660e-01 -2.189180e-01 3.061520e-01 -1.626920e-01
  187   0.571248   0.111812   1.173620   0.122449 1.080610e-04 8.122530e-03 -3.073005e-03 7.619010e-03 3.949660e-01 -2.189180e-01 3.061520e-01 -1.626920e-01
  188   0.575035   0.125158   1.275930   0.135732 9.014430e-05 1.010370e-02 1.058114e-02 7.067190e-03 3.949660e-01 -2.189180e-01 3.061520e-01 -1.626920e-01
  189   0.576464   0.136471   1.295890   0.128768 7.890670e-05 1.082470e-02 8.275816e-03 7.508770e-03 3.949660e-01 -2.189180e-01 3.061520e-01 -1.626920e-01
  190   0.575330   0.148528   1.448190   0.127022 5.758500e-05 1.106450e-02 1.297673e-02 7.377410e-03 3.949660e-01 -2.189180e-01 3.061520e-01 -1.626920e-01
  191   0.574305   0.163648   1.481330   0.129232 5.283740e-05 1.258190e-02 7.903890e-03 7.694450e-03 3.949660e-01 -2.189180e-01 3.061520e-01 -1.626920e-01
  192   0.576380   0.190584   1.632060   0.121798 3.577850e-05 1.363470e-02 1.090924e-02 7.732980e-03 3.949660e-01 -2.189180e-01 3.061520e-01 -1.626920e-01
  193   0.574432   0.229179   1.748450   0.131918 2.880290e-05 1.734920e-02 2.293678e-02 8.821590e-03 3.949660e-01 -2.189180e-01 3.061520e-01 -1.626920e-01
  194   0.574702   0.086252   1.114270   0.312232 2.507520e-04 1.248810e-02 2.950602e-03 5.837310e-03 3.949660e-01 -2.189180e-01 3.061520e-01 -1.626920e-01
  195   0.574432   0.104806   1.224110   0.300595 1.835490e-04 1.599300e-02 1.694644e-02 6.034760e-03 3.949660e-01 -2.189180e-01 3.061520e-01 -1.626920e-01
  196   0.574823   0.119412   1.317260   0.297967 1.449520e-04 1.858660e-02 1.720956e-02 5.997640e-03 3.949660e-01 -2.189180e-01 3.061520e-01 -1.626920e-01
  197   0.573583   0.134279   1.413280   0.293102 1.161410e-04 2.073020e-02 2.010234e-02 6.166290e-03 3.949660e-01 -2.189180e-01 3.061520e-01 -1.626920e-01
  198   0.573503   0.149641   1.454440   0.291209 1.024430e-04 2.368090e-02 2.039467e-02 6.134140e-03 3.949660e-01 -2.189180e-01 3.061520e-01 -1.626920e-01
  199   0.574116   0.169455   1.553180   0.288462 8.122240e-05 2.661730e-02 2.510657e-02 5.988770e-03 3.949660e-01 -2.189180e-01 3.061520e-01 -1.626920e-01
  200   0.574175   0.193945   1.594000   0.289453 7.020940e-05 3.103090e-02 2.445254e-02 5.978220e-03 3.949660e-01 -2.189180e-01 3.061520e-01 -1.626920e-01
  201   0.573852   0.239715   1.741270   0.302893 4.935030e-05 3.883460e-02 4.346066e-02 7.299600e-03 3.949660e-01 -2.189180e-01 3.061520e-01 -1.626920e-01
  202   0.574167   0.078387   1.108810   0.495596 2.358540e-04 1.384290e-02 1.665580e-02 7.377270e-03 3.949660e-01 -2.189180e-01 3.061520e-01 -1.626920e-01
  203   0.573818   0.094591   1.212030   0.491306 1.799370e-04 1.883450e-02 7.863492e-03 7.589570e-03 3.949660e-01 -2.189180e-01 3.061520e-01 -1.626920e-01
  204   0.575436   0.107475   1.306780   0.482870 1.446450e-04 2.212620e-02 2.386998e-02 7.817040e-03 3.949660e-01 -2.189180e-01 3.061520e-01 -1.626920e-01
  205   0.573503   0.120142   1.397730   0.492558 1.169220e-04 2.547310e-02 1.626049e-02 7.981380e-03 3.949660e-01 -2.189180e-01 3.061520e-01 -1.626920e-01
  206   0.573148   0.133550   1.461460   0.494345 1.001060e-04 2.931930e-02 2.683969e-02 7.978300e-03 3.949660e-01 -2.189180e-01 3.061520e-01 -1.626920e-01
  207   0.574061   0.149786   1.536360   0.495363 8.360640e-05 3.378940e-02 4.522977e-02 8.069790e-03 3.949660e-01 -2.189180e-01 3.061520e-01 -1.626920e-01
  208   0.574746   0.175191   1.566180   0.483341 7.419870e-05 4.089600e-02 4.954948e-02 7.999610e-03 3.949660e-01 -2.189180e-01 3.061520e-01 -1.626920e-01
  209   0.574663   0.218152   1.724530   0.478738 5.143990e-05 4.996950e-02 5.628768e-02 8.649200e-03 3.949660e-01 -2.189180e-01 3.061520e-01 -1.626920e-01
  210   0.574491   0.075125   1.118960   0.690994 1.175860e-04 1.559920e-02 2.164349e-02 9.959770e-03 3.949660e-01 -2.189180e-01 3.061520e-01 -1.626920e-01
  211   0.574165   0.089585   1.211350   0.682858 9.652840e-05 2.145390e-02 2.328315e-02 9.729640e-03 3.949660e-01 -2.189180e-01 3.061520e-01 -1.626920e-01
  212   0.575185   0.102148   1.292690   0.694347 7.477210e-05 2.685290e-02 3.177657e-02 1.007210e-02 3.949660e-01 -2.189180e-01 3.061520e-01 -1.626920e-01
  213   0.574015   0.114600   1.373870   0.693340 6.306910e-05 3.118920e-02 2.458869e-02 1.020170e-02 3.949660e-01 -2.189180e-01 3.061520e-01 -1.626920e-01
  214   0.573912   0.128315   1.436270   0.691416 5.483700e-05 3.642380e-02 4.300080e-02 9.972440e-03 3.949660e-01 -2.189180e-01 3.061520e-01 -1.626920e-01
  215   0.573681   0.143775   1.491580   0.686862 4.869040e-05 4.207900e-02 3.146002e-02 1.005880e-02 3.949660e-01 -2.189180e-01 3.061520e-01 -1.626920e-01
  216   0.574229   0.163885   1.598270   0.685241 3.933920e-05 4.816200e-02 4.879635e-02 1.016820e-02 3.949660e-01 -2.189180e-01 3.061520e-01 -1.626920e-01
  217   0.573663   0.199378   1.763220   0.684839 2.810870e-05 5.835350e-02 4.755591e-02 1.270060e-02 3.949660e-01 -2.189180e-01 3.061520e-01 -1.626920e-01
  218   0.575229   0.075732   1.150630   0.897092 6.598650e-06 9.315050e-02 7.708780e-02 1.078140e-02 3.949660e-01 -2.189180e-01 3.061520e-01 -1.626920e-01
  219   0.573792   0.097199   1.286540   0.890545 7.995830e-06 9.481670e-02 1.005120e-01 1.084660e-02 3.949660e-01 -2.189180e-01 3.061520e-01 -1.626920e-01
  220   0.574817   0.116368   1.412350   0.885742 8.392160e-06 9.323350e-02 1.117914e-01 1.086950e-02 3.949660e-01 -2.189180e-01 3.061520e-01 -1.626920e-01
  221   0.575032   0.141731   1.580500   0.884001 7.327220e-06 1.005850e-01 8.599173e-02 1.095650e-02 3.949660e-01 -2.189180e-01 3.061520e-01 -1.626920e-01
  222   0.572451   0.177384   1.779760   0.868888 7.003420e-06 1.020560e-01 1.457275e-01 1.922800e-02 3.949660e-01 -2.189180e-01 3.061520e-01 -1.626920e-01
  223   0.574631   0.078139   1.206320   1.130450 -4.241630e-05 -2.454120e-03 -1.014861e-02 1.100380e-02 3.949660e-01 -2.189180e-01 3.061520e-01 -1.626920e-01
  224   0.574910   0.114268   1.520180   1.099970 -1.675630e-05 -1.010430e-02 -2.305826e-02 1.127810e-02 3.949660e-01 -2.189180e-01 3.061520e-01 -1.626920e-01
  225   0.572790   0.160644   1.859850   1.063280 -6.381740e-06 -3.301780e-02 4.902254e-02 4.476110e-02 3.949660e-01 -2.189180e-01 3.061520e-01 -1.626920e-01
  226   0.622530   0.097345   1.119240   0.149214 1.166780e-04 8.188650e-03 1.618341e-02 8.240810e-03 3.949660e-01 -2.189180e-01 3.061520e-01 -1.626920e-01
  227   0.626962   0.115220   1.144730   0.130197 8.934120e-05 9.320060e-03 1.356332e-02 7.746380e-03 3.949660e-01 -2.189180e-01 3.061520e-01 -1.626920e-01
  228   0.624503   0.126691   1.290910   0.117725 5.939080e-05 8.871730e-03 6.972006e-03 8.435090e-03 3.949660e-01 -2.189180e-01 3.061520e-01 -1.626920e-01
  229   0.623794   0.138648   1.347380   0.124781 5.427140e-05 1.038140e-02 1.161591e-02 7.993680e-03 3.949660e-01 -2.189180e-01 3.061520e-01 -1.626920e-01
  230   0.626267   0.152380   1.435510   0.126636 4.438730e-05 1.152530e-02 2.083801e-02 8.316820e-03 3.949660e-01 -2.189180e-01 3.061520e-01 -1.626920e-01
  231   0.623881   0.168692   1.462320   0.127846 4.099440e-05 1.312290e-02 8.105427e-03 8.408090e-03 3.949660e-01 -2.189180e-01 3.061520e-01 -1.626920e-01
  232   0.624700   0.192157   1.607290   0.126372 2.969560e-05 1.444250e-02 9.475756e-03 8.306400e-03 3.949660e-01 -2.189180e-01 3.061520e-01 -1.626920e-01
  233   0.621434   0.228676   1.756810   0.134357 2.269750e-05 1.781700e-02 3.873239e-02 1.008820e-02 3.949660e-01 -2.189180e-01 3.061520e-01 -1.626920e-01
  234   0.624253   0.088906   1.118120   0.310743 1.933740e-04 1.345760e-02 5.914626e-03 6.422810e-03 3.949660e-01 -2.189180e-01 3.061520e-01 -1.626920e-01
  235   0.623257   0.106922   1.199810   0.296157 1.497920e-04 1.696840e-02 1.490678e-02 6.372660e-03 3.949660e-01 -2.189180e-01 3.061520e-01 -1.626920e-01
  236   0.623804   0.120418   1.285440   0.295986 1.203620e-04 1.943740e-02 2.057973e-02 6.410840e-03 3.949660e-01 -2.189180e-01 3.061520e-01 -1.626920e-01
  237   0.623865   0.134762   1.339660   0.293885 1.031510e-04 2.223650e-02 2.024267e-02 6.496210e-03 3.949660e-01 -2.189180e-01 3.061520e-01 -1.626920e-01
  238   0.625117   0.149076   1.433780   0.292312 8.270750e-05 2.439120e-02 2.717202e-02 6.629560e-03 3.949660e-01 -2.189180e-01 3.061520e-01 -1.626920e-01
  239   0.623121   0.166516   1.501260   0.291079 7.031920e-05 2.732780e-02 3.313813e-02 6.622170e-03 3.949660e-01 -2.189180e-01 3.061520e-01 -1.626920e-01
  240   0.624372   0.191562   1.571520   0.289533 5.738720e-05 3.159620e-02 3.816283e-02 6.496270e-03 3.949660e-01 -2.189180e-01 3.061520e-01 -1.626920e-01
  241   0.624304   0.229326   1.741790   0.292756 3.962320e-05 3.720540e-02 3.940152e-02 7.665810e-03 3.949660e-01 -2.189180e-01 3.061520e-01 -1.626920e-01
  242   0.622954   0.078108   1.102530   0.497086 1.963830e-04 1.452670e-02 1.630059e-02 7.783490e-03 3.949660e-01 -2.189180e-01 3.061520e-01 -1.626920e-01
  243   0.625061   0.091991   1.173820   0.494277 1.584620e-04 1.951080e-02 2.350342e-02 8.244180e-03 3.949660e-01 -2.189180e-01 3.061520e-01 -1.626920e-01
  244   0.624380   0.103810   1.262340   0.483527 1.300710e-04 2.240990e-02 1.268370e-02 8.118690e-03 3.949660e-01 -2.189180e-01 3.061520e-01 -1.626920e-01
  245   0.625797   0.118208   1.368950   0.494585 9.966040e-05 2.659760e-02 3.325948e-02 8.121750e-03 3.949660e-01 -2.189180e-01 3.061520e-01 -1.626920e-01
  246   0.625375   0.132850   1.448770   0.495403 8.279850e-05 3.080500e-02 2.992798e-02 8.946920e-03 3.949660e-01 -2.189180e-01 3.061520e-01 -1.626920e-01
  247   0.622860   0.147186   1.541230   0.487321 6.968890e-05 3.382000e-02 2.984072e-02 8.770830e-03 3.949660e-01 -2.189180e-01 3.061520e-01 -1.626920e-01
  248   0.622987   0.170126   1.592210   0.491323 5.919310e-05 4.102870e-02 5.883619e-02 8.717070e-03 3.949660e-01 -2.189180e-01 3.061520e-01 -1.626920e-01
  249   0.622088   0.211032   1.743070   0.473655 4.276480e-05 4.961260e-02 4.662118e-02 1.015800e-02 3.949660e-01 -2.189180e-01 3.061520e-01 -1.626920e-01
  250   0.623398   0.076080   1.103400   0.694362 1.055770e-04 1.788810e-02 1.437614e-02 1.055470e-02 3.949660e-01 -2.189180e-01 3.061520e-01 -1.626920e-01
  251   0.625078   0.092582   1.223320   0.691765 7.912730e-05 2.458390e-02 2.536501e-02 1.063640e-02 3.949660e-01 -2.189180e-01 3.061520e-01 -1.626920e-01
  252   0.623175   0.105933   1.331740   0.697545 6.121420e-05 2.935000e-02 2.573405e-02 1.131700e-02 3.949660e-01 -2.189180e-01 3.061520e-01 -1.626920e-01
  253   0.624797   0.119037   1.393960   0.689149 5.440690e-05 3.456660e-02 2.684651e-02 1.089300e-02 3.949660e-01 -2.189180e-01 3.061520e-01 -1.626920e-01
  254   0.622906   0.132433   1.472290   0.686628 4.671830e-05 3.912750e-02 7.383807e-03 1.129910e-02 3.949660e-01 -2.189180e-01 3.061520e-01 -1.626920e-01
  255   0.622156   0.148225   1.560460   0.686288 3.902770e-05 4.445100e-02 3.647342e-02 1.153570e-02 3.949660e-01 -2.189180e-01 3.061520e-01 -1.626920e-01
  256   0.623279   0.180261   1.733200   0.677707 2.865900e-05 5.389580e-02 5.067460e-02 1.309110e-02 3.949660e-01 -2.189180e-01 3.061520e-01 -1.626920e-01
  257   0.623448   0.080068   1.146470   0.889160 1.543730e-05 5.163770e-02 6.125054e-02 1.075630e-02 3.949660e-01 -2.189180e-01 3.061520e-01 -1.626920e-01
  258   0.625867   0.103833   1.309460   0.887997 1.270680e-05 6.696230e-02 5.929744e-02 1.092260e-02 3.949660e-01 -2.189180e-01 3.061520e-01 -1.626920e-01
  259   0.623065   0.127298   1.497930   0.884103 1.062250e-05 7.325140e-02 8.894703e-02 1.104030e-02 3.949660e-01 -2.189180e-01 3.061520e-01 -1.626920e-01
  260   0.621208   0.160229   1.740670   0.874500 8.601210e-06 8.011530e-02 5.094887e-02 1.747750e-02 3.949660e-01 -2.189180e-01 3.061520e-01 -1.626920e-01
  261   0.623314   0.084320   1.228850   1.123830 -2.825090e-05 -5.263440e-03 1.227651e-02 1.103880e-02 3.949660e-01 -2.189180e-01 3.061520e-01 -1.626920e-01
  262   0.623669   0.122942   1.652210   1.095180 -7.902930e-06 -2.243370e-02 -2.677024e-02 1.412790e-02 3.949660e-01 -2.189180e-01 3.061520e-01 -1.626920e-01
  263   0.668422   0.104224   1.130480   0.125686 7.663030e-05 7.550800e-03 -1.249999e-02 9.281700e-03 3.949660e-01 -2.189180e-01 3.061520e-01 -1.626920e-01
  264   0.676064   0.118627   1.206260   0.119360 5.715250e-05 8.569030e-03 1.680529e-02 1.009840e-02 3.949660e-01 -2.189180e-01 3.061520e-01 -1.626920e-01
  265   0.673823   0.128710   1.283970   0.118065 4.743550e-05 9.045770e-03 1.390432e-02 9.207630e-03 3.949660e-01 -2.189180e-01 3.061520e-01 -1.626920e-01
  266   0.671822   0.139473   1.336800   0.138484 4.824120e-05 1.143050e-02 2.725151e-02 1.028160e-02 3.949660e-01 -2.189180e-01 3.061520e-01 -1.626920e-01
  267   0.675186   0.151000   1.442460   0.120720 3.353750e-05 1.078710e-02 -1.275184e-02 9.549240e-03 3.949660e-01 -2.189180e-01 3.061520e-01 -1.626920e-01
  268   0.673649   0.167250   1.515990   0.120723 2.835480e-05 1.191610e-02 2.626805e-02 9.777500e-03 3.949660e-01 -2.189180e-01 3.061520e-01 -1.626920e-01
  269   0.674047   0.188522   1.591020   0.125180 2.423210e-05 1.402370e-02 2.250542e-02 1.000560e-02 3.949660e-01 -2.189180e-01 3.061520e-01 -1.626920e-01
  270   0.670462   0.218609   1.765720   0.133778 1.834510e-05 1.663260e-02 3.352217e-02 1.183760e-02 3.949660e-01 -2.189180e-01 3.061520e-01 -1.626920e-01
  271   0.672257   0.090009   1.124880   0.312491 1.540630e-04 1.373140e-02 1.948702e-02 7.520710e-03 3.949660e-01 -2.189180e-01 3.061520e-01 -1.626920e-01
  272   0.674141   0.107029   1.180800   0.302452 1.253500e-04 1.767800e-02 2.266468e-02 7.425890e-03 3.949660e-01 -2.189180e-01 3.061520e-01 -1.626920e-01
  273   0.672833   0.121275   1.287630   0.302264 9.714630e-05 1.995440e-02 2.133782e-02 7.486640e-03 3.949660e-01 -2.189180e-01 3.061520e-01 -1.626920e-01
  274   0.675647   0.132792   1.303870   0.292250 8.798940e-05 2.235140e-02 2.050574e-02 7.745320e-03 3.949660e-01 -2.189180e-01 3.061520e-01 -1.626920e-01
  275   0.672034   0.146157   1.412510   0.299335 7.121540e-05 2.432640e-02 2.103050e-02 7.560630e-03 3.949660e-01 -2.189180e-01 3.061520e-01 -1.626920e-01
  276   0.673193   0.162480   1.504780   0.287650 5.654760e-05 2.621020e-02 2.647748e-02 7.719480e-03 3.949660e-01 -2.189180e-01 3.061520e-01 -1.626920e-01
  277   0.673471   0.182684   1.613350   0.296373 4.525700e-05 3.014270e-02 2.885198e-02 7.648360e-03 3.949660e-01 -2.189180e-01 3.061520e-01 -1.626920e-01
  278   0.670789   0.217844   1.793810   0.285044 3.094230e-05 3.366500e-02 3.773284e-02 8.880110e-03 3.949660e-01 -2.189180e-01 3.061520e-01 -1.626920e-01
  279   0.674099   0.078385   1.099120   0.494828 1.642630e-04 1.523850e-02 1.070212e-02 9.377830e-03 3.949660e-01 -2.189180e-01 3.061520e-01 -1.626920e-01
  280   0.675278   0.093188   1.160310   0.494557 1.346000e-04 2.112040e-02 1.844398e-02 8.736750e-03 3.949660e-01 -2.189180e-01 3.061520e-01 -1.626920e-01
  281   0.674312   0.105337   1.242110   0.484064 1.113320e-04 2.422030e-02 2.939551e-02 9.134390e-03 3.949660e-01 -2.189180e-01 3.061520e-01 -1.626920e-01
  282   0.674485   0.118544   1.369060   0.493437 8.340640e-05 2.745950e-02 8.478954e-03 8.868800e-03 3.949660e-01 -2.189180e-01 3.061520e-01 -1.626920e-01
  283   0.673203   0.132721   1.446110   0.488177 7.050720e-05 3.117520e-02 2.347113e-02 9.471820e-03 3.949660e-01 -2.189180e-01 3.061520e-01 -1.626920e-01
  284   0.673585   0.147937   1.513320   0.479798 6.058660e-05 3.521560e-02 3.306593e-02 9.941760e-03 3.949660e-01 -2.189180e-01 3.061520e-01 -1.626920e-01
  285   0.673676   0.168093   1.606670   0.485979 4.879080e-05 4.101880e-02 4.788328e-02 1.003770e-02 3.949660e-01 -2.189180e-01 3.061520e-01 -1.626920e-01
  286   0.672552   0.198444   1.766520   0.480678 3.561390e-05 4.749900e-02 4.061326e-02 1.295940e-02 3.949660e-01 -2.189180e-01 3.061520e-01 -1.626920e-01
  287   0.673366   0.078075   1.110190   0.698576 9.080240e-05 2.018460e-02 1.068284e-02 1.091180e-02 3.949660e-01 -2.189180e-01 3.061520e-01 -1.626920e-01
  288   0.674834   0.095728   1.232800   0.695829 6.746840e-05 2.780980e-02 7.916646e-03 1.111960e-02 3.949660e-01 -2.189180e-01 3.061520e-01 -1.626920e-01
  289   0.672401   0.108922   1.291150   0.682386 6.129900e-05 3.307410e-02 3.696738e-02 1.144930e-02 3.949660e-01 -2.189180e-01 3.061520e-01 -1.626920e-01
  290   0.673598   0.123869   1.462190   0.684519 4.398380e-05 3.646560e-02 5.249608e-02 1.140930e-02 3.949660e-01 -2.189180e-01 3.061520e-01 -1.626920e-01
  291   0.673130   0.146175   1.625940   0.682677 3.246390e-05 4.339180e-02 5.084768e-02 1.213520e-02 3.949660e-01 -2.189180e-01 3.061520e-01 -1.626920e-01
  292   0.671281   0.175512   1.780750   0.674756 2.475210e-05 5.250920e-02 2.452576e-02 1.948940e-02 3.949660e-01 -2.189180e-01 3.061520e-01 -1.626920e-01
  293   0.672683   0.078100   1.119380   0.989248 -6.355870e-06 -7.973090e-02 -7.038287e-02 1.075030e-02 3.949660e-01 -2.189180e-01 3.061520e-01 -1.626920e-01
  294   0.672577   0.098679   1.304590   0.954108 3.809200e-06 1.570340e-01 1.639874e-01 1.094240e-02 3.949660e-01 -2.189180e-01 3.061520e-01 -1.626920e-01
  295   0.671890   0.124424   1.609820   0.931775 6.383160e-06 7.881460e-02 8.188380e-02 1.125190e-02 3.949660e-01 -2.189180e-01 3.061520e-01 -1.626920e-01
  296   0.672116   0.156047   1.819830   0.889599 7.718620e-06 7.312480e-02 7.000225e-02 2.754980e-02 3.949660e-01 -2.189180e-01 3.061520e-01 -1.626920e-01
  297   0.324180   0.154539   2.158690   0.129793 1.085290e-04 8.359140e-03 1.516371e-02 1.086760e-02 3.949660e-01 -2.189180e-01 3.061520e-01 -1.626920e-01
  298   0.325109   0.176153   2.239010   0.128664 9.063270e-05 1.028690e-02 2.054428e-02 1.111300e-02 3.949660e-01 -2.189180e-01 3.061520e-01 -1.626920e-01
  299   0.326506   0.194218   2.359830   0.120105 7.009880e-05 1.063260e-02 1.743154e-02 1.102860e-02 3.949660e-01 -2.189180e-01 3.061520e-01 -1.626920e-01
  300   0.326303   0.216486   2.481750   0.120022 5.751970e-05 1.174350e-02 1.763624e-02 1.101100e-02 3.949660e-01 -2.189180e-01 3.061520e-01 -1.626920e-01
  301   0.325994   0.247427   2.592040   0.131733 5.033420e-05 1.439670e-02 1.012553e-02 1.099220e-02 3.949660e-01 -2.189180e-01 3.061520e-01 -1.626920e-01
  302   0.324815   0.298233   2.556840   0.148338 4.742920e-05 1.921510e-02 9.249043e-03 1.213700e-02 3.949660e-01 -2.189180e-01 3.061520e-01 -1.626920e-01
  303   0.320125   0.357624   2.668650   0.145910 3.372980e-05 2.125110e-02 4.063061e-02 2.045730e-02 3.949660e-01 -2.189180e-01 3.061520e-01 -1.626920e-01
  304   0.323192   0.140361   2.185860   0.312736 1.843450e-04 1.155600e-02 -9.913471e-03 8.885270e-03 3.949660e-01 -2.189180e-01 3.061520e-01 -1.626920e-01
  305   0.324583   0.167127   2.304930   0.305802 1.446690e-04 1.663930e-02 5.937200e-03 8.284350e-03 3.949660e-01 -2.189180e-01 3.061520e-01 -1.626920e-01
  306   0.325000   0.188953   2.389440   0.305213 1.222610e-04 2.013270e-02 1.153897e-02 7.992220e-03 3.949660e-01 -2.189180e-01 3.061520e-01 -1.626920e-01
  307   0.325505   0.210213   2.439240   0.303507 1.074060e-04 2.320910e-02 1.913959e-02 7.935960e-03 3.949660e-01 -2.189180e-01 3.061520e-01 -1.626920e-01
  308   0.324576   0.232165   2.466630   0.300387 9.696650e-05 2.593460e-02 2.737055e-02 7.918030e-03 3.949660e-01 -2.189180e-01 3.061520e-01 -1.626920e-01
  309   0.326517   0.257404   2.491650   0.298088 8.498200e-05 2.869570e-02 2.438630e-02 8.053740e-03 3.949660e-01 -2.189180e-01 3.061520e-01 -1.626920e-01
  310   0.325969   0.290236   2.512200   0.291276 7.314830e-05 3.143960e-02 2.228510e-02 7.969440e-03 3.949660e-01 -2.189180e-01 3.061520e-01 -1.626920e-01
  311   0.323701   0.338723   2.641130   0.286527 5.347250e-05 3.432340e-02 3.619742e-02 8.976850e-03 3.949660e-01 -2.189180e-01 3.061520e-01 -1.626920e-01
  312   0.323960   0.130941   2.196430   0.498803 1.431430e-04 9.294370e-03 -3.651055e-03 8.642480e-03 3.949660e-01 -2.189180e-01 3.061520e-01 -1.626920e-01
  313   0.324335   0.152826   2.280940   0.492596 1.206700e-04 1.489630e-02 3.827905e-03 8.722610e-03 3.949660e-01 -2.189180e-01 3.061520e-01 -1.626920e-01
  314   0.325818   0.168098   2.361240   0.497695 1.023450e-04 1.796200e-02 1.738762e-02 8.817880e-03 3.949660e-01 -2.189180e-01 3.061520e-01 -1.626920e-01
  315   0.323151   0.183065   2.400960   0.488287 9.685110e-05 2.099660e-02 2.849947e-02 8.791280e-03 3.949660e-01 -2.189180e-01 3.061520e-01 -1.626920e-01
  316   0.325284   0.200406   2.468720   0.485731 8.467470e-05 2.398720e-02 2.624649e-02 8.624330e-03 3.949660e-01 -2.189180e-01 3.061520e-01 -1.626920e-01
  317   0.325629   0.221779   2.516050   0.485980 7.437050e-05 2.749960e-02 1.988597e-02 8.768070e-03 3.949660e-01 -2.189180e-01 3.061520e-01 -1.626920e-01
  318   0.325720   0.256795   2.523530   0.482413 6.463150e-05 3.291820e-02 2.174860e-02 9.164070e-03 3.949660e-01 -2.189180e-01 3.061520e-01 -1.626920e-01
  319   0.324226   0.316897   2.569070   0.481979 4.800230e-05 4.003760e-02 2.060204e-02 1.017300e-02 3.949660e-01 -2.189180e-01 3.061520e-01 -1.626920e-01
  320   0.326752   0.135508   2.223240   0.672960 5.525310e-05 1.123230e-02 1.190089e-02 1.087600e-02 3.949660e-01 -2.189180e-01 3.061520e-01 -1.626920e-01
  321   0.327055   0.168004   2.393980   0.670234 4.115860e-05 1.905420e-02 2.867261e-02 1.095020e-02 3.949660e-01 -2.189180e-01 3.061520e-01 -1.626920e-01
  322   0.327219   0.207619   2.495780   0.668571 3.142520e-05 2.833450e-02 2.630273e-02 1.098650e-02 3.949660e-01 -2.189180e-01 3.061520e-01 -1.626920e-01
  323   0.325759   0.275303   2.549430   0.671110 2.052760e-05 4.331220e-02 5.372231e-02 1.339720e-02 3.949660e-01 -2.189180e-01 3.061520e-01 -1.626920e-01
  324   0.327490   0.189228   2.404830   0.881500 -9.854040e-06 -1.989930e-02 -9.937993e-03 1.553820e-02 3.949660e-01 -2.189180e-01 3.061520e-01 -1.626920e-01
  325   0.374814   0.156993   2.130450   0.125615 7.651090e-05 8.439680e-03 6.106412e-03 1.137770e-02 3.949660e-01 -2.189180e-01 3.061520e-01 -1.626920e-01
  326   0.375353   0.181964   2.263530   0.129360 6.188540e-05 1.065610e-02 1.276419e-02 1.085820e-02 3.949660e-01 -2.189180e-01 3.061520e-01 -1.626920e-01
  327   0.377180   0.201305   2.369930   0.132566 5.230290e-05 1.218040e-02 7.845614e-03 1.077650e-02 3.949660e-01 -2.189180e-01 3.061520e-01 -1.626920e-01
  328   0.376686   0.219784   2.427310   0.123523 4.376430e-05 1.264670e-02 1.524548e-02 1.103270e-02 3.949660e-01 -2.189180e-01 3.061520e-01 -1.626920e-01
  329   0.375984   0.241141   2.504470   0.127217 3.881250e-05 1.421070e-02 1.257702e-02 1.089310e-02 3.949660e-01 -2.189180e-01 3.061520e-01 -1.626920e-01
  330   0.375756   0.271627   2.575930   0.139184 3.507500e-05 1.724420e-02 9.739056e-03 1.121230e-02 3.949660e-01 -2.189180e-01 3.061520e-01 -1.626920e-01
  331   0.375404   0.326960   2.609160   0.139202 2.735980e-05 2.049760e-02 1.691720e-02 1.161340e-02 3.949660e-01 -2.189180e-01 3.061520e-01 -1.626920e-01
  332   0.373211   0.149004   2.172240   0.316272 1.312690e-04 1.451990e-02 2.928726e-03 8.880460e-03 3.949660e-01 -2.189180e-01 3.061520e-01 -1.626920e-01
  333   0.374757   0.174105   2.273950   0.299241 1.053740e-04 1.882510e-02 1.785516e-02 8.690560e-03 3.949660e-01 -2.189180e-01 3.061520e-01 -1.626920e-01
  334   0.374618   0.194144   2.392990   0.303256 8.727660e-05 2.167020e-02 2.462375e-02 8.592450e-03 3.949660e-01 -2.189180e-01 3.061520e-01 -1.626920e-01
  335   0.375273   0.213190   2.464470   0.305756 7.589810e-05 2.447620e-02 1.001468e-02 8.497850e-03 3.949660e-01 -2.189180e-01 3.061520e-01 -1.626920e-01
  336   0.374627   0.232869   2.476150   0.300212 7.003790e-05 2.723030e-02 2.611763e-02 8.469180e-03 3.949660e-01 -2.189180e-01 3.061520e-01 -1.626920e-01
  337   0.375218   0.256422   2.514340   0.298142 6.165680e-05 3.006720e-02 5.291731e-02 8.559600e-03 3.949660e-01 -2.189180e-01 3.061520e-01 -1.626920e-01
  338   0.375130   0.286713   2.511360   0.296514 5.497830e-05 3.372450e-02 2.865522e-02 8.349370e-03 3.949660e-01 -2.189180e-01 3.061520e-01 -1.626920e-01
  339   0.375280   0.333664   2.629600   0.293688 4.046700e-05 3.781150e-02 6.167375e-02 8.851870e-03 3.949660e-01 -2.189180e-01 3.061520e-01 -1.626920e-01
  340   0.373130   0.135205   2.191070   0.506275 1.057190e-04 1.174510e-02 2.141527e-02 9.322110e-03 3.949660e-01 -2.189180e-01 3.061520e-01 -1.626920e-01
  341   0.374669   0.158696   2.300420   0.502392 8.575090e-05 1.774620e-02 2.864376e-02 9.015130e-03 3.949660e-01 -2.189180e-01 3.061520e-01 -1.626920e-01
  342   0.375248   0.176057   2.343180   0.497383 7.753620e-05 2.212120e-02 3.736803e-02 8.973220e-03 3.949660e-01 -2.189180e-01 3.061520e-01 -1.626920e-01
  343   0.373820   0.192254   2.406130   0.497165 6.920470e-05 2.531740e-02 2.329074e-02 9.308590e-03 3.949660e-01 -2.189180e-01 3.061520e-01 -1.626920e-01
  344   0.375444   0.210379   2.475360   0.490784 6.114520e-05 2.858340e-02 1.383779e-02 9.214940e-03 3.949660e-01 -2.189180e-01 3.061520e-01 -1.626920e-01
  345   0.374007   0.232667   2.520550   0.488386 5.463750e-05 3.248200e-02 8.520705e-03 9.315610e-03 3.949660e-01 -2.189180e-01 3.061520e-01 -1.626920e-01
  346   0.375421   0.267004   2.535170   0.487247 4.676930e-05 3.853090e-02 2.814086e-02 9.343900e-03 3.949660e-01 -2.189180e-01 3.061520e-01 -1.626920e-01
  347   0.374609   0.324903   2.604930   0.484521 3.460140e-05 4.668260e-02 3.727018e-02 1.148730e-02 3.949660e-01 -2.189180e-01 3.061520e-01 -1.626920e-01
  348   0.375269   0.133792   2.214190   0.682414 4.567500e-05 1.204030e-02 1.706980e-02 1.085360e-02 3.949660e-01 -2.189180e-01 3.061520e-01 -1.626920e-01
  349   0.375573   0.160772   2.348980   0.677272 3.656880e-05 1.964880e-02 1.624282e-02 1.098660e-02 3.949660e-01 -2.189180e-01 3.061520e-01 -1.626920e-01
  350   0.375223   0.184522   2.430940   0.675765 3.081100e-05 2.606940e-02 2.898323e-02 1.086800e-02 3.949660e-01 -2.189180e-01 3.061520e-01 -1.626920e-01
  351   0.376775   0.215179   2.494300   0.675786 2.517600e-05 3.415270e-02 3.126757e-02 1.106100e-02 3.949660e-01 -2.189180e-01 3.061520e-01 -1.626920e-01
  352   0.376674   0.272842   2.586130   0.674316 1.782150e-05 4.742780e-02 1.794561e-02 1.136030e-02 3.949660e-01 -2.189180e-01 3.061520e-01 -1.626920e-01
  353   0.377839   0.180474   2.395180   0.888829 -3.799220e-06 -6.025400e-02 -6.073331e-02 1.111560e-02 3.949660e-01 -2.189180e-01 3.061520e-01 -1.626920e-01
  354   0.424387   0.162363   2.142530   0.128064 5.433370e-05 8.990050e-03 7.345783e-03 1.089710e-02 3.949660e-01 -2.189180e-01 3.061520e-01 -1.626920e-01
  355   0.425790   0.184918   2.257260   0.128607 4.405800e-05 1.081430e-02 1.277533e-02 1.094850e-02 3.949660e-01 -2.189180e-01 3.061520e-01 -1.626920e-01
  356   0.423871   0.203386   2.363910   0.128977 3.757540e-05 1.203690e-02 1.775298e-02 1.090150e-02 3.949660e-01 -2.189180e-01 3.061520e-01 -1.626920e-01
  357   0.422924   0.220218   2.350300   0.140835 3.905440e-05 1.475800e-02 1.421254e-02 1.113320e-02 3.949660e-01 -2.189180e-01 3.061520e-01 -1.626920e-01
  358   0.428151   0.239449   2.479250   0.126537 2.829560e-05 1.425730e-02 7.824736e-03 1.092890e-02 3.949660e-01 -2.189180e-01 3.061520e-01 -1.626920e-01
  359   0.425452   0.267709   2.553430   0.136287 2.585800e-05 1.706450e-02 6.642209e-03 1.115910e-02 3.949660e-01 -2.189180e-01 3.061520e-01 -1.626920e-01
  360   0.425353   0.321344   2.619080   0.140047 2.023960e-05 2.093590e-02 2.091952e-02 1.105710e-02 3.949660e-01 -2.189180e-01 3.061520e-01 -1.626920e-01
  361   0.414477   0.390298   2.957700   0.094481 8.405100e-06 1.641450e-02 2.549589e-02 9.802600e-02 3.949660e-01 -2.189180e-01 3.061520e-01 -1.626920e-01
  362   0.423943   0.154594   2.170770   0.312283 9.404630e-05 1.620640e-02 2.408145e-02 8.952750e-03 3.949660e-01 -2.189180e-01 3.061520e-01 -1.626920e-01
  363   0.424429   0.182125   2.287480   0.296011 7.416160e-05 2.063330e-02 1.495669e-02 8.811340e-03 3.949660e-01 -2.189180e-01 3.061520e-01 -1.626920e-01
  364   0.423714   0.202176   2.377680   0.305961 6.386700e-05 2.413930e-02 2.655752e-02 8.903360e-03 3.949660e-01 -2.189180e-01 3.061520e-01 -1.626920e-01
  365   0.425340   0.221605   2.438840   0.298126 5.531310e-05 2.663020e-02 1.475742e-02 8.584090e-03 3.949660e-01 -2.189180e-01 3.061520e-01 -1.626920e-01
  366   0.424819   0.241811   2.458900   0.300329 5.078040e-05 2.987370e-02 3.474654e-02 8.609270e-03 3.949660e-01 -2.189180e-01 3.061520e-01 -1.626920e-01
  367   0.425333   0.263733   2.478610   0.300006 4.584690e-05 3.295580e-02 3.135340e-02 8.777120e-03 3.949660e-01 -2.189180e-01 3.061520e-01 -1.626920e-01
  368   0.425927   0.293113   2.502690   0.294632 3.972060e-05 3.633590e-02 3.368049e-02 8.586700e-03 3.949660e-01 -2.189180e-01 3.061520e-01 -1.626920e-01
  369   0.425877   0.335915   2.637480   0.290575 2.929500e-05 4.024380e-02 4.371552e-02 9.254150e-03 3.949660e-01 -2.189180e-01 3.061520e-01 -1.626920e-01
  370   0.423884   0.140307   2.184830   0.504114 8.026380e-05 1.470970e-02 2.084157e-03 1.024410e-02 3.949660e-01 -2.189180e-01 3.061520e-01 -1.626920e-01
  371   0.423616   0.164668   2.280920   0.496058 6.729760e-05 2.132180e-02 9.497105e-03 9.920000e-03 3.949660e-01 -2.189180e-01 3.061520e-01 -1.626920e-01
  372   0.423868   0.182242   2.355060   0.495228 5.857960e-05 2.540820e-02 2.902956e-02 1.006860e-02 3.949660e-01 -2.189180e-01 3.061520e-01 -1.626920e-01
  373   0.423792   0.197972   2.403410   0.493411 5.300630e-05 2.893420e-02 2.728130e-02 1.014690e-02 3.949660e-01 -2.189180e-01 3.061520e-01 -1.626920e-01
  374   0.425146   0.217094   2.466670   0.492297 4.634320e-05 3.282150e-02 6.431491e-03 1.021500e-02 3.949660e-01 -2.189180e-01 3.061520e-01 -1.626920e-01
  375   0.425174   0.239906   2.483700   0.484129 4.266830e-05 3.749160e-02 2.049760e-02 1.035930e-02 3.949660e-01 -2.189180e-01 3.061520e-01 -1.626920e-01
  376   0.424169   0.270617   2.516600   0.487819 3.658550e-05 4.326180e-02 2.862577e-02 1.010180e-02 3.949660e-01 -2.189180e-01 3.061520e-01 -1.626920e-01
  377   0.424951   0.323161   2.597690   0.488338 2.709660e-05 5.198400e-02 5.042278e-02 1.078560e-02 3.949660e-01 -2.189180e-01 3.061520e-01 -1.626920e-01
  378   0.423944   0.135662   2.201900   0.689943 3.748260e-05 1.446110e-02 -2.644789e-02 1.102250e-02 3.949660e-01 -2.189180e-01 3.061520e-01 -1.626920e-01
  379   0.424614   0.164350   2.342040   0.686189 2.939910e-05 2.340380e-02 3.049260e-02 1.082680e-02 3.949660e-01 -2.189180e-01 3.061520e-01 -1.626920e-01
  380   0.425040   0.188168   2.416610   0.681429 2.543880e-05 3.049430e-02 1.957699e-02 1.101740e-02 3.949660e-01 -2.189180e-01 3.061520e-01 -1.626920e-01
  381   0.424220   0.215797   2.479740   0.679222 2.167160e-05 3.815570e-02 5.309960e-02 1.092870e-02 3.949660e-01 -2.189180e-01 3.061520e-01 -1.626920e-01
  382   0.425032   0.261239   2.500980   0.680861 1.695050e-05 5.124810e-02 5.081547e-02 1.117500e-02 3.949660e-01 -2.189180e-01 3.061520e-01 -1.626920e-01
  383   0.426457   0.319685   2.718630   0.670604 1.152260e-05 6.202820e-02 6.305368e-02 2.403590e-02 3.949660e-01 -2.189180e-01 3.061520e-01 -1.626920e-01
  384   0.426452   0.152187   2.317890   0.909524 -1.285060e-06 -1.449420e-01 -1.458392e-01 1.094510e-02 3.949660e-01 -2.189180e-01 3.061520e-01 -1.626920e-01
  385   0.427018   0.225745   2.539000   0.889412 -4.322740e-07 -6.144460e-01 -6.159040e-01 1.482910e-02 3.949660e-01 -2.189180e-01 3.061520e-01 -1.626920e-01
  386   0.473257   0.167271   2.181820   0.126781 3.668670e-05 9.076690e-03 -8.816167e-04 1.087670e-02 3.949660e-01 -2.189180e-01 3.061520e-01 -1.626920e-01
  387   0.476433   0.194338   2.290390   0.131435 3.007200e-05 1.170310e-02 1.031518e-02 1.104400e-02 3.949660e-01 -2.189180e-01 3.061520e-01 -1.626920e-01
  388   0.474149   0.216989   2.395060   0.122278 2.382440e-05 1.240540e-02 -3.269012e-03 1.099180e-02 3.949660e-01 -2.189180e-01 3.061520e-01 -1.626920e-01
  389   0.474717   0.240888   2.464090   0.136820 2.252370e-05 1.556210e-02 1.208326e-02 1.074100e-02 3.949660e-01 -2.189180e-01 3.061520e-01 -1.626920e-01
  390   0.476167   0.267786   2.505210   0.132485 1.897060e-05 1.701730e-02 3.717061e-02 1.098800e-02 3.949660e-01 -2.189180e-01 3.061520e-01 -1.626920e-01
  391   0.472923   0.317295   2.619890   0.137113 1.482340e-05 2.062710e-02 8.865979e-03 1.116240e-02 3.949660e-01 -2.189180e-01 3.061520e-01 -1.626920e-01
  392   0.468450   0.380900   2.826610   0.130003 9.183740e-06 2.283900e-02 7.806617e-03 3.449960e-02 3.949660e-01 -2.189180e-01 3.061520e-01 -1.626920e-01
  393   0.473267   0.159575   2.168200   0.306511 6.806730e-05 1.756140e-02 1.473428e-02 9.232180e-03 3.949660e-01 -2.189180e-01 3.061520e-01 -1.626920e-01
  394   0.476165   0.187423   2.305890   0.302790 5.219670e-05 2.226080e-02 2.264927e-02 9.414170e-03 3.949660e-01 -2.189180e-01 3.061520e-01 -1.626920e-01
  395   0.474221   0.207976   2.390680   0.302033 4.513830e-05 2.545670e-02 2.330861e-02 9.001010e-03 3.949660e-01 -2.189180e-01 3.061520e-01 -1.626920e-01
  396   0.474927   0.227250   2.404520   0.298924 4.139800e-05 2.872200e-02 3.176639e-02 9.191640e-03 3.949660e-01 -2.189180e-01 3.061520e-01 -1.626920e-01
  397   0.473366   0.245270   2.431010   0.289961 3.787420e-05 3.078100e-02 4.564147e-02 9.021220e-03 3.949660e-01 -2.189180e-01 3.061520e-01 -1.626920e-01
  398   0.475265   0.266176   2.481400   0.298245 3.334970e-05 3.429170e-02 4.669692e-02 9.057220e-03 3.949660e-01 -2.189180e-01 3.061520e-01 -1.626920e-01
  399   0.475901   0.294194   2.546330   0.296201 2.803450e-05 3.766990e-02 4.465131e-02 9.023020e-03 3.949660e-01 -2.189180e-01 3.061520e-01 -1.626920e-01
  400   0.474716   0.336871   2.649850   0.301410 2.166890e-05 4.322720e-02 6.642928e-02 1.017620e-02 3.949660e-01 -2.189180e-01 3.061520e-01 -1.626920e-01
  401   0.472891   0.145990   2.181430   0.503521 6.098130e-05 1.789110e-02 1.819022e-02 1.074630e-02 3.949660e-01 -2.189180e-01 3.061520e-01 -1.626920e-01
  402   0.473579   0.170955   2.297050   0.499872 4.940930e-05 2.455440e-02 2.272707e-02 1.119160e-02 3.949660e-01 -2.189180e-01 3.061520e-01 -1.626920e-01
  403   0.473586   0.189200   2.375230   0.494203 4.331400e-05 2.880340e-02 3.744563e-02 1.088000e-02 3.949660e-01 -2.189180e-01 3.061520e-01 -1.626920e-01
  404   0.473325   0.207167   2.413520   0.492401 3.932340e-05 3.323920e-02 3.111469e-02 1.100820e-02 3.949660e-01 -2.189180e-01 3.061520e-01 -1.626920e-01
  405   0.475317   0.224160   2.456420   0.490641 3.527010e-05 3.706400e-02 2.586754e-02 1.104270e-02 3.949660e-01 -2.189180e-01 3.061520e-01 -1.626920e-01
  406   0.474004   0.245410   2.502700   0.487897 3.162990e-05 4.132910e-02 3.614767e-02 1.128550e-02 3.949660e-01 -2.189180e-01 3.061520e-01 -1.626920e-01
  407   0.474983   0.277686   2.528490   0.486405 2.722000e-05 4.806770e-02 5.642195e-02 1.087750e-02 3.949660e-01 -2.189180e-01 3.061520e-01 -1.626920e-01
  408   0.474905   0.330682   2.631760   0.476165 2.030770e-05 5.684130e-02 5.191160e-02 1.160510e-02 3.949660e-01 -2.189180e-01 3.061520e-01 -1.626920e-01
  409   0.474335   0.141682   2.215870   0.695402 2.960370e-05 1.835400e-02 3.686922e-03 1.092850e-02 3.949660e-01 -2.189180e-01 3.061520e-01 -1.626920e-01
  410   0.474135   0.173198   2.349460   0.686103 2.392780e-05 2.882010e-02 2.207481e-02 1.123290e-02 3.949660e-01 -2.189180e-01 3.061520e-01 -1.626920e-01
  411   0.474621   0.201214   2.438670   0.686724 1.957130e-05 3.765820e-02 4.731632e-02 1.103420e-02 3.949660e-01 -2.189180e-01 3.061520e-01 -1.626920e-01
  412   0.474499   0.238779   2.488050   0.685981 1.601660e-05 4.931020e-02 6.681308e-02 1.097010e-02 3.949660e-01 -2.189180e-01 3.061520e-01 -1.626920e-01
  413   0.475917   0.291627   2.613620   0.680202 1.172510e-05 6.248830e-02 6.227285e-02 1.498370e-02 3.949660e-01 -2.189180e-01 3.061520e-01 -1.626920e-01
  414   0.475726   0.145415   2.288390   0.938120 -3.529050e-07 -4.472760e-01 -4.521907e-01 1.094100e-02 3.949660e-01 -2.189180e-01 3.061520e-01 -1.626920e-01
  415   0.475863   0.204117   2.462570   0.915196 3.676020e-07 6.739060e-01 6.693389e-01 1.117250e-02 3.949660e-01 -2.189180e-01 3.061520e-01 -1.626920e-01
  416   0.474939   0.271021   2.706740   0.864043 1.923550e-06 1.515650e-01 2.208971e-01 3.472010e-02 3.949660e-01 -2.189180e-01 3.061520e-01 -1.626920e-01
  417   0.523985   0.171507   2.182380   0.135564 2.778040e-05 9.988260e-03 2.443709e-02 1.106240e-02 3.949660e-01 -2.189180e-01 3.061520e-01 -1.626920e-01
  418   0.525901   0.198368   2.281980   0.128009 2.141500e-05 1.168490e-02 1.279946e-02 1.097610e-02 3.949660e-01 -2.189180e-01 3.061520e-01 -1.626920e-01
  419   0.524605   0.220763   2.374660   0.129420 1.835790e-05 1.339660e-02 2.142139e-02 1.079800e-02 3.949660e-01 -2.189180e-01 3.061520e-01 -1.626920e-01
  420   0.525963   0.250070   2.421720   0.129488 1.572940e-05 1.563360e-02 8.389577e-05 1.088160e-02 3.949660e-01 -2.189180e-01 3.061520e-01 -1.626920e-01
  421   0.523729   0.287721   2.566170   0.142696 1.314330e-05 1.952400e-02 3.354751e-02 1.106720e-02 3.949660e-01 -2.189180e-01 3.061520e-01 -1.626920e-01
  422   0.522744   0.341695   2.658760   0.120408 8.442340e-06 1.971580e-02 2.400710e-02 1.630190e-02 3.949660e-01 -2.189180e-01 3.061520e-01 -1.626920e-01
  423   0.523302   0.164612   2.170820   0.311526 4.983600e-05 1.913320e-02 2.519817e-02 9.604570e-03 3.949660e-01 -2.189180e-01 3.061520e-01 -1.626920e-01
  424   0.523649   0.191272   2.283590   0.301176 3.978480e-05 2.343210e-02 1.928506e-02 9.857720e-03 3.949660e-01 -2.189180e-01 3.061520e-01 -1.626920e-01
  425   0.525539   0.210145   2.402360   0.299289 3.258000e-05 2.587790e-02 2.720641e-02 9.752490e-03 3.949660e-01 -2.189180e-01 3.061520e-01 -1.626920e-01
  426   0.524676   0.230380   2.393610   0.293690 3.068440e-05 2.938700e-02 2.948641e-02 9.671330e-03 3.949660e-01 -2.189180e-01 3.061520e-01 -1.626920e-01
  427   0.523857   0.252147   2.453950   0.296212 2.700210e-05 3.271740e-02 5.857228e-02 9.677710e-03 3.949660e-01 -2.189180e-01 3.061520e-01 -1.626920e-01
  428   0.522929   0.275646   2.482740   0.298647 2.432130e-05 3.643660e-02 4.354519e-02 9.736730e-03 3.949660e-01 -2.189180e-01 3.061520e-01 -1.626920e-01
  429   0.524485   0.303260   2.518500   0.295796 2.089630e-05 4.008000e-02 3.721907e-02 9.825770e-03 3.949660e-01 -2.189180e-01 3.061520e-01 -1.626920e-01
  430   0.525172   0.343484   2.676470   0.294534 1.520670e-05 4.443330e-02 4.138157e-02 1.109390e-02 3.949660e-01 -2.189180e-01 3.061520e-01 -1.626920e-01
  431   0.523934   0.149140   2.170580   0.507317 4.687060e-05 2.032380e-02 1.948913e-02 1.108020e-02 3.949660e-01 -2.189180e-01 3.061520e-01 -1.626920e-01
  432   0.525896   0.175909   2.296180   0.495134 3.772870e-05 2.742700e-02 6.966122e-03 1.137980e-02 3.949660e-01 -2.189180e-01 3.061520e-01 -1.626920e-01
  433   0.524325   0.195458   2.365520   0.494253 3.316040e-05 3.239820e-02 3.136743e-02 1.181080e-02 3.949660e-01 -2.189180e-01 3.061520e-01 -1.626920e-01
  434   0.524316   0.215639   2.434740   0.494491 2.886910e-05 3.717200e-02 3.550760e-02 1.173500e-02 3.949660e-01 -2.189180e-01 3.061520e-01 -1.626920e-01
  435   0.523300   0.236985   2.479950   0.486456 2.611870e-05 4.175370e-02 3.597378e-02 1.162270e-02 3.949660e-01 -2.189180e-01 3.061520e-01 -1.626920e-01
  436   0.524076   0.263708   2.468660   0.483120 2.395750e-05 4.830390e-02 4.495649e-02 1.122480e-02 3.949660e-01 -2.189180e-01 3.061520e-01 -1.626920e-01
  437   0.523334   0.301912   2.553510   0.481853 1.916960e-05 5.558360e-02 7.295159e-02 1.106930e-02 3.949660e-01 -2.189180e-01 3.061520e-01 -1.626920e-01
  438   0.522136   0.347841   2.745830   0.473702 1.356100e-05 6.214500e-02 7.723922e-02 1.974250e-02 3.949660e-01 -2.189180e-01 3.061520e-01 -1.626920e-01
  439   0.524221   0.148872   2.232480   0.694566 2.415640e-05 2.281200e-02 3.527482e-02 1.124870e-02 3.949660e-01 -2.189180e-01 3.061520e-01 -1.626920e-01
  440   0.524350   0.185586   2.379570   0.685598 1.886730e-05 3.541890e-02 2.910542e-02 1.144640e-02 3.949660e-01 -2.189180e-01 3.061520e-01 -1.626920e-01
  441   0.524069   0.221139   2.460220   0.686036 1.520620e-05 4.729960e-02 5.010915e-02 1.138900e-02 3.949660e-01 -2.189180e-01 3.061520e-01 -1.626920e-01
  442   0.523886   0.274023   2.569770   0.678910 1.148680e-05 6.220150e-02 6.101575e-02 1.313650e-02 3.949660e-01 -2.189180e-01 3.061520e-01 -1.626920e-01
  443   0.524712   0.144532   2.270260   0.963234 3.343730e-07 4.439240e-01 4.298206e-01 1.103380e-02 3.949660e-01 -2.189180e-01 3.061520e-01 -1.626920e-01
  444   0.524686   0.197261   2.447870   0.927822 1.422020e-06 1.687900e-01 1.606072e-01 1.099660e-02 3.949660e-01 -2.189180e-01 3.061520e-01 -1.626920e-01
  445   0.524312   0.250650   2.649890   0.872718 2.733630e-06 1.088220e-01 8.075177e-02 2.276300e-02 3.949660e-01 -2.189180e-01 3.061520e-01 -1.626920e-01
  446   0.573714   0.183107   2.219830   0.133013 1.881620e-05 1.068180e-02 1.122361e-02 1.083060e-02 3.949660e-01 -2.189180e-01 3.061520e-01 -1.626920e-01
  447   0.574970   0.221087   2.352500   0.133243 1.432790e-05 1.381430e-02 1.747249e-02 1.103720e-02 3.949660e-01 -2.189180e-01 3.061520e-01 -1.626920e-01
  448   0.575963   0.252157   2.441780   0.129459 1.141610e-05 1.570890e-02 1.528063e-02 1.104700e-02 3.949660e-01 -2.189180e-01 3.061520e-01 -1.626920e-01
  449   0.574863   0.302286   2.561170   0.131995 8.672160e-06 1.928910e-02 2.750598e-02 1.098560e-02 3.949660e-01 -2.189180e-01 3.061520e-01 -1.626920e-01
  450   0.574119   0.367413   2.769800   0.138170 5.708790e-06 2.406460e-02 5.166433e-02 3.336270e-02 3.949660e-01 -2.189180e-01 3.061520e-01 -1.626920e-01
  451   0.572147   0.165329   2.159360   0.308833 3.839850e-05 1.923520e-02 6.794498e-03 1.071640e-02 3.949660e-01 -2.189180e-01 3.061520e-01 -1.626920e-01
  452   0.574395   0.193112   2.304020   0.297114 2.909530e-05 2.342380e-02 3.733918e-02 1.086540e-02 3.949660e-01 -2.189180e-01 3.061520e-01 -1.626920e-01
  453   0.574857   0.214020   2.407030   0.303256 2.453010e-05 2.710400e-02 3.423145e-02 1.123460e-02 3.949660e-01 -2.189180e-01 3.061520e-01 -1.626920e-01
  454   0.573549   0.233879   2.405970   0.299668 2.306460e-05 3.055980e-02 3.271270e-02 1.060930e-02 3.949660e-01 -2.189180e-01 3.061520e-01 -1.626920e-01
  455   0.573012   0.251699   2.456110   0.303180 2.078390e-05 3.350010e-02 4.589406e-02 1.088060e-02 3.949660e-01 -2.189180e-01 3.061520e-01 -1.626920e-01
  456   0.575064   0.271170   2.445590   0.302841 1.939170e-05 3.721830e-02 9.753684e-03 1.080080e-02 3.949660e-01 -2.189180e-01 3.061520e-01 -1.626920e-01
  457   0.572577   0.297828   2.474290   0.293886 1.709910e-05 3.987440e-02 5.510546e-02 1.112550e-02 3.949660e-01 -2.189180e-01 3.061520e-01 -1.626920e-01
  458   0.571959   0.339493   2.672460   0.300206 1.212190e-05 4.509940e-02 5.246236e-02 1.192460e-02 3.949660e-01 -2.189180e-01 3.061520e-01 -1.626920e-01
  459   0.575087   0.157035   2.195130   0.499632 3.543690e-05 2.354440e-02 2.668712e-02 1.116060e-02 3.949660e-01 -2.189180e-01 3.061520e-01 -1.626920e-01
  460   0.574791   0.185637   2.306360   0.489355 2.899130e-05 3.132260e-02 2.757366e-02 1.128800e-02 3.949660e-01 -2.189180e-01 3.061520e-01 -1.626920e-01
  461   0.576072   0.208747   2.402160   0.491367 2.411430e-05 3.724570e-02 2.982541e-02 1.115900e-02 3.949660e-01 -2.189180e-01 3.061520e-01 -1.626920e-01
  462   0.573944   0.232030   2.437330   0.496075 2.155700e-05 4.338550e-02 6.045971e-02 1.160010e-02 3.949660e-01 -2.189180e-01 3.061520e-01 -1.626920e-01
  463   0.573552   0.262100   2.490420   0.487202 1.866250e-05 4.989540e-02 6.205322e-02 1.159670e-02 3.949660e-01 -2.189180e-01 3.061520e-01 -1.626920e-01
  464   0.573352   0.306031   2.621380   0.470773 1.428710e-05 5.725360e-02 6.800245e-02 1.183920e-02 3.949660e-01 -2.189180e-01 3.061520e-01 -1.626920e-01
  465   0.573685   0.157712   2.266680   0.691935 1.956970e-05 2.756180e-02 1.933763e-02 1.122560e-02 3.949660e-01 -2.189180e-01 3.061520e-01 -1.626920e-01
  466   0.573324   0.202408   2.434470   0.688906 1.427170e-05 4.337640e-02 3.445043e-02 1.200330e-02 3.949660e-01 -2.189180e-01 3.061520e-01 -1.626920e-01
  467   0.574512   0.255862   2.549570   0.679835 1.081140e-05 6.045450e-02 7.271515e-02 1.320370e-02 3.949660e-01 -2.189180e-01 3.061520e-01 -1.626920e-01
  468   0.573969   0.147637   2.272950   0.983176 9.052710e-07 1.636740e-01 1.882194e-01 1.109730e-02 3.949660e-01 -2.189180e-01 3.061520e-01 -1.626920e-01
  469   0.573808   0.205088   2.501280   0.928450 2.214310e-06 1.086850e-01 9.717859e-02 1.148270e-02 3.949660e-01 -2.189180e-01 3.061520e-01 -1.626920e-01
  470   0.622403   0.191029   2.220160   0.144578 1.521720e-05 1.264590e-02 2.122157e-02 1.085310e-02 3.949660e-01 -2.189180e-01 3.061520e-01 -1.626920e-01
  471   0.623107   0.230087   2.388580   0.138582 1.073760e-05 1.524180e-02 3.430012e-02 1.094870e-02 3.949660e-01 -2.189180e-01 3.061520e-01 -1.626920e-01
  472   0.625252   0.272801   2.479570   0.129103 7.866260e-06 1.747870e-02 1.902292e-02 1.090200e-02 3.949660e-01 -2.189180e-01 3.061520e-01 -1.626920e-01
  473   0.623419   0.325199   2.614560   0.130477 5.776180e-06 2.111310e-02 1.920818e-02 1.855270e-02 3.949660e-01 -2.189180e-01 3.061520e-01 -1.626920e-01
  474   0.623684   0.169484   2.178070   0.299214 2.829000e-05 2.010410e-02 2.431411e-02 1.104390e-02 3.949660e-01 -2.189180e-01 3.061520e-01 -1.626920e-01
  475   0.623568   0.198538   2.305110   0.297318 2.234020e-05 2.524890e-02 2.782190e-02 1.085280e-02 3.949660e-01 -2.189180e-01 3.061520e-01 -1.626920e-01
  476   0.623023   0.220578   2.360740   0.295955 1.963370e-05 2.915490e-02 2.609762e-02 1.126320e-02 3.949660e-01 -2.189180e-01 3.061520e-01 -1.626920e-01
  477   0.623447   0.238274   2.438650   0.298639 1.712320e-05 3.206550e-02 1.309052e-02 1.115210e-02 3.949660e-01 -2.189180e-01 3.061520e-01 -1.626920e-01
  478   0.622615   0.260929   2.450160   0.297935 1.572500e-05 3.608040e-02 4.159637e-02 1.083310e-02 3.949660e-01 -2.189180e-01 3.061520e-01 -1.626920e-01
  479   0.624082   0.291649   2.505380   0.296102 1.320040e-05 4.080080e-02 5.806728e-02 1.106350e-02 3.949660e-01 -2.189180e-01 3.061520e-01 -1.626920e-01
  480   0.621720   0.326927   2.706950   0.288526 9.506670e-06 4.360930e-02 3.150112e-02 1.756890e-02 3.949660e-01 -2.189180e-01 3.061520e-01 -1.626920e-01
  481   0.624530   0.163631   2.193000   0.498877 2.818090e-05 2.730490e-02 1.697386e-02 1.078360e-02 3.949660e-01 -2.189180e-01 3.061520e-01 -1.626920e-01
  482   0.624026   0.198208   2.363780   0.494554 2.112440e-05 3.636090e-02 3.927857e-02 1.121940e-02 3.949660e-01 -2.189180e-01 3.061520e-01 -1.626920e-01
  483   0.623862   0.226735   2.412910   0.491809 1.834610e-05 4.447280e-02 3.937485e-02 1.179570e-02 3.949660e-01 -2.189180e-01 3.061520e-01 -1.626920e-01
  484   0.623998   0.255698   2.462400   0.486538 1.589000e-05 5.169720e-02 4.701112e-02 1.153350e-02 3.949660e-01 -2.189180e-01 3.061520e-01 -1.626920e-01
  485   0.621896   0.297054   2.670500   0.471144 1.150990e-05 5.797140e-02 4.908173e-02 1.513610e-02 3.949660e-01 -2.189180e-01 3.061520e-01 -1.626920e-01
  486   0.623884   0.145611   2.209090   0.862754 7.877220e-06 3.426030e-02 2.124237e-02 1.098600e-02 3.949660e-01 -2.189180e-01 3.061520e-01 -1.626920e-01
  487   0.624702   0.176453   2.347540   0.798235 9.118300e-06 4.354380e-02 3.269052e-02 1.156140e-02 3.949660e-01 -2.189180e-01 3.061520e-01 -1.626920e-01
  488   0.624195   0.207306   2.458550   0.757845 8.967660e-06 5.305920e-02 6.259438e-02 1.237430e-02 3.949660e-01 -2.189180e-01 3.061520e-01 -1.626920e-01
  489   0.622005   0.250516   2.615540   0.697644 8.567980e-06 6.243350e-02 4.290351e-02 1.730000e-02 3.949660e-01 -2.189180e-01 3.061520e-01 -1.626920e-01
  490   0.673351   0.170894   2.158880   0.258114 2.122490e-05 1.827580e-02 2.480428e-02 1.081880e-02 3.949660e-01 -2.189180e-01 3.061520e-01 -1.626920e-01
  491   0.672409   0.195961   2.268870   0.250273 1.707360e-05 2.162450e-02 2.138838e-02 1.092000e-02 3.949660e-01 -2.189180e-01 3.061520e-01 -1.626920e-01
  492   0.673772   0.215472   2.354250   0.238267 1.408960e-05 2.353190e-02 2.218121e-02 1.067990e-02 3.949660e-01 -2.189180e-01 3.061520e-01 -1.626920e-01
  493   0.673928   0.235106   2.387010   0.250318 1.319650e-05 2.783680e-02 4.571619e-02 1.119950e-02 3.949660e-01 -2.189180e-01 3.061520e-01 -1.626920e-01
  494   0.672587   0.253932   2.454910   0.246885 1.153120e-05 2.979080e-02 1.917509e-02 1.092880e-02 3.949660e-01 -2.189180e-01 3.061520e-01 -1.626920e-01
  495   0.671766   0.280064   2.542740   0.238931 9.481410e-06 3.202510e-02 3.610180e-02 1.083330e-02 3.949660e-01 -2.189180e-01 3.061520e-01 -1.626920e-01
  496   0.668971   0.315061   2.777050   0.219703 6.373720e-06 3.235380e-02 3.644353e-02 1.785360e-02 3.949660e-01 -2.189180e-01 3.061520e-01 -1.626920e-01
  497   0.674260   0.170731   2.202010   0.494241 2.262000e-05 3.072720e-02 3.684814e-02 1.098710e-02 3.949660e-01 -2.189180e-01 3.061520e-01 -1.626920e-01
  498   0.673810   0.208480   2.397100   0.494030 1.632330e-05 4.065990e-02 1.472464e-02 1.145910e-02 3.949660e-01 -2.189180e-01 3.061520e-01 -1.626920e-01
  499   0.671325   0.253748   2.544890   0.480562 1.240500e-05 5.086830e-02 6.046397e-02 1.176890e-02 3.949660e-01 -2.189180e-01 3.061520e-01 -1.626920e-01
  500   0.664137   0.310973   2.882650   0.440502 7.783780e-06 5.730070e-02 1.284853e-01 7.644260e-02 3.949660e-01 -2.189180e-01 3.061520e-01 -1.626920e-01
  501   0.673545   0.155593   2.219440   0.826886 8.837560e-06 3.908710e-02 4.263634e-02 1.122290e-02 3.949660e-01 -2.189180e-01 3.061520e-01 -1.626920e-01
  502   0.673641   0.195985   2.444620   0.758103 8.542620e-06 5.050480e-02 4.896028e-02 1.201590e-02 3.949660e-01 -2.189180e-01 3.061520e-01 -1.626920e-01
  503   0.671849   0.238523   2.675040   0.692256 7.632220e-06 5.908160e-02 3.153860e-02 2.288830e-02 3.949660e-01 -2.189180e-01 3.061520e-01 -1.626920e-01
  504   0.325689   0.220672   3.220190   0.259521 5.171970e-05 1.494040e-02 2.991394e-02 1.136750e-02 3.949660e-01 -2.189180e-01 3.061520e-01 -1.626920e-01
  505   0.324979   0.253359   3.331290   0.239749 4.100050e-05 1.789270e-02 8.773255e-03 1.092360e-02 3.949660e-01 -2.189180e-01 3.061520e-01 -1.626920e-01
  506   0.326324   0.276418   3.446760   0.241377 3.442640e-05 1.985470e-02 3.809126e-02 1.075690e-02 3.949660e-01 -2.189180e-01 3.061520e-01 -1.626920e-01
  507   0.326001   0.300278   3.489910   0.244076 3.064570e-05 2.225340e-02 1.773163e-02 1.117480e-02 3.949660e-01 -2.189180e-01 3.061520e-01 -1.626920e-01
  508   0.324777   0.329869   3.435440   0.254885 2.889350e-05 2.614500e-02 9.513585e-03 1.104810e-02 3.949660e-01 -2.189180e-01 3.061520e-01 -1.626920e-01
  509   0.326020   0.370835   3.421240   0.253071 2.399200e-05 2.982860e-02 5.155684e-02 1.097180e-02 3.949660e-01 -2.189180e-01 3.061520e-01 -1.626920e-01
  510   0.323148   0.419282   3.565910   0.242534 1.704740e-05 3.205520e-02 3.845673e-02 1.409550e-02 3.949660e-01 -2.189180e-01 3.061520e-01 -1.626920e-01
  511   0.323884   0.211859   3.263210   0.498038 4.301160e-05 1.598740e-02 2.453146e-02 1.121340e-02 3.949660e-01 -2.189180e-01 3.061520e-01 -1.626920e-01
  512   0.325046   0.262258   3.408930   0.490323 3.212580e-05 2.457710e-02 2.906477e-02 1.117760e-02 3.949660e-01 -2.189180e-01 3.061520e-01 -1.626920e-01
  513   0.324426   0.319884   3.461960   0.484152 2.466120e-05 3.280400e-02 3.815144e-02 1.131050e-02 3.949660e-01 -2.189180e-01 3.061520e-01 -1.626920e-01
  514   0.325478   0.400451   3.520780   0.484544 1.574860e-05 4.313320e-02 5.699908e-02 1.734110e-02 3.949660e-01 -2.189180e-01 3.061520e-01 -1.626920e-01
  515   0.326482   0.246208   3.382960   0.707625 1.135570e-05 2.727850e-02 1.964853e-02 1.096480e-02 3.949660e-01 -2.189180e-01 3.061520e-01 -1.626920e-01
  516   0.326741   0.355684   3.497100   0.671587 7.653220e-06 4.765180e-02 4.365840e-02 2.193070e-02 3.949660e-01 -2.189180e-01 3.061520e-01 -1.626920e-01
  517   0.373345   0.230130   3.214140   0.250849 3.599720e-05 1.674820e-02 8.951816e-03 1.136180e-02 3.949660e-01 -2.189180e-01 3.061520e-01 -1.626920e-01
  518   0.374130   0.263457   3.369990   0.232557 2.723740e-05 1.929040e-02 2.421576e-02 1.105020e-02 3.949660e-01 -2.189180e-01 3.061520e-01 -1.626920e-01
  519   0.373524   0.285533   3.452170   0.231613 2.369840e-05 2.132810e-02 4.009922e-02 1.088950e-02 3.949660e-01 -2.189180e-01 3.061520e-01 -1.626920e-01
  520   0.376066   0.309142   3.453400   0.245660 2.188680e-05 2.516770e-02 2.591770e-02 1.107340e-02 3.949660e-01 -2.189180e-01 3.061520e-01 -1.626920e-01
  521   0.375425   0.340316   3.412300   0.252162 2.012990e-05 2.939720e-02 3.514951e-02 1.119510e-02 3.949660e-01 -2.189180e-01 3.061520e-01 -1.626920e-01
  522   0.375380   0.381516   3.460180   0.244657 1.593120e-05 3.266160e-02 3.465376e-02 1.097750e-02 3.949660e-01 -2.189180e-01 3.061520e-01 -1.626920e-01
  523   0.374419   0.426659   3.620800   0.239570 1.132090e-05 3.564080e-02 2.917455e-02 1.714120e-02 3.949660e-01 -2.189180e-01 3.061520e-01 -1.626920e-01
  524   0.373428   0.223753   3.258510   0.501778 3.099250e-05 2.082010e-02 1.848126e-02 1.144330e-02 3.949660e-01 -2.189180e-01 3.061520e-01 -1.626920e-01
  525   0.374392   0.277795   3.426220   0.492443 2.267210e-05 3.039900e-02 3.080515e-02 1.152700e-02 3.949660e-01 -2.189180e-01 3.061520e-01 -1.626920e-01
  526   0.374284   0.345677   3.458030   0.484975 1.681590e-05 4.162380e-02 3.798542e-02 1.141700e-02 3.949660e-01 -2.189180e-01 3.061520e-01 -1.626920e-01
  527   0.375868   0.429258   3.630750   0.479766 9.815150e-06 5.336030e-02 1.069152e-01 2.997940e-02 3.949660e-01 -2.189180e-01 3.061520e-01 -1.626920e-01
  528   0.376175   0.231530   3.328540   0.723854 1.007570e-05 2.729480e-02 4.706096e-02 1.098220e-02 3.949660e-01 -2.189180e-01 3.061520e-01 -1.626920e-01
  529   0.375642   0.324925   3.507760   0.702998 6.456750e-06 4.942360e-02 4.018459e-02 1.334840e-02 3.949660e-01 -2.189180e-01 3.061520e-01 -1.626920e-01
  530   0.422788   0.235563   3.229260   0.246089 2.509480e-05 1.770470e-02 2.922553e-02 1.111850e-02 3.949660e-01 -2.189180e-01 3.061520e-01 -1.626920e-01
  531   0.423470   0.270321   3.382730   0.239145 1.939620e-05 2.124060e-02 1.028562e-02 1.100540e-02 3.949660e-01 -2.189180e-01 3.061520e-01 -1.626920e-01
  532   0.424967   0.295829   3.439750   0.239705 1.678990e-05 2.429730e-02 1.025319e-02 1.091950e-02 3.949660e-01 -2.189180e-01 3.061520e-01 -1.626920e-01
  533   0.424532   0.324358   3.405020   0.241672 1.551390e-05 2.825210e-02 1.819657e-02 1.102120e-02 3.949660e-01 -2.189180e-01 3.061520e-01 -1.626920e-01
  534   0.424617   0.362857   3.431930   0.246684 1.304420e-05 3.303510e-02 2.585118e-02 1.131580e-02 3.949660e-01 -2.189180e-01 3.061520e-01 -1.626920e-01
  535   0.425599   0.411777   3.573840   0.252927 9.404580e-06 3.844830e-02 4.894307e-02 1.314300e-02 3.949660e-01 -2.189180e-01 3.061520e-01 -1.626920e-01
  536   0.423062   0.235471   3.289670   0.497135 2.248130e-05 2.531750e-02 8.194777e-03 1.163920e-02 3.949660e-01 -2.189180e-01 3.061520e-01 -1.626920e-01
  537   0.424885   0.298257   3.426240   0.487603 1.614740e-05 3.775630e-02 3.509964e-02 1.160510e-02 3.949660e-01 -2.189180e-01 3.061520e-01 -1.626920e-01
  538   0.425487   0.375674   3.482920   0.489041 1.090170e-05 5.201140e-02 4.649054e-02 1.360840e-02 3.949660e-01 -2.189180e-01 3.061520e-01 -1.626920e-01
  539   0.424702   0.228011   3.303280   0.751992 7.647250e-06 3.077150e-02 2.672909e-02 1.109990e-02 3.949660e-01 -2.189180e-01 3.061520e-01 -1.626920e-01
  540   0.424977   0.318972   3.485680   0.723085 5.261490e-06 5.524750e-02 5.301909e-02 1.198970e-02 3.949660e-01 -2.189180e-01 3.061520e-01 -1.626920e-01
  541   0.474754   0.244058   3.259240   0.244400 1.692470e-05 1.913340e-02 1.627493e-02 1.113730e-02 3.949660e-01 -2.189180e-01 3.061520e-01 -1.626920e-01
  542   0.475587   0.280699   3.447050   0.243025 1.281770e-05 2.310690e-02 7.028553e-03 1.093710e-02 3.949660e-01 -2.189180e-01 3.061520e-01 -1.626920e-01
  543   0.474702   0.311664   3.403580   0.255494 1.217910e-05 2.892600e-02 3.474200e-02 1.090200e-02 3.949660e-01 -2.189180e-01 3.061520e-01 -1.626920e-01
  544   0.473569   0.347990   3.388650   0.244606 1.046670e-05 3.264080e-02 3.336948e-02 1.104260e-02 3.949660e-01 -2.189180e-01 3.061520e-01 -1.626920e-01
  545   0.474587   0.397762   3.500030   0.248252 7.717450e-06 3.841220e-02 2.468025e-02 1.102660e-02 3.949660e-01 -2.189180e-01 3.061520e-01 -1.626920e-01
  546   0.473737   0.449066   3.801310   0.228145 4.622820e-06 3.972110e-02 -5.075066e-02 3.674690e-02 3.949660e-01 -2.189180e-01 3.061520e-01 -1.626920e-01
  547   0.474115   0.216313   3.242740   0.662751 1.166580e-05 2.545280e-02 2.380242e-02 1.155400e-02 3.949660e-01 -2.189180e-01 3.061520e-01 -1.626920e-01
  548   0.474033   0.262714   3.377790   0.623532 1.025330e-05 3.709290e-02 3.617379e-02 1.135120e-02 3.949660e-01 -2.189180e-01 3.061520e-01 -1.626920e-01
  549   0.474468   0.303099   3.452130   0.592541 9.154910e-06 4.584290e-02 5.238038e-02 1.124690e-02 3.949660e-01 -2.189180e-01 3.061520e-01 -1.626920e-01
  550   0.475185   0.369716   3.482840   0.536229 7.789550e-06 5.830510e-02 6.507495e-02 1.114500e-02 3.949660e-01 -2.189180e-01 3.061520e-01 -1.626920e-01
  551   0.473895   0.452599   3.854530   0.446231 4.784230e-06 6.477810e-02 8.687391e-03 8.017360e-02 3.949660e-01 -2.189180e-01 3.061520e-01 -1.626920e-01
  552   0.522908   0.249137   3.269960   0.237805 1.202320e-05 1.958670e-02 3.690108e-03 1.106960e-02 3.949660e-01 -2.189180e-01 3.061520e-01 -1.626920e-01
  553   0.523502   0.288282   3.424910   0.246850 9.499080e-06 2.507370e-02 2.939318e-02 1.099760e-02 3.949660e-01 -2.189180e-01 3.061520e-01 -1.626920e-01
  554   0.523177   0.327119   3.398290   0.241129 8.272190e-06 3.018350e-02 4.694938e-02 1.083340e-02 3.949660e-01 -2.189180e-01 3.061520e-01 -1.626920e-01
  555   0.524562   0.376043   3.412980   0.249945 6.732790e-06 3.750200e-02 2.850135e-02 1.099150e-02 3.949660e-01 -2.189180e-01 3.061520e-01 -1.626920e-01
  556   0.524448   0.427506   3.608740   0.241955 4.482390e-06 4.150350e-02 5.122141e-02 1.915610e-02 3.949660e-01 -2.189180e-01 3.061520e-01 -1.626920e-01
  557   0.523995   0.223806   3.257400   0.684008 8.529170e-06 3.076150e-02 4.569887e-02 1.144300e-02 3.949660e-01 -2.189180e-01 3.061520e-01 -1.626920e-01
  558   0.523738   0.272207   3.386000   0.613696 8.231920e-06 4.247470e-02 6.219923e-02 1.176110e-02 3.949660e-01 -2.189180e-01 3.061520e-01 -1.626920e-01
  559   0.523713   0.321043   3.423810   0.565702 7.499970e-06 5.327350e-02 5.577075e-02 1.153980e-02 3.949660e-01 -2.189180e-01 3.061520e-01 -1.626920e-01
  560   0.523305   0.386502   3.503840   0.504791 6.030800e-06 6.380750e-02 6.520558e-02 1.574160e-02 3.949660e-01 -2.189180e-01 3.061520e-01 -1.626920e-01
  561   0.573411   0.226733   3.224860   0.543329 1.048780e-05 2.985000e-02 1.231629e-02 1.115000e-02 3.949660e-01 -2.189180e-01 3.061520e-01 -1.626920e-01
  562   0.573337   0.260503   3.352680   0.431549 9.650110e-06 3.336920e-02 2.303378e-02 1.127050e-02 3.949660e-01 -2.189180e-01 3.061520e-01 -1.626920e-01
  563   0.574237   0.284701   3.434270   0.408568 8.368360e-06 3.709770e-02 4.511965e-02 1.127640e-02 3.949660e-01 -2.189180e-01 3.061520e-01 -1.626920e-01
  564   0.574270   0.309367   3.432570   0.364363 7.623590e-06 3.932780e-02 4.665566e-02 1.118580e-02 3.949660e-01 -2.189180e-01 3.061520e-01 -1.626920e-01
  565   0.573658   0.337745   3.389030   0.336363 6.956000e-06 4.253990e-02 1.507173e-02 1.098460e-02 3.949660e-01 -2.189180e-01 3.061520e-01 -1.626920e-01
  566   0.574378   0.378311   3.463190   0.306653 5.352560e-06 4.551590e-02 6.002743e-02 1.102540e-02 3.949660e-01 -2.189180e-01 3.061520e-01 -1.626920e-01
  567   0.571886   0.426018   3.658110   0.252320 3.417870e-06 4.299070e-02 1.491032e-02 2.153130e-02 3.949660e-01 -2.189180e-01 3.061520e-01 -1.626920e-01
  568   0.623259   0.232050   3.230270   0.524442 8.568610e-06 3.290070e-02 2.455734e-02 1.106930e-02 3.949660e-01 -2.189180e-01 3.061520e-01 -1.626920e-01
  569   0.623679   0.270625   3.403590   0.414421 7.124800e-06 3.625940e-02 3.036530e-02 1.121690e-02 3.949660e-01 -2.189180e-01 3.061520e-01 -1.626920e-01
  570   0.624534   0.301605   3.425590   0.365731 6.187440e-06 3.992810e-02 5.480613e-02 1.134600e-02 3.949660e-01 -2.189180e-01 3.061520e-01 -1.626920e-01
  571   0.623905   0.342608   3.422760   0.327267 5.151290e-06 4.442550e-02 2.282297e-02 1.106640e-02 3.949660e-01 -2.189180e-01 3.061520e-01 -1.626920e-01
  572   0.621087   0.390412   3.586110   0.253609 3.329600e-06 4.105560e-02 4.941990e-02 1.750040e-02 3.949660e-01 -2.189180e-01 3.061520e-01 -1.626920e-01
  573   0.672914   0.244904   3.284580   0.480989 6.761110e-06 3.569690e-02 3.095651e-02 1.126550e-02 3.949660e-01 -2.189180e-01 3.061520e-01 -1.626920e-01
  574   0.673740   0.288912   3.433770   0.357087 5.158900e-06 3.738450e-02 3.192804e-02 1.119720e-02 3.949660e-01 -2.189180e-01 3.061520e-01 -1.626920e-01
  575   0.672059   0.338627   3.484170   0.290436 3.823530e-06 3.967560e-02 2.272209e-02 1.136260e-02 3.949660e-01 -2.189180e-01 3.061520e-01 -1.626920e-01
  576   0.325421   0.312373   4.218250   0.364375 1.978160e-05 2.270480e-02 3.442885e-02 1.098790e-02 3.949660e-01 -2.189180e-01 3.061520e-01 -1.626920e-01
  577   0.326071   0.357415   4.449870   0.346541 1.431540e-05 2.644780e-02 -1.142222e-03 1.101490e-02 3.949660e-01 -2.189180e-01 3.061520e-01 -1.626920e-01
  578   0.325416   0.416622   4.500120   0.348643 1.041470e-05 3.346120e-02 2.969891e-02 1.097600e-02 3.949660e-01 -2.189180e-01 3.061520e-01 -1.626920e-01
  579   0.323827   0.486473   4.569500   0.306129 6.784000e-06 3.848000e-02 5.686405e-02 2.224460e-02 3.949660e-01 -2.189180e-01 3.061520e-01 -1.626920e-01
  580   0.374115   0.314613   4.225530   0.378519 1.427320e-05 2.572580e-02 2.695069e-02 1.096780e-02 3.949660e-01 -2.189180e-01 3.061520e-01 -1.626920e-01
  581   0.374334   0.357263   4.435960   0.348554 1.064250e-05 2.951020e-02 3.072543e-02 1.102180e-02 3.949660e-01 -2.189180e-01 3.061520e-01 -1.626920e-01
  582   0.374936   0.409524   4.498780   0.351130 7.957940e-06 3.681720e-02 1.770965e-02 1.100250e-02 3.949660e-01 -2.189180e-01 3.061520e-01 -1.626920e-01
  583   0.374348   0.474240   4.530630   0.329104 5.485720e-06 4.399600e-02 4.051847e-02 1.788170e-02 3.949660e-01 -2.189180e-01 3.061520e-01 -1.626920e-01
  584   0.424368   0.318277   4.237790   0.385094 1.027040e-05 2.868310e-02 1.875907e-02 1.120530e-02 3.949660e-01 -2.189180e-01 3.061520e-01 -1.626920e-01
  585   0.424621   0.368960   4.483110   0.364499 7.214810e-06 3.442230e-02 4.464268e-02 1.109050e-02 3.949660e-01 -2.189180e-01 3.061520e-01 -1.626920e-01
  586   0.424633   0.442766   4.511990   0.343443 4.909410e-06 4.468330e-02 6.206957e-02 1.140550e-02 3.949660e-01 -2.189180e-01 3.061520e-01 -1.626920e-01
  587   0.473932   0.323164   4.264410   0.391418 7.333080e-06 3.151000e-02 2.112118e-02 1.121420e-02 3.949660e-01 -2.189180e-01 3.061520e-01 -1.626920e-01
  588   0.474542   0.380544   4.499530   0.360748 4.999870e-06 3.839170e-02 2.102448e-02 1.105400e-02 3.949660e-01 -2.189180e-01 3.061520e-01 -1.626920e-01
  589   0.473795   0.455105   4.495180   0.331724 3.416730e-06 4.856920e-02 4.691198e-02 1.398160e-02 3.949660e-01 -2.189180e-01 3.061520e-01 -1.626920e-01
  590   0.524263   0.327361   4.280270   0.382170 5.345240e-06 3.318200e-02 4.529142e-02 1.120250e-02 3.949660e-01 -2.189180e-01 3.061520e-01 -1.626920e-01
  591   0.524921   0.396630   4.490950   0.355111 3.463510e-06 4.280050e-02 3.773600e-02 1.111930e-02 3.949660e-01 -2.189180e-01 3.061520e-01 -1.626920e-01
  592   0.522766   0.475037   4.522830   0.303954 2.194790e-06 5.009400e-02 3.579545e-02 2.370210e-02 3.949660e-01 -2.189180e-01 3.061520e-01 -1.626920e-01
  593   0.573600   0.334360   4.325700   0.376424 3.872020e-06 3.489660e-02 4.836086e-02 1.136870e-02 3.949660e-01 -2.189180e-01 3.061520e-01 -1.626920e-01
  594   0.573310   0.415658   4.525200   0.323620 2.323810e-06 4.400690e-02 2.185251e-02 1.266460e-02 3.949660e-01 -2.189180e-01 3.061520e-01 -1.626920e-01
  595   0.623655   0.343474   4.345550   0.359736 2.859670e-06 3.749570e-02 3.744013e-02 1.140790e-02 3.949660e-01 -2.189180e-01 3.061520e-01 -1.626920e-01
  596   0.622952   0.422173   4.531740   0.281657 1.640510e-06 4.234240e-02 5.864975e-02 1.961070e-02 3.949660e-01 -2.189180e-01 3.061520e-01 -1.626920e-01
  597   0.673357   0.356445   4.405780   0.348900 2.077300e-06 4.013120e-02 4.617264e-02 1.236360e-02 3.949660e-01 -2.189180e-01 3.061520e-01 -1.626920e-01
  598   0.325324   0.432602   5.421440   0.334891 6.109080e-06 2.834070e-02 1.799014e-02 1.100130e-02 3.949660e-01 -2.189180e-01 3.061520e-01 -1.626920e-01
  599   0.326263   0.534422   5.501930   0.334585 3.107700e-06 4.086090e-02 5.388438e-02 3.927500e-02 3.949660e-01 -2.189180e-01 3.061520e-01 -1.626920e-01
  600   0.374873   0.433771   5.415570   0.339743 4.440600e-06 3.234860e-02 2.877936e-02 1.095670e-02 3.949660e-01 -2.189180e-01 3.061520e-01 -1.626920e-01
  601   0.375994   0.532740   5.510680   0.336377 2.303530e-06 4.603050e-02 7.936170e-03 3.440700e-02 3.949660e-01 -2.189180e-01 3.061520e-01 -1.626920e-01
  602   0.424313   0.439658   5.416050   0.330848 3.156710e-06 3.560710e-02 4.205111e-02 1.099110e-02 3.949660e-01 -2.189180e-01 3.061520e-01 -1.626920e-01
  603   0.424564   0.556076   5.755900   0.320463 1.298200e-06 5.030570e-02 9.368918e-03 8.728230e-02 3.949660e-01 -2.189180e-01 3.061520e-01 -1.626920e-01
  604   0.474491   0.442746   5.421400   0.341955 2.274210e-06 3.927860e-02 3.509304e-02 1.196830e-02 3.949660e-01 -2.189180e-01 3.061520e-01 -1.626920e-01
  605   0.524527   0.440483   5.412380   0.335310 1.706710e-06 4.008390e-02 3.092324e-02 1.318840e-02 3.949660e-01 -2.189180e-01 3.061520e-01 -1.626920e-01
  606   0.573608   0.436095   5.428720   0.332136 1.314420e-06 4.002210e-02 4.049921e-02 1.493570e-02 3.949660e-01 -2.189180e-01 3.061520e-01 -1.626920e-01
  607   0.622803   0.427945   5.435660   0.327461 1.059600e-06 4.014090e-02 6.647531e-02 1.752590e-02 3.949660e-01 -2.189180e-01 3.061520e-01 -1.626920e-01
  608   0.672020   0.419427   5.414340   0.308687 8.683160e-07 3.783910e-02 2.526291e-04 2.161230e-02 3.949660e-01 -2.189180e-01 3.061520e-01 -1.626920e-01
  609   0.324998   0.517717   6.628390   0.337543 2.221240e-06 3.134690e-02 1.535385e-02 1.401190e-02 3.949660e-01 -2.189180e-01 3.061520e-01 -1.626920e-01
  610   0.374790   0.519211   6.615090   0.339078 1.610720e-06 3.588320e-02 3.498794e-02 1.443160e-02 3.949660e-01 -2.189180e-01 3.061520e-01 -1.626920e-01
  611   0.424204   0.517353   6.595740   0.339244 1.208730e-06 3.904430e-02 7.170963e-02 1.559410e-02 3.949660e-01 -2.189180e-01 3.061520e-01 -1.626920e-01
  612   0.474070   0.517089   6.604690   0.335462 8.811890e-07 4.116840e-02 3.942013e-02 1.689710e-02 3.949660e-01 -2.189180e-01 3.061520e-01 -1.626920e-01
  613   0.523595   0.514878   6.573130   0.328526 6.674450e-07 4.215280e-02 -8.412938e-03 1.902910e-02 3.949660e-01 -2.189180e-01 3.061520e-01 -1.626920e-01
  614   0.573356   0.509238   6.538640   0.317684 5.235980e-07 4.157260e-02 7.829344e-02 2.230100e-02 3.949660e-01 -2.189180e-01 3.061520e-01 -1.626920e-01
  615   0.622596   0.500485   6.512660   0.306262 4.269870e-07 4.123730e-02 4.968729e-02 2.786770e-02 3.949660e-01 -2.189180e-01 3.061520e-01 -1.626920e-01
  616   0.671600   0.484909   6.387490   0.272488 3.681940e-07 3.653720e-02 6.530638e-02 3.945330e-02 3.949660e-01 -2.189180e-01 3.061520e-01 -1.626920e-01
