6
0	8
0 	0 	0.473735 	2.19776 	0.144583 	0.175641 	0.608415 	0.00360435 	1.06398e+07 	5.20108 	1.01455 	1.00753 	1.00753
0 	1 	0.47523 	2.29322 	0.132355 	0.204418 	0.549327 	0.00379181 	1.05091e+07 	6.28319 	1.01061 	1.0067 	1.0067
0 	2 	0.473668 	2.33557 	0.126093 	0.22206 	0.520929 	0.0039291 	1.0327e+07 	6.28319 	1.01671 	1.00848 	1.00848
0 	3 	0.47339 	2.38877 	0.124316 	0.237676 	0.504171 	0.00399921 	1.04544e+07 	6.28319 	1.01285 	1.00645 	1.00645
0 	4 	0.473971 	2.42002 	0.124613 	0.253864 	0.480873 	0.00409992 	1.0441e+07 	6.28319 	1.03173 	1.01903 	1.01903
0 	5 	0.475008 	2.45276 	0.122605 	0.272431 	0.459044 	0.00422575 	1.03777e+07 	6.28319 	1.0172 	1.00861 	1.00861
0 	6 	0.474268 	2.48017 	0.128349 	0.296495 	0.432166 	0.00443168 	1.00924e+07 	6.28319 	1.00002 	1.00017 	1.00017
0 	7 	0.474621 	2.60968 	0.137327 	0.334275 	0.406572 	0.00529421 	7.8369e+06 	6.28319 	1.074 	1.05262 	1.05262
1	8
1 	0 	0.474184 	2.14164 	0.311168 	0.156003 	0.666765 	0.00281612 	1.64248e+07 	3.87463 	1.00233 	1.0012 	1.0012
1 	1 	0.474642 	2.26307 	0.30591 	0.180991 	0.605915 	0.00287889 	1.69664e+07 	4.32842 	1.01806 	1.01122 	1.01122
1 	2 	0.474237 	2.35119 	0.295666 	0.200615 	0.571765 	0.00301826 	1.64083e+07 	4.57276 	1.08511 	1.04344 	1.04344
1 	3 	0.473802 	2.42303 	0.294219 	0.21904 	0.54577 	0.00309519 	1.65181e+07 	4.92183 	1.25765 	1.12922 	1.12922
1 	4 	0.47385 	2.45303 	0.291971 	0.239984 	0.508675 	0.00323489 	1.61094e+07 	5.34071 	1.49881 	1.26698 	1.26698
1 	5 	0.474728 	2.42935 	0.289312 	0.264376 	0.462344 	0.00331663 	1.64548e+07 	6.10865 	1.36398 	1.21333 	1.21333
1 	6 	0.474258 	2.42395 	0.291186 	0.295671 	0.421902 	0.00350768 	1.60583e+07 	5.34071 	1.03106 	1.06273 	1.06273
1 	7 	0.474032 	2.59285 	0.293513 	0.339651 	0.391844 	0.00406557 	1.34671e+07 	3.94444 	1.03775 	1.11771 	1.11771
2	8
2 	0 	0.474054 	2.1122 	0.495368 	0.147084 	0.69659 	0.00345841 	1.06052e+07 	4.36332 	1.02042 	1.01177 	1.01177
2 	1 	0.474031 	2.22254 	0.490087 	0.167459 	0.642971 	0.00357921 	1.05292e+07 	4.67748 	1.16714 	1.084 	1.084
2 	2 	0.474676 	2.328 	0.486391 	0.185993 	0.606789 	0.0036945 	1.04727e+07 	4.95673 	1.57368 	1.2881 	1.2881
2 	3 	0.474152 	2.39582 	0.488881 	0.205973 	0.569193 	0.00379107 	1.05797e+07 	4.99164 	1.98911 	1.51791 	1.51791
2 	4 	0.473782 	2.43371 	0.488927 	0.227555 	0.529912 	0.00392307 	1.05509e+07 	5.20108 	2.123 	1.64634 	1.64634
2 	5 	0.473726 	2.42673 	0.491426 	0.253408 	0.48125 	0.00412211 	1.03149e+07 	3.7001 	1.53035 	1.43635 	1.43635
2 	6 	0.474754 	2.42973 	0.487411 	0.285703 	0.435213 	0.00434566 	1.01812e+07 	2.68781 	1.16745 	1.46329 	1.46329
2 	7 	0.474041 	2.55797 	0.480205 	0.330401 	0.398699 	0.00513016 	8.25368e+06 	2.37365 	1.00176 	1.55557 	1.55557
3	8
3 	0 	0.475229 	2.10658 	0.68129 	0.14482 	0.705463 	0.00533099 	4.43565e+06 	5.61996 	1.42915 	1.22302 	1.22302
3 	1 	0.474505 	2.21396 	0.682137 	0.165867 	0.646827 	0.00547597 	4.47705e+06 	5.68977 	1.95675 	1.51463 	1.51463
3 	2 	0.474373 	2.30571 	0.685675 	0.185095 	0.603976 	0.00569644 	4.39078e+06 	5.02655 	1.67997 	1.40295 	1.40295
3 	3 	0.47434 	2.36677 	0.68579 	0.203371 	0.568712 	0.00594096 	4.27202e+06 	4.71239 	1.31648 	1.24173 	1.24173
3 	4 	0.47417 	2.40674 	0.687523 	0.222349 	0.536357 	0.00602417 	4.40334e+06 	4.11898 	1.11756 	1.18387 	1.18387
3 	5 	0.473473 	2.39901 	0.687699 	0.242933 	0.494926 	0.00635756 	4.20255e+06 	3.83972 	1.00813 	1.20153 	1.20153
3 	6 	0.474303 	2.43903 	0.684067 	0.268175 	0.461764 	0.00660134 	4.19927e+06 	2.82743 	1.01377 	1.3351 	1.3351
3 	7 	0.472215 	2.62749 	0.666223 	0.304996 	0.441632 	0.00826757 	2.97227e+06 	2.61799 	1.07777 	1.59135 	1.59135
4	6
4 	0 	0.474126 	2.1163 	0.891419 	0.148024 	0.693871 	0.00789155 	2.50789e+06 	5.13127 	1.00817 	1.00787 	1.00787
4 	1 	0.47464 	2.23145 	0.891135 	0.171574 	0.630247 	0.00819793 	2.38421e+06 	3.7001 	1.01571 	1.04032 	1.04032
4 	2 	0.474724 	2.32915 	0.890402 	0.191894 	0.589736 	0.00822938 	2.42134e+06 	3.49066 	1.06639 	1.08013 	1.08013
4 	3 	0.474744 	2.38219 	0.888487 	0.212828 	0.550174 	0.008371 	2.3886e+06 	3.21141 	1.23124 	1.18144 	1.18144
4 	4 	0.4741 	2.48095 	0.880188 	0.236022 	0.52017 	0.00858611 	2.36272e+06 	2.82743 	1.41498 	1.28874 	1.28874
4 	5 	0.473283 	2.68743 	0.866856 	0.269663 	0.494893 	0.0118514 	1.3349e+06 	2.33874 	1.57737 	1.43263 	1.43263
5	2
5 	0 	0.476538 	2.20547 	1.08955 	0.161912 	0.663432 	0.00820931 	2.3894e+06 	3.35103 	1.47654 	1.26752 	1.26752
5 	1 	0.47596 	2.56453 	1.06656 	0.213258 	0.58383 	0.0104468 	1.59002e+06 	2.58309 	2.1971 	1.66779 	1.66779
