2
0	5
0 	0 	0.37416 	5.19309 	0.219039 	0.384023 	0.655082 	0.0100137 	2.40527e+06 	6.21337 	1.13325 	1.06663 	1.06663
0 	1 	0.374376 	5.38781 	0.212041 	0.413744 	0.630663 	0.0102656 	2.45178e+06 	6.28319 	1.16374 	1.08202 	1.08202
0 	2 	0.373933 	5.47549 	0.206293 	0.43934 	0.603655 	0.0108031 	2.34586e+06 	6.28319 	1.1694 	1.08622 	1.08622
0 	3 	0.373799 	5.51248 	0.203997 	0.471546 	0.566388 	0.0111812 	2.35896e+06 	6.28319 	1.08265 	1.04244 	1.04244
0 	4 	0.374387 	5.58244 	0.220173 	0.521112 	0.525889 	0.0136337 	1.79841e+06 	6.28319 	1.00073 	1.02138 	1.02138
1	2
1 	0 	0.374444 	5.31401 	0.598941 	0.40159 	0.641473 	0.0102089 	2.41876e+06 	4.46804 	1.19949 	1.12748 	1.12748
1 	1 	0.374065 	5.51625 	0.558315 	0.47406 	0.567168 	0.0113293 	2.32054e+06 	3.83972 	1.09747 	1.29079 	1.29079
