2
0	5
0 	0 	0.574087 	4.21391 	0.24033 	0.313944 	0.650351 	0.00950366 	2.44112e+06 	6.24828 	1.02531 	1.01374 	1.01374
0 	1 	0.57417 	4.47603 	0.237429 	0.344574 	0.629087 	0.00993259 	2.42864e+06 	6.28319 	1.01994 	1.01055 	1.01055
0 	2 	0.574274 	4.60535 	0.227659 	0.376089 	0.593456 	0.0104989 	2.35797e+06 	6.28319 	1.04222 	1.02191 	1.02191
0 	3 	0.573945 	4.46118 	0.231344 	0.425591 	0.528792 	0.0111297 	2.37069e+06 	6.28319 	1.01058 	1.00693 	1.00693
0 	4 	0.570992 	4.463 	0.22805 	0.476983 	0.506103 	0.0217551 	705845 	6.03884 	1.04119 	1.03365 	1.03365
1	3
1 	0 	0.573808 	4.26031 	0.587834 	0.317695 	0.649821 	0.00971126 	2.38492e+06 	5.79449 	1.5761 	1.29518 	1.29518
1 	1 	0.573913 	4.60307 	0.577388 	0.368309 	0.606726 	0.010453 	2.33935e+06 	5.23599 	2.12834 	1.62016 	1.62016
1 	2 	0.571295 	4.51401 	0.495521 	0.432234 	0.524257 	0.0244371 	499467 	3.45575 	1.24057 	1.24162 	1.24162
