2
0	5
0 	0 	0.473364 	4.20712 	0.246215 	0.313887 	0.649422 	0.00660585 	2.41873e+06 	6.21337 	1.06165 	1.03101 	1.03101
0 	1 	0.47439 	4.49716 	0.233779 	0.346988 	0.62773 	0.00671883 	2.43356e+06 	6.28319 	1.05736 	1.02915 	1.02915
0 	2 	0.473725 	4.60679 	0.217845 	0.385172 	0.580727 	0.00700919 	2.32221e+06 	6.28319 	1.10741 	1.0538 	1.0538
0 	3 	0.473449 	4.39388 	0.230834 	0.448302 	0.509359 	0.00712717 	2.34552e+06 	6.28319 	1.00002 	1.00991 	1.00991
0 	4 	0.474491 	4.77504 	0.23092 	0.510201 	0.539575 	0.0398822 	77396.8 	5.72468 	1.00026 	1.00965 	1.00965
1	2
1 	0 	0.473964 	4.31954 	0.606867 	0.324044 	0.646105 	0.00668017 	2.38521e+06 	6.07375 	1.64682 	1.33689 	1.33689
1 	1 	0.473704 	4.55267 	0.560567 	0.402741 	0.564058 	0.0070234 	2.33581e+06 	4.81711 	1.37714 	1.30976 	1.30976
