    0   0.325039   0.085216   1.160340   0.137582 4.745560e-04 -1.365820e-02 -9.016558e-03 6.764790e-03 3.949660e-01 -2.189180e-01 2.976310e-01 -1.610090e-01
    1   0.325991   0.107615   1.299360   0.127008 2.974560e-04 -1.875210e-02 -1.596702e-02 6.816160e-03 3.949660e-01 -2.189180e-01 2.976310e-01 -1.610090e-01
    2   0.326707   0.128177   1.382140   0.127532 2.309040e-04 -2.488340e-02 -3.165704e-02 6.796560e-03 3.949660e-01 -2.189180e-01 2.976310e-01 -1.610090e-01
    3   0.325309   0.147389   1.375190   0.112874 1.930040e-04 -2.855090e-02 -2.457464e-02 6.639250e-03 3.949660e-01 -2.189180e-01 2.976310e-01 -1.610090e-01
    4   0.324589   0.165728   1.310370   0.124315 2.144130e-04 -3.838540e-02 -4.513004e-02 6.785960e-03 3.949660e-01 -2.189180e-01 2.976310e-01 -1.610090e-01
    5   0.322795   0.187149   1.355120   0.124205 1.823570e-04 -4.480510e-02 -4.294514e-02 6.719210e-03 3.949660e-01 -2.189180e-01 2.976310e-01 -1.610090e-01
    6   0.324036   0.210022   1.472010   0.112999 1.251740e-04 -4.592470e-02 -4.964661e-02 6.804150e-03 3.949660e-01 -2.189180e-01 2.976310e-01 -1.610090e-01
    7   0.324395   0.250815   1.702070   0.125617 8.266330e-05 -5.942710e-02 -6.250700e-02 7.437360e-03 3.949660e-01 -2.189180e-01 2.976310e-01 -1.610090e-01
    8   0.324928   0.076079   1.141970   0.294748 7.962150e-04 -1.703890e-02 -1.997841e-02 5.428410e-03 3.949660e-01 -2.189180e-01 2.976310e-01 -1.610090e-01
    9   0.325531   0.095384   1.263840   0.301927 5.540850e-04 -2.725060e-02 -3.543820e-02 5.474100e-03 3.949660e-01 -2.189180e-01 2.976310e-01 -1.610090e-01
   10   0.326743   0.113326   1.353370   0.303304 4.238990e-04 -3.694280e-02 -3.883344e-02 5.615810e-03 3.949660e-01 -2.189180e-01 2.976310e-01 -1.610090e-01
   11   0.323447   0.130597   1.408930   0.304896 3.614620e-04 -4.725910e-02 -5.316054e-02 5.525560e-03 3.949660e-01 -2.189180e-01 2.976310e-01 -1.610090e-01
   12   0.324861   0.150142   1.422170   0.298346 3.166870e-04 -5.903320e-02 -5.411183e-02 5.743800e-03 3.949660e-01 -2.189180e-01 2.976310e-01 -1.610090e-01
   13   0.326397   0.172400   1.424090   0.292812 2.795800e-04 -7.208740e-02 -6.400187e-02 5.844640e-03 3.949660e-01 -2.189180e-01 2.976310e-01 -1.610090e-01
   14   0.324046   0.201099   1.514460   0.295737 2.177610e-04 -8.738500e-02 -8.620334e-02 6.249550e-03 3.949660e-01 -2.189180e-01 2.976310e-01 -1.610090e-01
   15   0.323889   0.249030   1.715620   0.298902 1.338930e-04 -1.099070e-01 -1.173470e-01 7.143400e-03 3.949660e-01 -2.189180e-01 2.976310e-01 -1.610090e-01
   16   0.323992   0.074096   1.144880   0.494608 5.706640e-04 -1.588070e-02 -1.740003e-02 6.006590e-03 3.949660e-01 -2.189180e-01 2.976310e-01 -1.610090e-01
   17   0.325131   0.091533   1.220450   0.495689 4.300060e-04 -2.682180e-02 -2.308511e-02 6.108490e-03 3.949660e-01 -2.189180e-01 2.976310e-01 -1.610090e-01
   18   0.323997   0.105275   1.298040   0.494535 3.493730e-04 -3.446670e-02 -2.320211e-02 6.089710e-03 3.949660e-01 -2.189180e-01 2.976310e-01 -1.610090e-01
   19   0.324489   0.119883   1.379800   0.496458 2.790110e-04 -4.232840e-02 -5.107560e-02 6.322440e-03 3.949660e-01 -2.189180e-01 2.976310e-01 -1.610090e-01
   20   0.324592   0.135999   1.455140   0.490677 2.331230e-04 -5.142320e-02 -4.612246e-02 6.313650e-03 3.949660e-01 -2.189180e-01 2.976310e-01 -1.610090e-01
   21   0.325034   0.156578   1.470280   0.491835 2.025240e-04 -6.494850e-02 -6.375071e-02 6.743820e-03 3.949660e-01 -2.189180e-01 2.976310e-01 -1.610090e-01
   22   0.323983   0.184870   1.506170   0.482893 1.733220e-04 -8.270870e-02 -8.130131e-02 6.895160e-03 3.949660e-01 -2.189180e-01 2.976310e-01 -1.610090e-01
   23   0.324697   0.233864   1.682670   0.483968 1.081270e-04 -1.082120e-01 -1.033136e-01 6.973740e-03 3.949660e-01 -2.189180e-01 2.976310e-01 -1.610090e-01
   24   0.325132   0.071663   1.124250   0.685154 1.557420e-04 -1.428020e-02 -2.633038e-02 1.011100e-02 3.949660e-01 -2.189180e-01 2.976310e-01 -1.610090e-01
   25   0.324619   0.087684   1.208230   0.681057 1.238250e-04 -2.409790e-02 -2.905831e-02 9.904550e-03 3.949660e-01 -2.189180e-01 2.976310e-01 -1.610090e-01
   26   0.324887   0.100428   1.278880   0.679168 1.038780e-04 -3.149470e-02 -2.825122e-02 1.026890e-02 3.949660e-01 -2.189180e-01 2.976310e-01 -1.610090e-01
   27   0.325268   0.113543   1.391410   0.679690 8.284450e-05 -3.749300e-02 -3.355409e-02 1.025300e-02 3.949660e-01 -2.189180e-01 2.976310e-01 -1.610090e-01
   28   0.326239   0.127824   1.463950   0.675025 7.272710e-05 -4.515540e-02 -3.415709e-02 1.053630e-02 3.949660e-01 -2.189180e-01 2.976310e-01 -1.610090e-01
   29   0.325495   0.145767   1.537500   0.676808 5.841220e-05 -5.574470e-02 -5.951278e-02 1.047650e-02 3.949660e-01 -2.189180e-01 2.976310e-01 -1.610090e-01
   30   0.325577   0.171844   1.574630   0.670921 5.017090e-05 -7.184750e-02 -6.491660e-02 1.031300e-02 3.949660e-01 -2.189180e-01 2.976310e-01 -1.610090e-01
   31   0.324751   0.217550   1.710770   0.665088 3.550480e-05 -9.625570e-02 -7.741300e-02 1.220140e-02 3.949660e-01 -2.189180e-01 2.976310e-01 -1.610090e-01
   32   0.327462   0.081413   1.257290   0.902466 -9.864240e-05 -1.725210e-03 -1.659629e-02 1.093130e-02 3.949660e-01 -2.189180e-01 2.976310e-01 -1.610090e-01
   33   0.327873   0.129677   1.638050   0.881397 -3.161500e-05 1.819060e-03 -5.449525e-03 1.159900e-02 3.949660e-01 -2.189180e-01 2.976310e-01 -1.610090e-01
   34   0.329592   0.197118   1.817660   0.845961 -1.378800e-05 1.397370e-02 1.200063e-01 6.266930e-02 3.949660e-01 -2.189180e-01 2.976310e-01 -1.610090e-01
   35   0.374549   0.089463   1.148150   0.132926 3.175620e-04 -1.330640e-02 -1.868027e-02 6.878630e-03 3.949660e-01 -2.189180e-01 2.976310e-01 -1.610090e-01
   36   0.374947   0.111812   1.277970   0.119760 1.981940e-04 -1.715470e-02 -1.655253e-02 7.433710e-03 3.949660e-01 -2.189180e-01 2.976310e-01 -1.610090e-01
   37   0.374028   0.129671   1.406530   0.126884 1.528830e-04 -2.184730e-02 -2.015774e-02 7.157310e-03 3.949660e-01 -2.189180e-01 2.976310e-01 -1.610090e-01
   38   0.374519   0.147005   1.472310   0.126828 1.256770e-04 -2.615100e-02 -2.432334e-02 7.207350e-03 3.949660e-01 -2.189180e-01 2.976310e-01 -1.610090e-01
   39   0.377229   0.165290   1.408730   0.126599 1.246080e-04 -3.212010e-02 -2.278685e-02 7.199400e-03 3.949660e-01 -2.189180e-01 2.976310e-01 -1.610090e-01
   40   0.374265   0.184260   1.388760   0.133813 1.259420e-04 -4.000720e-02 -3.656733e-02 7.215040e-03 3.949660e-01 -2.189180e-01 2.976310e-01 -1.610090e-01
   41   0.373193   0.207998   1.430850   0.127347 1.021590e-04 -4.433280e-02 -4.197124e-02 7.191940e-03 3.949660e-01 -2.189180e-01 2.976310e-01 -1.610090e-01
   42   0.374096   0.248362   1.684830   0.123761 5.732760e-05 -5.003390e-02 -4.084151e-02 8.037460e-03 3.949660e-01 -2.189180e-01 2.976310e-01 -1.610090e-01
   43   0.375447   0.077801   1.142220   0.306406 5.530220e-04 -1.698410e-02 -1.290998e-02 5.746250e-03 3.949660e-01 -2.189180e-01 2.976310e-01 -1.610090e-01
   44   0.375448   0.097360   1.262920   0.300810 3.848510e-04 -2.614910e-02 -2.141760e-02 5.744140e-03 3.949660e-01 -2.189180e-01 2.976310e-01 -1.610090e-01
   45   0.373730   0.113954   1.351900   0.304336 3.030690e-04 -3.439810e-02 -3.426104e-02 5.958100e-03 3.949660e-01 -2.189180e-01 2.976310e-01 -1.610090e-01
   46   0.374824   0.130088   1.423670   0.290662 2.435200e-04 -4.123940e-02 -3.209870e-02 5.883690e-03 3.949660e-01 -2.189180e-01 2.976310e-01 -1.610090e-01
   47   0.373293   0.147406   1.418200   0.301046 2.283950e-04 -5.259690e-02 -5.768408e-02 6.041310e-03 3.949660e-01 -2.189180e-01 2.976310e-01 -1.610090e-01
   48   0.374573   0.168435   1.437560   0.302069 1.980550e-04 -6.402640e-02 -6.192754e-02 6.172160e-03 3.949660e-01 -2.189180e-01 2.976310e-01 -1.610090e-01
   49   0.375695   0.195488   1.466460   0.297416 1.651190e-04 -7.720660e-02 -7.987944e-02 6.528130e-03 3.949660e-01 -2.189180e-01 2.976310e-01 -1.610090e-01
   50   0.374201   0.244765   1.691500   0.295587 9.730070e-05 -9.654530e-02 -9.366319e-02 7.143700e-03 3.949660e-01 -2.189180e-01 2.976310e-01 -1.610090e-01
   51   0.376055   0.073990   1.147860   0.489189 4.265740e-04 -1.556760e-02 -2.980122e-02 6.354450e-03 3.949660e-01 -2.189180e-01 2.976310e-01 -1.610090e-01
   52   0.374834   0.092476   1.228390   0.500117 3.098790e-04 -2.705640e-02 -3.359107e-02 6.225940e-03 3.949660e-01 -2.189180e-01 2.976310e-01 -1.610090e-01
   53   0.374704   0.107755   1.307970   0.493378 2.513730e-04 -3.567400e-02 -3.562173e-02 6.297370e-03 3.949660e-01 -2.189180e-01 2.976310e-01 -1.610090e-01
   54   0.374810   0.121837   1.376000   0.493282 2.075350e-04 -4.350340e-02 -4.712555e-02 6.584420e-03 3.949660e-01 -2.189180e-01 2.976310e-01 -1.610090e-01
   55   0.373776   0.136676   1.421510   0.492803 1.796140e-04 -5.233350e-02 -3.506919e-02 6.578500e-03 3.949660e-01 -2.189180e-01 2.976310e-01 -1.610090e-01
   56   0.374687   0.156571   1.444400   0.491289 1.559060e-04 -6.488600e-02 -6.625812e-02 6.834610e-03 3.949660e-01 -2.189180e-01 2.976310e-01 -1.610090e-01
   57   0.375564   0.184753   1.507110   0.492385 1.225500e-04 -8.088230e-02 -7.501508e-02 7.215040e-03 3.949660e-01 -2.189180e-01 2.976310e-01 -1.610090e-01
   58   0.374134   0.235172   1.668990   0.488150 7.950980e-05 -1.065080e-01 -1.177258e-01 7.621940e-03 3.949660e-01 -2.189180e-01 2.976310e-01 -1.610090e-01
   59   0.374165   0.071891   1.124580   0.687590 1.390920e-04 -1.526640e-02 -1.547162e-02 9.640290e-03 3.949660e-01 -2.189180e-01 2.976310e-01 -1.610090e-01
   60   0.374837   0.088333   1.211290   0.681664 1.105630e-04 -2.561260e-02 -4.415593e-02 9.732220e-03 3.949660e-01 -2.189180e-01 2.976310e-01 -1.610090e-01
   61   0.376299   0.101141   1.287120   0.680015 9.116430e-05 -3.307400e-02 -2.185826e-02 9.765690e-03 3.949660e-01 -2.189180e-01 2.976310e-01 -1.610090e-01
   62   0.375975   0.113830   1.364060   0.680051 7.549440e-05 -4.019390e-02 -4.247389e-02 9.805200e-03 3.949660e-01 -2.189180e-01 2.976310e-01 -1.610090e-01
   63   0.375068   0.127958   1.454690   0.682004 6.078260e-05 -4.776560e-02 -4.468832e-02 1.008440e-02 3.949660e-01 -2.189180e-01 2.976310e-01 -1.610090e-01
   64   0.374908   0.145031   1.513960   0.674856 5.424470e-05 -5.762800e-02 -3.925346e-02 9.874460e-03 3.949660e-01 -2.189180e-01 2.976310e-01 -1.610090e-01
   65   0.376841   0.169247   1.567550   0.675617 4.330450e-05 -7.310650e-02 -6.518700e-02 1.000070e-02 3.949660e-01 -2.189180e-01 2.976310e-01 -1.610090e-01
   66   0.374431   0.215509   1.697160   0.671801 3.009140e-05 -9.902850e-02 -1.125356e-01 1.167700e-02 3.949660e-01 -2.189180e-01 2.976310e-01 -1.610090e-01
   67   0.375499   0.079851   1.201430   0.882548 -5.419240e-05 2.682740e-03 -1.429279e-03 1.089110e-02 3.949660e-01 -2.189180e-01 2.976310e-01 -1.610090e-01
   68   0.376234   0.115052   1.467710   0.879269 -2.323440e-05 1.189900e-02 5.169992e-03 1.107130e-02 3.949660e-01 -2.189180e-01 2.976310e-01 -1.610090e-01
   69   0.376905   0.164501   1.682200   0.869763 -1.158810e-05 2.924150e-02 1.445124e-02 1.515030e-02 3.949660e-01 -2.189180e-01 2.976310e-01 -1.610090e-01
   70   0.377616   0.098023   1.463640   1.078820 -6.197630e-05 -2.604920e-03 4.997926e-02 1.609250e-02 3.949660e-01 -2.189180e-01 2.976310e-01 -1.610090e-01
   71   0.423385   0.090334   1.137010   0.131619 2.278110e-04 -1.200150e-02 -1.654615e-03 8.743910e-03 3.949660e-01 -2.189180e-01 2.976310e-01 -1.610090e-01
   72   0.424091   0.108983   1.256360   0.119122 1.474100e-04 -1.447290e-02 -9.123845e-03 8.111430e-03 3.949660e-01 -2.189180e-01 2.976310e-01 -1.610090e-01
   73   0.427469   0.123562   1.375200   0.123221 1.108000e-04 -1.723500e-02 -1.978171e-02 7.950880e-03 3.949660e-01 -2.189180e-01 2.976310e-01 -1.610090e-01
   74   0.424783   0.139642   1.440910   0.121031 9.181380e-05 -2.038850e-02 -1.906355e-02 7.902360e-03 3.949660e-01 -2.189180e-01 2.976310e-01 -1.610090e-01
   75   0.427061   0.154675   1.442810   0.134462 9.155140e-05 -2.642120e-02 -2.997009e-02 8.011370e-03 3.949660e-01 -2.189180e-01 2.976310e-01 -1.610090e-01
   76   0.425532   0.173116   1.489800   0.130729 7.692860e-05 -2.993970e-02 -2.031473e-02 8.116670e-03 3.949660e-01 -2.189180e-01 2.976310e-01 -1.610090e-01
   77   0.424931   0.199350   1.478920   0.127411 6.814290e-05 -3.562800e-02 -4.395407e-02 8.070530e-03 3.949660e-01 -2.189180e-01 2.976310e-01 -1.610090e-01
   78   0.424645   0.243715   1.664150   0.128097 4.295960e-05 -4.357750e-02 -6.189710e-02 9.409550e-03 3.949660e-01 -2.189180e-01 2.976310e-01 -1.610090e-01
   79   0.423770   0.078980   1.142200   0.311719 4.004200e-04 -1.645080e-02 -1.711994e-02 5.969600e-03 3.949660e-01 -2.189180e-01 2.976310e-01 -1.610090e-01
   80   0.425345   0.097719   1.240060   0.297867 2.871250e-04 -2.455800e-02 -3.058787e-02 5.948300e-03 3.949660e-01 -2.189180e-01 2.976310e-01 -1.610090e-01
   81   0.424440   0.112865   1.333270   0.310276 2.250220e-04 -3.158510e-02 -3.722746e-02 6.172740e-03 3.949660e-01 -2.189180e-01 2.976310e-01 -1.610090e-01
   82   0.424152   0.128838   1.418850   0.299062 1.781970e-04 -3.758120e-02 -3.326429e-02 6.070290e-03 3.949660e-01 -2.189180e-01 2.976310e-01 -1.610090e-01
   83   0.424913   0.145383   1.431850   0.293610 1.588900e-04 -4.553990e-02 -4.555534e-02 6.140570e-03 3.949660e-01 -2.189180e-01 2.976310e-01 -1.610090e-01
   84   0.424377   0.165702   1.468770   0.297265 1.365830e-04 -5.536470e-02 -5.896046e-02 6.278570e-03 3.949660e-01 -2.189180e-01 2.976310e-01 -1.610090e-01
   85   0.424134   0.192218   1.439830   0.292135 1.256690e-04 -6.813020e-02 -7.025173e-02 6.609600e-03 3.949660e-01 -2.189180e-01 2.976310e-01 -1.610090e-01
   86   0.425584   0.236380   1.654620   0.289927 7.444640e-05 -8.222930e-02 -8.121870e-02 7.528280e-03 3.949660e-01 -2.189180e-01 2.976310e-01 -1.610090e-01
   87   0.424845   0.072821   1.133620   0.495263 3.309690e-04 -1.492150e-02 -1.189329e-02 6.714170e-03 3.949660e-01 -2.189180e-01 2.976310e-01 -1.610090e-01
   88   0.424897   0.090286   1.222670   0.496638 2.437610e-04 -2.519860e-02 -1.122632e-02 6.604660e-03 3.949660e-01 -2.189180e-01 2.976310e-01 -1.610090e-01
   89   0.424852   0.105349   1.313970   0.494205 1.903410e-04 -3.310680e-02 -2.497890e-02 6.686600e-03 3.949660e-01 -2.189180e-01 2.976310e-01 -1.610090e-01
   90   0.424434   0.119811   1.354220   0.497486 1.620330e-04 -4.207100e-02 -5.016942e-02 6.837840e-03 3.949660e-01 -2.189180e-01 2.976310e-01 -1.610090e-01
   91   0.423735   0.135847   1.438280   0.492159 1.327880e-04 -5.017120e-02 -5.327340e-02 7.050180e-03 3.949660e-01 -2.189180e-01 2.976310e-01 -1.610090e-01
   92   0.424707   0.154795   1.445680   0.493217 1.175750e-04 -6.227680e-02 -5.946759e-02 7.430900e-03 3.949660e-01 -2.189180e-01 2.976310e-01 -1.610090e-01
   93   0.424048   0.182690   1.511090   0.497245 9.216180e-05 -7.759010e-02 -8.391517e-02 7.773090e-03 3.949660e-01 -2.189180e-01 2.976310e-01 -1.610090e-01
   94   0.422226   0.230989   1.644760   0.491938 6.267570e-05 -1.012920e-01 -1.043628e-01 9.013300e-03 3.949660e-01 -2.189180e-01 2.976310e-01 -1.610090e-01
   95   0.424978   0.071699   1.123460   0.687223 1.234520e-04 -1.584830e-02 -2.700657e-02 9.630130e-03 3.949660e-01 -2.189180e-01 2.976310e-01 -1.610090e-01
   96   0.424152   0.088316   1.205290   0.686773 9.334200e-05 -2.717420e-02 -2.349174e-02 9.817920e-03 3.949660e-01 -2.189180e-01 2.976310e-01 -1.610090e-01
   97   0.425045   0.100863   1.280150   0.678384 8.133570e-05 -3.430980e-02 -5.109057e-02 9.792130e-03 3.949660e-01 -2.189180e-01 2.976310e-01 -1.610090e-01
   98   0.423978   0.114009   1.343550   0.678796 6.786340e-05 -4.253170e-02 -4.957533e-02 1.028740e-02 3.949660e-01 -2.189180e-01 2.976310e-01 -1.610090e-01
   99   0.425608   0.127436   1.414210   0.680345 5.573950e-05 -5.051460e-02 -5.103377e-02 9.712430e-03 3.949660e-01 -2.189180e-01 2.976310e-01 -1.610090e-01
  100   0.425646   0.143749   1.480940   0.679462 4.665730e-05 -6.032060e-02 -6.000695e-02 1.016630e-02 3.949660e-01 -2.189180e-01 2.976310e-01 -1.610090e-01
  101   0.425803   0.166460   1.534850   0.679812 3.796790e-05 -7.501850e-02 -5.903491e-02 1.009960e-02 3.949660e-01 -2.189180e-01 2.976310e-01 -1.610090e-01
  102   0.425445   0.208971   1.694440   0.671434 2.690150e-05 -9.677160e-02 -9.593827e-02 1.067910e-02 3.949660e-01 -2.189180e-01 2.976310e-01 -1.610090e-01
  103   0.425075   0.078814   1.173040   0.884942 -3.112530e-05 9.914250e-03 1.896158e-02 1.099310e-02 3.949660e-01 -2.189180e-01 2.976310e-01 -1.610090e-01
  104   0.424550   0.107306   1.366010   0.879148 -1.482390e-05 2.928470e-02 3.382706e-02 1.102780e-02 3.949660e-01 -2.189180e-01 2.976310e-01 -1.610090e-01
  105   0.425683   0.146340   1.598550   0.880291 -7.256450e-06 6.076750e-02 7.012103e-02 1.113700e-02 3.949660e-01 -2.189180e-01 2.976310e-01 -1.610090e-01
  106   0.424871   0.204960   1.825040   0.863157 -2.589630e-06 1.802230e-01 1.467759e-01 3.795190e-02 3.949660e-01 -2.189180e-01 2.976310e-01 -1.610090e-01
  107   0.426922   0.099994   1.422590   1.090090 -4.520850e-05 -1.882270e-03 1.479348e-02 1.190310e-02 3.949660e-01 -2.189180e-01 2.976310e-01 -1.610090e-01
  108   0.474604   0.091680   1.139200   0.127561 1.549720e-04 -1.062030e-02 -4.094311e-03 8.405310e-03 3.949660e-01 -2.189180e-01 2.976310e-01 -1.610090e-01
  109   0.472338   0.112237   1.235230   0.130917 1.176180e-04 -1.514080e-02 -1.940619e-02 8.459540e-03 3.949660e-01 -2.189180e-01 2.976310e-01 -1.610090e-01
  110   0.475284   0.130541   1.360420   0.136654 8.637820e-05 -1.887120e-02 -2.590310e-02 8.162220e-03 3.949660e-01 -2.189180e-01 2.976310e-01 -1.610090e-01
  111   0.475311   0.146488   1.443680   0.118325 6.118980e-05 -1.905450e-02 -2.150383e-02 8.603190e-03 3.949660e-01 -2.189180e-01 2.976310e-01 -1.610090e-01
  112   0.475349   0.162798   1.468110   0.128894 5.860300e-05 -2.403840e-02 -2.412406e-02 8.403010e-03 3.949660e-01 -2.189180e-01 2.976310e-01 -1.610090e-01
  113   0.471852   0.180162   1.417620   0.126446 5.902420e-05 -2.796380e-02 -2.317142e-02 8.545430e-03 3.949660e-01 -2.189180e-01 2.976310e-01 -1.610090e-01
  114   0.476425   0.205354   1.553810   0.133643 4.327060e-05 -3.295000e-02 -2.775083e-02 8.346320e-03 3.949660e-01 -2.189180e-01 2.976310e-01 -1.610090e-01
  115   0.473432   0.246798   1.699630   0.124926 2.815470e-05 -3.729960e-02 -4.951078e-02 1.015630e-02 3.949660e-01 -2.189180e-01 2.976310e-01 -1.610090e-01
  116   0.473768   0.080022   1.151400   0.311164 2.845890e-04 -1.544270e-02 -1.179886e-02 6.253860e-03 3.949660e-01 -2.189180e-01 2.976310e-01 -1.610090e-01
  117   0.475253   0.098928   1.278220   0.306592 1.945020e-04 -2.260370e-02 -2.092065e-02 6.465040e-03 3.949660e-01 -2.189180e-01 2.976310e-01 -1.610090e-01
  118   0.474417   0.113843   1.335230   0.303353 1.613880e-04 -2.903970e-02 -2.144940e-02 6.281200e-03 3.949660e-01 -2.189180e-01 2.976310e-01 -1.610090e-01
  119   0.472236   0.128584   1.388370   0.299563 1.375090e-04 -3.512060e-02 -3.202066e-02 6.206290e-03 3.949660e-01 -2.189180e-01 2.976310e-01 -1.610090e-01
  120   0.476546   0.143955   1.393160   0.295760 1.222660e-04 -4.186020e-02 -4.878794e-02 6.426640e-03 3.949660e-01 -2.189180e-01 2.976310e-01 -1.610090e-01
  121   0.475939   0.163873   1.432670   0.290967 1.039140e-04 -4.949290e-02 -6.038265e-02 6.739060e-03 3.949660e-01 -2.189180e-01 2.976310e-01 -1.610090e-01
  122   0.474521   0.189005   1.490380   0.293299 8.528040e-05 -5.935850e-02 -5.727038e-02 6.698640e-03 3.949660e-01 -2.189180e-01 2.976310e-01 -1.610090e-01
  123   0.475087   0.235042   1.672400   0.294321 5.310020e-05 -7.379580e-02 -8.647407e-02 7.668720e-03 3.949660e-01 -2.189180e-01 2.976310e-01 -1.610090e-01
  124   0.473926   0.073776   1.135000   0.494590 2.517830e-04 -1.528600e-02 -1.265522e-02 7.172240e-03 3.949660e-01 -2.189180e-01 2.976310e-01 -1.610090e-01
  125   0.475437   0.090743   1.215980   0.493583 1.886590e-04 -2.518480e-02 -2.858177e-02 7.030280e-03 3.949660e-01 -2.189180e-01 2.976310e-01 -1.610090e-01
  126   0.474152   0.105119   1.323460   0.501032 1.408700e-04 -3.202910e-02 -4.447823e-02 7.313290e-03 3.949660e-01 -2.189180e-01 2.976310e-01 -1.610090e-01
  127   0.476252   0.118331   1.331380   0.491977 1.297570e-04 -4.068910e-02 -3.089841e-02 7.510850e-03 3.949660e-01 -2.189180e-01 2.976310e-01 -1.610090e-01
  128   0.474115   0.132559   1.410820   0.490658 1.071420e-04 -4.754990e-02 -4.589215e-02 7.737490e-03 3.949660e-01 -2.189180e-01 2.976310e-01 -1.610090e-01
  129   0.473632   0.150175   1.427230   0.496102 9.391260e-05 -5.843090e-02 -6.272131e-02 8.036830e-03 3.949660e-01 -2.189180e-01 2.976310e-01 -1.610090e-01
  130   0.475400   0.176762   1.489380   0.488420 7.562760e-05 -7.192950e-02 -5.061220e-02 8.556710e-03 3.949660e-01 -2.189180e-01 2.976310e-01 -1.610090e-01
  131   0.473173   0.225361   1.658170   0.487636 4.824730e-05 -9.346080e-02 -7.302249e-02 1.022010e-02 3.949660e-01 -2.189180e-01 2.976310e-01 -1.610090e-01
  132   0.474582   0.071907   1.132630   0.683069 1.082970e-04 -1.604540e-02 7.091865e-03 9.678060e-03 3.949660e-01 -2.189180e-01 2.976310e-01 -1.610090e-01
  133   0.474466   0.088101   1.211490   0.683587 8.173990e-05 -2.738730e-02 -2.192445e-02 1.025770e-02 3.949660e-01 -2.189180e-01 2.976310e-01 -1.610090e-01
  134   0.473832   0.100844   1.268980   0.688562 6.548470e-05 -3.644590e-02 -2.342404e-02 9.715120e-03 3.949660e-01 -2.189180e-01 2.976310e-01 -1.610090e-01
  135   0.474407   0.113951   1.325560   0.685219 5.627040e-05 -4.499080e-02 -5.019790e-02 1.026290e-02 3.949660e-01 -2.189180e-01 2.976310e-01 -1.610090e-01
  136   0.475775   0.127838   1.403380   0.685216 4.615330e-05 -5.308750e-02 -6.523465e-02 1.022350e-02 3.949660e-01 -2.189180e-01 2.976310e-01 -1.610090e-01
  137   0.473380   0.144284   1.467280   0.681945 3.961370e-05 -6.296740e-02 -6.438258e-02 1.049760e-02 3.949660e-01 -2.189180e-01 2.976310e-01 -1.610090e-01
  138   0.474090   0.167609   1.534590   0.686964 3.059400e-05 -7.834700e-02 -6.766339e-02 1.046480e-02 3.949660e-01 -2.189180e-01 2.976310e-01 -1.610090e-01
  139   0.474197   0.207389   1.706460   0.678846 2.151850e-05 -9.757900e-02 -8.894022e-02 1.197700e-02 3.949660e-01 -2.189180e-01 2.976310e-01 -1.610090e-01
  140   0.475107   0.078442   1.152480   0.888958 -1.659080e-05 2.468020e-02 9.137886e-03 1.076750e-02 3.949660e-01 -2.189180e-01 2.976310e-01 -1.610090e-01
  141   0.475715   0.103279   1.305710   0.885020 -8.332650e-06 6.250780e-02 6.806560e-02 1.099040e-02 3.949660e-01 -2.189180e-01 2.976310e-01 -1.610090e-01
  142   0.476189   0.133490   1.504470   0.882294 -3.338110e-06 1.586470e-01 1.405866e-01 1.099350e-02 3.949660e-01 -2.189180e-01 2.976310e-01 -1.610090e-01
  143   0.476079   0.176309   1.704210   0.867720 -2.967730e-07 1.869990e+00 1.843846e+00 1.689040e-02 3.949660e-01 -2.189180e-01 2.976310e-01 -1.610090e-01
  144   0.475690   0.090648   1.321960   1.105660 -4.120140e-05 -9.204490e-04 -4.549074e-03 1.094800e-02 3.949660e-01 -2.189180e-01 2.976310e-01 -1.610090e-01
  145   0.475955   0.145393   1.736550   1.077950 -1.418780e-05 1.769890e-03 -3.207551e-02 2.417180e-02 3.949660e-01 -2.189180e-01 2.976310e-01 -1.610090e-01
  146   0.523055   0.095566   1.175790   0.146934 1.160160e-04 -1.144040e-02 -1.278364e-02 8.267810e-03 3.949660e-01 -2.189180e-01 2.976310e-01 -1.610090e-01
  147   0.525052   0.113683   1.241650   0.137582 8.563130e-05 -1.436900e-02 -1.924880e-02 8.838650e-03 3.949660e-01 -2.189180e-01 2.976310e-01 -1.610090e-01
  148   0.522922   0.128971   1.358180   0.118079 5.653730e-05 -1.442340e-02 -1.223710e-02 8.700610e-03 3.949660e-01 -2.189180e-01 2.976310e-01 -1.610090e-01
  149   0.526455   0.144181   1.406940   0.124574 4.934030e-05 -1.767660e-02 -2.840961e-02 8.614110e-03 3.949660e-01 -2.189180e-01 2.976310e-01 -1.610090e-01
  150   0.523695   0.156627   1.454830   0.130685 4.553340e-05 -2.062630e-02 -9.321001e-03 8.994090e-03 3.949660e-01 -2.189180e-01 2.976310e-01 -1.610090e-01
  151   0.525430   0.173303   1.473200   0.135220 4.162830e-05 -2.436140e-02 -4.955679e-03 8.809500e-03 3.949660e-01 -2.189180e-01 2.976310e-01 -1.610090e-01
  152   0.522871   0.196003   1.540700   0.135828 3.447020e-05 -2.818030e-02 -2.769368e-02 8.885630e-03 3.949660e-01 -2.189180e-01 2.976310e-01 -1.610090e-01
  153   0.524509   0.236098   1.679860   0.123814 2.150600e-05 -3.085320e-02 -5.371745e-02 1.029560e-02 3.949660e-01 -2.189180e-01 2.976310e-01 -1.610090e-01
  154   0.524632   0.079955   1.131710   0.305770 2.175380e-04 -1.448310e-02 -1.110144e-02 6.465460e-03 3.949660e-01 -2.189180e-01 2.976310e-01 -1.610090e-01
  155   0.523976   0.099711   1.240250   0.304817 1.543910e-04 -2.205470e-02 -1.655561e-02 6.418810e-03 3.949660e-01 -2.189180e-01 2.976310e-01 -1.610090e-01
  156   0.526267   0.114541   1.314440   0.303318 1.216770e-04 -2.744100e-02 -1.443173e-02 6.457190e-03 3.949660e-01 -2.189180e-01 2.976310e-01 -1.610090e-01
  157   0.523910   0.128703   1.378830   0.303094 1.021400e-04 -3.268950e-02 -2.301561e-02 6.575660e-03 3.949660e-01 -2.189180e-01 2.976310e-01 -1.610090e-01
  158   0.525161   0.144300   1.426830   0.291628 8.542750e-05 -3.741550e-02 -3.931009e-02 6.542840e-03 3.949660e-01 -2.189180e-01 2.976310e-01 -1.610090e-01
  159   0.524541   0.164546   1.447240   0.293017 7.526510e-05 -4.541880e-02 -6.052077e-02 6.642760e-03 3.949660e-01 -2.189180e-01 2.976310e-01 -1.610090e-01
  160   0.522987   0.190028   1.512700   0.285272 6.034380e-05 -5.278050e-02 -5.029077e-02 6.687010e-03 3.949660e-01 -2.189180e-01 2.976310e-01 -1.610090e-01
  161   0.523698   0.236635   1.692290   0.293633 3.794700e-05 -6.664480e-02 -6.627920e-02 7.670090e-03 3.949660e-01 -2.189180e-01 2.976310e-01 -1.610090e-01
  162   0.523685   0.073361   1.111380   0.499428 2.024210e-04 -1.544910e-02 -2.662080e-03 7.619700e-03 3.949660e-01 -2.189180e-01 2.976310e-01 -1.610090e-01
  163   0.523276   0.089804   1.216480   0.496639 1.473590e-04 -2.381660e-02 -1.618430e-02 7.634730e-03 3.949660e-01 -2.189180e-01 2.976310e-01 -1.610090e-01
  164   0.523850   0.102995   1.289500   0.496461 1.182770e-04 -3.065400e-02 -2.985963e-02 7.755950e-03 3.949660e-01 -2.189180e-01 2.976310e-01 -1.610090e-01
  165   0.524868   0.116473   1.358130   0.493700 9.721930e-05 -3.741710e-02 -4.580914e-02 7.744710e-03 3.949660e-01 -2.189180e-01 2.976310e-01 -1.610090e-01
  166   0.524752   0.132213   1.420350   0.500032 7.939760e-05 -4.590300e-02 -4.641918e-02 8.404140e-03 3.949660e-01 -2.189180e-01 2.976310e-01 -1.610090e-01
  167   0.524248   0.151278   1.479860   0.495213 6.644930e-05 -5.547900e-02 -5.239188e-02 8.889370e-03 3.949660e-01 -2.189180e-01 2.976310e-01 -1.610090e-01
  168   0.524364   0.177463   1.480420   0.494527 5.821800e-05 -7.017680e-02 -7.562390e-02 9.343600e-03 3.949660e-01 -2.189180e-01 2.976310e-01 -1.610090e-01
  169   0.523985   0.224620   1.678860   0.484096 3.625810e-05 -8.757430e-02 -8.396663e-02 1.041120e-02 3.949660e-01 -2.189180e-01 2.976310e-01 -1.610090e-01
  170   0.524240   0.070909   1.112040   0.695047 8.918940e-05 -1.674370e-02 -7.932790e-03 1.029110e-02 3.949660e-01 -2.189180e-01 2.976310e-01 -1.610090e-01
  171   0.524404   0.086717   1.197830   0.686976 7.047920e-05 -2.741890e-02 -9.739900e-03 1.024560e-02 3.949660e-01 -2.189180e-01 2.976310e-01 -1.610090e-01
  172   0.524032   0.099345   1.254450   0.687277 5.832110e-05 -3.633300e-02 -2.586239e-02 1.067540e-02 3.949660e-01 -2.189180e-01 2.976310e-01 -1.610090e-01
  173   0.524078   0.112109   1.325760   0.689667 4.727760e-05 -4.448240e-02 -4.590278e-02 1.053720e-02 3.949660e-01 -2.189180e-01 2.976310e-01 -1.610090e-01
  174   0.522354   0.125183   1.360390   0.684094 4.292820e-05 -5.344130e-02 -6.219605e-02 1.093950e-02 3.949660e-01 -2.189180e-01 2.976310e-01 -1.610090e-01
  175   0.522408   0.140633   1.415390   0.685685 3.579230e-05 -6.363910e-02 -6.320390e-02 1.088130e-02 3.949660e-01 -2.189180e-01 2.976310e-01 -1.610090e-01
  176   0.523586   0.160946   1.458730   0.684754 3.000200e-05 -7.723070e-02 -7.174059e-02 1.085800e-02 3.949660e-01 -2.189180e-01 2.976310e-01 -1.610090e-01
  177   0.523350   0.196737   1.657550   0.678403 2.029920e-05 -9.273240e-02 -9.265709e-02 1.262840e-02 3.949660e-01 -2.189180e-01 2.976310e-01 -1.610090e-01
  178   0.524638   0.078509   1.153040   0.888013 -5.028890e-06 9.501370e-02 9.838305e-02 1.073460e-02 3.949660e-01 -2.189180e-01 2.976310e-01 -1.610090e-01
  179   0.524887   0.103469   1.284890   0.886461 -2.585500e-06 2.302000e-01 2.197390e-01 1.101400e-02 3.949660e-01 -2.189180e-01 2.976310e-01 -1.610090e-01
  180   0.524639   0.130879   1.476370   0.882591 4.700180e-08 -1.231430e+01 -1.232380e+01 1.109780e-02 3.949660e-01 -2.189180e-01 2.976310e-01 -1.610090e-01
  181   0.523136   0.170399   1.681080   0.874226 1.080200e-06 -5.129790e-01 -5.000495e-01 1.605140e-02 3.949660e-01 -2.189180e-01 2.976310e-01 -1.610090e-01
  182   0.525404   0.086996   1.262770   1.118790 -3.492940e-05 -2.047690e-04 1.290461e-02 1.088760e-02 3.949660e-01 -2.189180e-01 2.976310e-01 -1.610090e-01
  183   0.525774   0.134449   1.651750   1.090980 -1.221410e-05 4.311540e-03 -1.556522e-02 1.753170e-02 3.949660e-01 -2.189180e-01 2.976310e-01 -1.610090e-01
  184   0.573863   0.098501   1.171320   0.127075 7.414870e-05 -9.586530e-03 1.736614e-03 9.346150e-03 3.949660e-01 -2.189180e-01 2.976310e-01 -1.610090e-01
  185   0.571006   0.115624   1.228320   0.124764 5.998360e-05 -1.226470e-02 -2.899096e-03 9.522060e-03 3.949660e-01 -2.189180e-01 2.976310e-01 -1.610090e-01
  186   0.574195   0.128977   1.314020   0.131074 4.862670e-05 -1.468390e-02 -3.338160e-03 9.221020e-03 3.949660e-01 -2.189180e-01 2.976310e-01 -1.610090e-01
  187   0.574511   0.141063   1.356160   0.126777 4.107700e-05 -1.604740e-02 -1.264262e-02 9.866940e-03 3.949660e-01 -2.189180e-01 2.976310e-01 -1.610090e-01
  188   0.576392   0.154236   1.384080   0.139699 3.940880e-05 -1.986240e-02 5.656724e-03 9.428930e-03 3.949660e-01 -2.189180e-01 2.976310e-01 -1.610090e-01
  189   0.575281   0.171014   1.423770   0.129784 3.213830e-05 -2.098000e-02 -3.298204e-02 9.127350e-03 3.949660e-01 -2.189180e-01 2.976310e-01 -1.610090e-01
  190   0.574095   0.195028   1.552260   0.130376 2.370680e-05 -2.379340e-02 -2.269627e-02 9.624020e-03 3.949660e-01 -2.189180e-01 2.976310e-01 -1.610090e-01
  191   0.577031   0.236394   1.679040   0.126794 1.567730e-05 -2.782290e-02 -3.374279e-02 1.117670e-02 3.949660e-01 -2.189180e-01 2.976310e-01 -1.610090e-01
  192   0.573231   0.081096   1.140280   0.319797 1.619010e-04 -1.415190e-02 -2.150788e-02 7.118910e-03 3.949660e-01 -2.189180e-01 2.976310e-01 -1.610090e-01
  193   0.574446   0.101699   1.217910   0.303404 1.184180e-04 -2.159450e-02 -2.739530e-02 6.838590e-03 3.949660e-01 -2.189180e-01 2.976310e-01 -1.610090e-01
  194   0.576889   0.115174   1.295400   0.309923 9.381870e-05 -2.643730e-02 -2.810779e-02 7.224030e-03 3.949660e-01 -2.189180e-01 2.976310e-01 -1.610090e-01
  195   0.575853   0.128944   1.370390   0.293773 7.539060e-05 -2.953450e-02 -2.155531e-02 6.962760e-03 3.949660e-01 -2.189180e-01 2.976310e-01 -1.610090e-01
  196   0.573544   0.145673   1.450920   0.302450 6.188390e-05 -3.540630e-02 -4.030376e-02 7.313260e-03 3.949660e-01 -2.189180e-01 2.976310e-01 -1.610090e-01
  197   0.574759   0.167571   1.447780   0.293960 5.499680e-05 -4.263540e-02 -4.113033e-02 7.249230e-03 3.949660e-01 -2.189180e-01 2.976310e-01 -1.610090e-01
  198   0.574293   0.196529   1.551070   0.294659 4.105150e-05 -5.054310e-02 -5.677102e-02 7.310280e-03 3.949660e-01 -2.189180e-01 2.976310e-01 -1.610090e-01
  199   0.571822   0.241170   1.696270   0.288065 2.744750e-05 -6.030400e-02 -5.689055e-02 8.521640e-03 3.949660e-01 -2.189180e-01 2.976310e-01 -1.610090e-01
  200   0.574353   0.076199   1.124850   0.499483 1.501520e-04 -1.641690e-02 -1.531096e-02 8.211540e-03 3.949660e-01 -2.189180e-01 2.976310e-01 -1.610090e-01
  201   0.573593   0.092740   1.218910   0.496271 1.120020e-04 -2.479610e-02 -6.987064e-03 8.331270e-03 3.949660e-01 -2.189180e-01 2.976310e-01 -1.610090e-01
  202   0.574620   0.105905   1.304550   0.496781 8.770730e-05 -3.091610e-02 -2.721025e-02 8.296630e-03 3.949660e-01 -2.189180e-01 2.976310e-01 -1.610090e-01
  203   0.574700   0.118912   1.341950   0.496325 7.612000e-05 -3.809410e-02 -3.175517e-02 8.947490e-03 3.949660e-01 -2.189180e-01 2.976310e-01 -1.610090e-01
  204   0.574066   0.132398   1.419920   0.497170 6.225080e-05 -4.404680e-02 -3.513499e-02 8.987020e-03 3.949660e-01 -2.189180e-01 2.976310e-01 -1.610090e-01
  205   0.575126   0.148971   1.461700   0.490867 5.377710e-05 -5.204780e-02 -5.188528e-02 9.470590e-03 3.949660e-01 -2.189180e-01 2.976310e-01 -1.610090e-01
  206   0.575340   0.173430   1.484000   0.487178 4.621930e-05 -6.410150e-02 -7.233008e-02 9.841910e-03 3.949660e-01 -2.189180e-01 2.976310e-01 -1.610090e-01
  207   0.573417   0.214092   1.664740   0.478383 3.026000e-05 -7.758060e-02 -8.230981e-02 1.144160e-02 3.949660e-01 -2.189180e-01 2.976310e-01 -1.610090e-01
  208   0.574152   0.073054   1.119010   0.697787 7.294920e-05 -1.859420e-02 -8.544587e-03 1.051230e-02 3.949660e-01 -2.189180e-01 2.976310e-01 -1.610090e-01
  209   0.574235   0.090137   1.212380   0.691786 5.554900e-05 -3.015600e-02 -4.709203e-02 1.068120e-02 3.949660e-01 -2.189180e-01 2.976310e-01 -1.610090e-01
  210   0.575896   0.103751   1.291660   0.690194 4.448760e-05 -3.875960e-02 -4.166898e-02 1.093740e-02 3.949660e-01 -2.189180e-01 2.976310e-01 -1.610090e-01
  211   0.574192   0.118455   1.355150   0.687558 3.736820e-05 -4.835790e-02 -4.686063e-02 1.172200e-02 3.949660e-01 -2.189180e-01 2.976310e-01 -1.610090e-01
  212   0.575357   0.134525   1.397150   0.682454 3.252770e-05 -5.913100e-02 -6.193892e-02 1.157130e-02 3.949660e-01 -2.189180e-01 2.976310e-01 -1.610090e-01
  213   0.571621   0.155947   1.501630   0.679956 2.562050e-05 -7.047890e-02 -7.635411e-02 1.215590e-02 3.949660e-01 -2.189180e-01 2.976310e-01 -1.610090e-01
  214   0.572844   0.192064   1.705990   0.680667 1.631090e-05 -8.688850e-02 -5.422674e-02 1.492150e-02 3.949660e-01 -2.189180e-01 2.976310e-01 -1.610090e-01
  215   0.574626   0.077696   1.137650   0.886289 2.026060e-06 -2.575080e-01 -2.543300e-01 1.089850e-02 3.949660e-01 -2.189180e-01 2.976310e-01 -1.610090e-01
  216   0.574239   0.102909   1.280070   0.887315 1.584660e-06 -3.878890e-01 -4.080068e-01 1.099560e-02 3.949660e-01 -2.189180e-01 2.976310e-01 -1.610090e-01
  217   0.572881   0.133438   1.481780   0.884114 2.085490e-06 -2.800130e-01 -2.791886e-01 1.115870e-02 3.949660e-01 -2.189180e-01 2.976310e-01 -1.610090e-01
  218   0.573095   0.176857   1.755110   0.869519 2.550100e-06 -2.018660e-01 -2.034828e-01 2.340320e-02 3.949660e-01 -2.189180e-01 2.976310e-01 -1.610090e-01
  219   0.574755   0.085015   1.216400   1.124520 -2.916210e-05 7.499750e-04 2.151842e-02 1.089810e-02 3.949660e-01 -2.189180e-01 2.976310e-01 -1.610090e-01
  220   0.574287   0.128670   1.620480   1.095230 -9.463190e-06 8.127030e-03 -7.726617e-04 1.629210e-02 3.949660e-01 -2.189180e-01 2.976310e-01 -1.610090e-01
  221   0.624174   0.097289   1.188500   0.146892 6.010960e-05 -9.674280e-03 -2.308547e-02 1.061160e-02 3.949660e-01 -2.189180e-01 2.976310e-01 -1.610090e-01
  222   0.626723   0.117935   1.243000   0.134538 4.354610e-05 -1.238040e-02 -2.073191e-02 1.074260e-02 3.949660e-01 -2.189180e-01 2.976310e-01 -1.610090e-01
  223   0.621894   0.131254   1.327990   0.118727 3.186060e-05 -1.252830e-02 6.088521e-03 1.133860e-02 3.949660e-01 -2.189180e-01 2.976310e-01 -1.610090e-01
  224   0.620514   0.145059   1.380620   0.128322 2.920920e-05 -1.540070e-02 -1.479647e-02 1.076420e-02 3.949660e-01 -2.189180e-01 2.976310e-01 -1.610090e-01
  225   0.624745   0.161440   1.468610   0.141212 2.456560e-05 -1.887210e-02 -1.299484e-03 1.090830e-02 3.949660e-01 -2.189180e-01 2.976310e-01 -1.610090e-01
  226   0.619815   0.178908   1.451060   0.132032 2.266050e-05 -2.050050e-02 -3.925487e-02 1.107450e-02 3.949660e-01 -2.189180e-01 2.976310e-01 -1.610090e-01
  227   0.623383   0.206095   1.560940   0.124438 1.557430e-05 -2.194720e-02 -1.717080e-02 1.104280e-02 3.949660e-01 -2.189180e-01 2.976310e-01 -1.610090e-01
  228   0.623233   0.247122   1.760200   0.125894 9.833570e-06 -2.550670e-02 -1.995406e-02 2.028520e-02 3.949660e-01 -2.189180e-01 2.976310e-01 -1.610090e-01
  229   0.622399   0.084544   1.142410   0.311029 1.180300e-04 -1.449280e-02 -1.331799e-02 8.012090e-03 3.949660e-01 -2.189180e-01 2.976310e-01 -1.610090e-01
  230   0.625348   0.103180   1.198000   0.310598 9.159890e-05 -2.161030e-02 -2.958880e-02 8.105780e-03 3.949660e-01 -2.189180e-01 2.976310e-01 -1.610090e-01
  231   0.622803   0.116136   1.302030   0.299526 6.981360e-05 -2.429770e-02 -2.233393e-02 7.967320e-03 3.949660e-01 -2.189180e-01 2.976310e-01 -1.610090e-01
  232   0.623905   0.128826   1.355630   0.301138 5.883140e-05 -2.839290e-02 -3.012102e-02 8.002420e-03 3.949660e-01 -2.189180e-01 2.976310e-01 -1.610090e-01
  233   0.625666   0.143590   1.439870   0.295042 4.628780e-05 -3.176110e-02 -3.401175e-02 8.423530e-03 3.949660e-01 -2.189180e-01 2.976310e-01 -1.610090e-01
  234   0.622421   0.162439   1.474330   0.288950 4.030970e-05 -3.699910e-02 -3.485751e-02 8.213000e-03 3.949660e-01 -2.189180e-01 2.976310e-01 -1.610090e-01
  235   0.622327   0.184784   1.519330   0.291751 3.390200e-05 -4.344480e-02 -3.380163e-02 8.373530e-03 3.949660e-01 -2.189180e-01 2.976310e-01 -1.610090e-01
  236   0.624661   0.224708   1.715170   0.290256 2.084620e-05 -5.087930e-02 -4.363703e-02 9.219490e-03 3.949660e-01 -2.189180e-01 2.976310e-01 -1.610090e-01
  237   0.623656   0.076817   1.102800   0.501725 1.222470e-04 -1.702370e-02 -1.669963e-02 9.308450e-03 3.949660e-01 -2.189180e-01 2.976310e-01 -1.610090e-01
  238   0.623046   0.092866   1.191380   0.494936 9.244100e-05 -2.484800e-02 -4.345180e-02 9.073360e-03 3.949660e-01 -2.189180e-01 2.976310e-01 -1.610090e-01
  239   0.624744   0.104087   1.276140   0.494090 7.289400e-05 -2.946460e-02 -1.613868e-02 9.590190e-03 3.949660e-01 -2.189180e-01 2.976310e-01 -1.610090e-01
  240   0.623854   0.115710   1.332280   0.491159 6.210010e-05 -3.487480e-02 -3.840196e-02 9.646000e-03 3.949660e-01 -2.189180e-01 2.976310e-01 -1.610090e-01
  241   0.625091   0.127966   1.420840   0.497125 4.911600e-05 -3.994860e-02 -4.410576e-02 9.567060e-03 3.949660e-01 -2.189180e-01 2.976310e-01 -1.610090e-01
  242   0.623899   0.143722   1.458990   0.488850 4.329010e-05 -4.721430e-02 -4.023452e-02 1.033520e-02 3.949660e-01 -2.189180e-01 2.976310e-01 -1.610090e-01
  243   0.624236   0.164297   1.521180   0.487949 3.538600e-05 -5.608490e-02 -5.061702e-02 1.146480e-02 3.949660e-01 -2.189180e-01 2.976310e-01 -1.610090e-01
  244   0.624430   0.201105   1.710250   0.485942 2.271710e-05 -6.787960e-02 -5.972245e-02 1.301720e-02 3.949660e-01 -2.189180e-01 2.976310e-01 -1.610090e-01
  245   0.623439   0.076348   1.117240   0.691294 6.274470e-05 -2.139730e-02 -2.847161e-02 1.082110e-02 3.949660e-01 -2.189180e-01 2.976310e-01 -1.610090e-01
  246   0.624745   0.093435   1.222320   0.681081 4.756570e-05 -3.183140e-02 -2.820011e-02 1.071760e-02 3.949660e-01 -2.189180e-01 2.976310e-01 -1.610090e-01
  247   0.625755   0.109461   1.328470   0.686193 3.479910e-05 -4.146830e-02 -5.986561e-02 1.137250e-02 3.949660e-01 -2.189180e-01 2.976310e-01 -1.610090e-01
  248   0.625611   0.126752   1.416470   0.685255 2.742510e-05 -5.191190e-02 -3.875348e-02 1.178800e-02 3.949660e-01 -2.189180e-01 2.976310e-01 -1.610090e-01
  249   0.623342   0.152197   1.553610   0.683727 1.987100e-05 -6.537070e-02 -6.559315e-02 1.230640e-02 3.949660e-01 -2.189180e-01 2.976310e-01 -1.610090e-01
  250   0.620941   0.188817   1.732910   0.672361 1.388060e-05 -8.114800e-02 -6.077299e-02 2.370320e-02 3.949660e-01 -2.189180e-01 2.976310e-01 -1.610090e-01
  251   0.623058   0.083429   1.155550   0.890089 4.795480e-06 -1.170180e-01 -1.026570e-01 1.072660e-02 3.949660e-01 -2.189180e-01 2.976310e-01 -1.610090e-01
  252   0.623732   0.111220   1.339920   0.887316 3.988640e-06 -1.468750e-01 -1.564804e-01 1.120110e-02 3.949660e-01 -2.189180e-01 2.976310e-01 -1.610090e-01
  253   0.623403   0.147838   1.663810   0.879625 3.378720e-06 -1.352530e-01 -1.480702e-01 1.612130e-02 3.949660e-01 -2.189180e-01 2.976310e-01 -1.610090e-01
  254   0.624056   0.092306   1.277460   1.116740 -1.746520e-05 3.653630e-03 1.769134e-02 1.099860e-02 3.949660e-01 -2.189180e-01 2.976310e-01 -1.610090e-01
  255   0.622253   0.140154   1.764940   1.080790 -4.446490e-06 2.166430e-02 4.818146e-03 3.268680e-02 3.949660e-01 -2.189180e-01 2.976310e-01 -1.610090e-01
  256   0.672808   0.103068   1.170620   0.138635 4.232970e-05 -9.668760e-03 -7.030595e-03 1.071190e-02 3.949660e-01 -2.189180e-01 2.976310e-01 -1.610090e-01
  257   0.676336   0.124520   1.291890   0.129455 2.697340e-05 -1.177790e-02 9.628785e-03 1.087900e-02 3.949660e-01 -2.189180e-01 2.976310e-01 -1.610090e-01
  258   0.673151   0.141773   1.387450   0.134737 2.185250e-05 -1.426610e-02 -2.451532e-02 1.087030e-02 3.949660e-01 -2.189180e-01 2.976310e-01 -1.610090e-01
  259   0.673631   0.159539   1.469190   0.118641 1.543230e-05 -1.441140e-02 -2.373792e-02 1.104600e-02 3.949660e-01 -2.189180e-01 2.976310e-01 -1.610090e-01
  260   0.672208   0.184522   1.585580   0.134734 1.284890e-05 -1.882120e-02 -7.328200e-03 1.108130e-02 3.949660e-01 -2.189180e-01 2.976310e-01 -1.610090e-01
  261   0.668693   0.222599   1.768900   0.125119 7.914390e-06 -2.048550e-02 -3.628999e-02 1.808420e-02 3.949660e-01 -2.189180e-01 2.976310e-01 -1.610090e-01
  262   0.673923   0.087190   1.117950   0.316572 9.108230e-05 -1.533960e-02 -9.635496e-03 8.932800e-03 3.949660e-01 -2.189180e-01 2.976310e-01 -1.610090e-01
  263   0.674268   0.105530   1.213330   0.306291 6.540000e-05 -2.064890e-02 -2.152439e-02 9.128930e-03 3.949660e-01 -2.189180e-01 2.976310e-01 -1.610090e-01
  264   0.675836   0.119644   1.320020   0.302777 4.836540e-05 -2.401390e-02 -3.195093e-02 9.305140e-03 3.949660e-01 -2.189180e-01 2.976310e-01 -1.610090e-01
  265   0.674692   0.132259   1.351320   0.296925 4.255340e-05 -2.755050e-02 -1.941359e-02 9.435280e-03 3.949660e-01 -2.189180e-01 2.976310e-01 -1.610090e-01
  266   0.673121   0.144916   1.391140   0.299216 3.756820e-05 -3.130570e-02 -4.296850e-02 9.364410e-03 3.949660e-01 -2.189180e-01 2.976310e-01 -1.610090e-01
  267   0.673802   0.160440   1.484970   0.298495 2.948850e-05 -3.466690e-02 -4.923941e-02 9.499930e-03 3.949660e-01 -2.189180e-01 2.976310e-01 -1.610090e-01
  268   0.672720   0.180118   1.582500   0.279136 2.243870e-05 -3.652240e-02 -1.986714e-02 9.588990e-03 3.949660e-01 -2.189180e-01 2.976310e-01 -1.610090e-01
  269   0.669504   0.214917   1.769490   0.286753 1.506510e-05 -4.328270e-02 -4.703010e-02 1.152980e-02 3.949660e-01 -2.189180e-01 2.976310e-01 -1.610090e-01
  270   0.672089   0.077694   1.098630   0.504275 9.599890e-05 -1.698570e-02 -2.777511e-02 1.058250e-02 3.949660e-01 -2.189180e-01 2.976310e-01 -1.610090e-01
  271   0.673825   0.092329   1.169090   0.496528 7.470180e-05 -2.418930e-02 -8.468837e-03 1.043290e-02 3.949660e-01 -2.189180e-01 2.976310e-01 -1.610090e-01
  272   0.673703   0.104297   1.247320   0.484159 6.044880e-05 -2.878230e-02 -2.491098e-02 1.024350e-02 3.949660e-01 -2.189180e-01 2.976310e-01 -1.610090e-01
  273   0.674341   0.116262   1.323600   0.491267 4.821550e-05 -3.412340e-02 -3.572106e-02 1.118790e-02 3.949660e-01 -2.189180e-01 2.976310e-01 -1.610090e-01
  274   0.675474   0.128849   1.412220   0.487921 3.844170e-05 -3.869320e-02 -2.548398e-02 1.135820e-02 3.949660e-01 -2.189180e-01 2.976310e-01 -1.610090e-01
  275   0.674393   0.142532   1.477880   0.484436 3.239210e-05 -4.393280e-02 -3.811508e-02 1.159150e-02 3.949660e-01 -2.189180e-01 2.976310e-01 -1.610090e-01
  276   0.673928   0.162472   1.585510   0.486317 2.476180e-05 -5.108310e-02 -4.043310e-02 1.254600e-02 3.949660e-01 -2.189180e-01 2.976310e-01 -1.610090e-01
  277   0.671127   0.197315   1.775080   0.472537 1.656060e-05 -5.985690e-02 -8.138556e-02 1.629300e-02 3.949660e-01 -2.189180e-01 2.976310e-01 -1.610090e-01
  278   0.673626   0.080874   1.121660   0.686476 5.129050e-05 -2.469000e-02 -1.512196e-02 1.071990e-02 3.949660e-01 -2.189180e-01 2.976310e-01 -1.610090e-01
  279   0.673728   0.100005   1.243770   0.688670 3.519850e-05 -3.656970e-02 -4.443464e-02 1.098640e-02 3.949660e-01 -2.189180e-01 2.976310e-01 -1.610090e-01
  280   0.673232   0.116969   1.335570   0.684847 2.747670e-05 -4.662630e-02 -4.899037e-02 1.181010e-02 3.949660e-01 -2.189180e-01 2.976310e-01 -1.610090e-01
  281   0.672603   0.141123   1.559050   0.678416 1.764330e-05 -5.548300e-02 -5.016726e-02 1.336500e-02 3.949660e-01 -2.189180e-01 2.976310e-01 -1.610090e-01
  282   0.671517   0.177773   1.793110   0.669648 1.111620e-05 -6.994590e-02 -9.828246e-02 3.079530e-02 3.949660e-01 -2.189180e-01 2.976310e-01 -1.610090e-01
  283   0.674025   0.080728   1.128890   0.975340 -5.359260e-06 5.938350e-02 5.034311e-02 1.075380e-02 3.949660e-01 -2.189180e-01 2.976310e-01 -1.610090e-01
  284   0.673077   0.107880   1.373400   0.935406 1.276900e-06 -2.943070e-01 -2.884454e-01 1.147560e-02 3.949660e-01 -2.189180e-01 2.976310e-01 -1.610090e-01
  285   0.671093   0.141645   1.709780   0.905965 2.563630e-06 -1.261200e-01 -1.464340e-01 2.098150e-02 3.949660e-01 -2.189180e-01 2.976310e-01 -1.610090e-01
  286   0.324340   0.165373   2.224370   0.135148 6.888120e-05 -2.479680e-02 -5.683725e-03 1.150590e-02 3.949660e-01 -2.189180e-01 2.976310e-01 -1.610090e-01
  287   0.325227   0.203860   2.418930   0.125731 4.473750e-05 -3.328260e-02 -3.053194e-02 1.112770e-02 3.949660e-01 -2.189180e-01 2.976310e-01 -1.610090e-01
  288   0.324616   0.243938   2.392870   0.134682 4.140560e-05 -4.957890e-02 -5.656099e-02 1.080920e-02 3.949660e-01 -2.189180e-01 2.976310e-01 -1.610090e-01
  289   0.322759   0.287819   2.415970   0.134251 3.397890e-05 -6.345420e-02 -7.291495e-02 1.103400e-02 3.949660e-01 -2.189180e-01 2.976310e-01 -1.610090e-01
  290   0.324673   0.339241   2.567760   0.125519 2.167000e-05 -7.228190e-02 -6.109177e-02 1.203860e-02 3.949660e-01 -2.189180e-01 2.976310e-01 -1.610090e-01
  291   0.324558   0.139695   2.202410   0.317339 1.266480e-04 -2.657200e-02 -3.299562e-02 1.193070e-02 3.949660e-01 -2.189180e-01 2.976310e-01 -1.610090e-01
  292   0.324217   0.167142   2.326590   0.309409 9.751750e-05 -4.193520e-02 -2.377639e-02 1.199060e-02 3.949660e-01 -2.189180e-01 2.976310e-01 -1.610090e-01
  293   0.323849   0.190242   2.393670   0.301803 8.235910e-05 -5.491880e-02 -4.664337e-02 1.120330e-02 3.949660e-01 -2.189180e-01 2.976310e-01 -1.610090e-01
  294   0.325058   0.212466   2.420960   0.304495 7.230720e-05 -6.836690e-02 -5.788752e-02 1.111180e-02 3.949660e-01 -2.189180e-01 2.976310e-01 -1.610090e-01
  295   0.323311   0.235419   2.428340   0.290217 6.559720e-05 -8.063160e-02 -8.424959e-02 1.145310e-02 3.949660e-01 -2.189180e-01 2.976310e-01 -1.610090e-01
  296   0.323358   0.262126   2.371750   0.296000 6.187710e-05 -9.841770e-02 -1.206045e-01 1.152880e-02 3.949660e-01 -2.189180e-01 2.976310e-01 -1.610090e-01
  297   0.323611   0.293453   2.359160   0.299127 5.438170e-05 -1.168400e-01 -1.211319e-01 1.161590e-02 3.949660e-01 -2.189180e-01 2.976310e-01 -1.610090e-01
  298   0.325108   0.337615   2.591110   0.292323 3.519690e-05 -1.332110e-01 -1.324126e-01 1.276940e-02 3.949660e-01 -2.189180e-01 2.976310e-01 -1.610090e-01
  299   0.324029   0.135293   2.212750   0.493242 9.887600e-05 -2.362160e-02 -7.428182e-03 1.174700e-02 3.949660e-01 -2.189180e-01 2.976310e-01 -1.610090e-01
  300   0.323668   0.163038   2.330730   0.489733 7.688650e-05 -4.085670e-02 -3.754495e-02 1.134550e-02 3.949660e-01 -2.189180e-01 2.976310e-01 -1.610090e-01
  301   0.324224   0.185756   2.395900   0.491910 6.411240e-05 -5.505010e-02 -4.974548e-02 1.118660e-02 3.949660e-01 -2.189180e-01 2.976310e-01 -1.610090e-01
  302   0.325043   0.210595   2.443680   0.493825 5.406930e-05 -7.040570e-02 -6.851859e-02 1.116390e-02 3.949660e-01 -2.189180e-01 2.976310e-01 -1.610090e-01
  303   0.324352   0.241353   2.427600   0.493197 4.786880e-05 -9.074380e-02 -8.709039e-02 1.169740e-02 3.949660e-01 -2.189180e-01 2.976310e-01 -1.610090e-01
  304   0.323221   0.282015   2.420220   0.494403 3.983190e-05 -1.158820e-01 -1.393442e-01 1.171220e-02 3.949660e-01 -2.189180e-01 2.976310e-01 -1.610090e-01
  305   0.322537   0.334055   2.563910   0.492669 2.744290e-05 -1.433630e-01 -1.461870e-01 1.272190e-02 3.949660e-01 -2.189180e-01 2.976310e-01 -1.610090e-01
  306   0.325562   0.157076   2.271970   0.680906 3.020660e-05 -3.739240e-02 -2.565854e-02 1.108460e-02 3.949660e-01 -2.189180e-01 2.976310e-01 -1.610090e-01
  307   0.325089   0.213707   2.422880   0.682038 1.896880e-05 -7.185900e-02 -8.173209e-02 1.102420e-02 3.949660e-01 -2.189180e-01 2.976310e-01 -1.610090e-01
  308   0.324267   0.285226   2.537130   0.675069 1.219010e-05 -1.133440e-01 -9.755024e-02 1.270440e-02 3.949660e-01 -2.189180e-01 2.976310e-01 -1.610090e-01
  309   0.326080   0.180624   2.386290   0.911646 -1.007830e-05 6.305580e-03 2.823239e-02 1.246560e-02 3.949660e-01 -2.189180e-01 2.976310e-01 -1.610090e-01
  310   0.325916   0.280725   2.743830   0.851649 -2.732800e-06 5.480510e-02 2.952552e-02 6.362740e-02 3.949660e-01 -2.189180e-01 2.976310e-01 -1.610090e-01
  311   0.376811   0.165606   2.169230   0.133596 4.755000e-05 -2.223390e-02 -8.838781e-03 1.106420e-02 3.949660e-01 -2.189180e-01 2.976310e-01 -1.610090e-01
  312   0.374831   0.200829   2.340920   0.118080 3.107130e-05 -2.749600e-02 -3.140337e-02 1.128990e-02 3.949660e-01 -2.189180e-01 2.976310e-01 -1.610090e-01
  313   0.375143   0.237310   2.433880   0.131481 2.663080e-05 -3.940920e-02 -2.812679e-02 1.104190e-02 3.949660e-01 -2.189180e-01 2.976310e-01 -1.610090e-01
  314   0.374620   0.289301   2.409360   0.133473 2.225470e-05 -5.433650e-02 -6.044465e-02 1.093200e-02 3.949660e-01 -2.189180e-01 2.976310e-01 -1.610090e-01
  315   0.372839   0.346358   2.657790   0.115935 1.220640e-05 -5.814780e-02 -4.458539e-02 1.650240e-02 3.949660e-01 -2.189180e-01 2.976310e-01 -1.610090e-01
  316   0.374527   0.144421   2.187330   0.315501 8.609750e-05 -2.803700e-02 -1.218581e-02 1.154750e-02 3.949660e-01 -2.189180e-01 2.976310e-01 -1.610090e-01
  317   0.374951   0.172454   2.314320   0.310246 6.557070e-05 -4.192140e-02 -3.794366e-02 1.183190e-02 3.949660e-01 -2.189180e-01 2.976310e-01 -1.610090e-01
  318   0.373345   0.196973   2.374790   0.301847 5.584930e-05 -5.424280e-02 -4.316997e-02 1.132440e-02 3.949660e-01 -2.189180e-01 2.976310e-01 -1.610090e-01
  319   0.374764   0.221051   2.428120   0.294844 4.711870e-05 -6.518710e-02 -7.041235e-02 1.137330e-02 3.949660e-01 -2.189180e-01 2.976310e-01 -1.610090e-01
  320   0.375357   0.246306   2.427370   0.298052 4.228270e-05 -7.870600e-02 -7.209376e-02 1.165670e-02 3.949660e-01 -2.189180e-01 2.976310e-01 -1.610090e-01
  321   0.375740   0.277225   2.419130   0.296875 3.714680e-05 -9.405220e-02 -9.564610e-02 1.206290e-02 3.949660e-01 -2.189180e-01 2.976310e-01 -1.610090e-01
  322   0.373947   0.325450   2.540300   0.292291 2.689350e-05 -1.138540e-01 -1.113158e-01 1.165040e-02 3.949660e-01 -2.189180e-01 2.976310e-01 -1.610090e-01
  323   0.373908   0.385101   2.871450   0.302597 1.512030e-05 -1.371480e-01 -9.360485e-02 5.576350e-02 3.949660e-01 -2.189180e-01 2.976310e-01 -1.610090e-01
  324   0.374406   0.135768   2.210800   0.496720 7.045250e-05 -2.359360e-02 -4.171226e-02 1.263520e-02 3.949660e-01 -2.189180e-01 2.976310e-01 -1.610090e-01
  325   0.373724   0.165640   2.331950   0.494726 5.381830e-05 -4.172150e-02 -4.632664e-02 1.166890e-02 3.949660e-01 -2.189180e-01 2.976310e-01 -1.610090e-01
  326   0.373860   0.191347   2.391340   0.497204 4.463870e-05 -5.757340e-02 -4.354743e-02 1.131870e-02 3.949660e-01 -2.189180e-01 2.976310e-01 -1.610090e-01
  327   0.373858   0.218476   2.456980   0.495251 3.734130e-05 -7.306280e-02 -9.411869e-02 1.198420e-02 3.949660e-01 -2.189180e-01 2.976310e-01 -1.610090e-01
  328   0.374948   0.255049   2.436610   0.493079 3.213920e-05 -9.575990e-02 -1.065797e-01 1.227580e-02 3.949660e-01 -2.189180e-01 2.976310e-01 -1.610090e-01
  329   0.373695   0.311680   2.502160   0.493443 2.331740e-05 -1.265610e-01 -1.071171e-01 1.242410e-02 3.949660e-01 -2.189180e-01 2.976310e-01 -1.610090e-01
  330   0.371391   0.385255   2.855550   0.476100 1.272280e-05 -1.591670e-01 -2.527474e-01 7.926620e-02 3.949660e-01 -2.189180e-01 2.976310e-01 -1.610090e-01
  331   0.374838   0.154340   2.275900   0.683372 2.519250e-05 -3.597280e-02 -4.801233e-02 1.107900e-02 3.949660e-01 -2.189180e-01 2.976310e-01 -1.610090e-01
  332   0.374569   0.210626   2.408720   0.682700 1.645930e-05 -7.126570e-02 -7.157200e-02 1.098530e-02 3.949660e-01 -2.189180e-01 2.976310e-01 -1.610090e-01
  333   0.375100   0.280293   2.528760   0.674362 1.084100e-05 -1.111460e-01 -1.221385e-01 1.258820e-02 3.949660e-01 -2.189180e-01 2.976310e-01 -1.610090e-01
  334   0.375288   0.174992   2.351530   0.941732 -6.590930e-06 1.517760e-02 -1.590103e-02 1.146760e-02 3.949660e-01 -2.189180e-01 2.976310e-01 -1.610090e-01
  335   0.374447   0.258884   2.625540   0.880535 -1.850120e-06 9.838900e-02 7.407644e-02 2.962120e-02 3.949660e-01 -2.189180e-01 2.976310e-01 -1.610090e-01
  336   0.422909   0.174292   2.217150   0.131757 3.043130e-05 -2.115520e-02 -3.427286e-02 1.085470e-02 3.949660e-01 -2.189180e-01 2.976310e-01 -1.610090e-01
  337   0.424936   0.215557   2.359720   0.132144 2.169710e-05 -2.994940e-02 -4.304735e-02 1.074200e-02 3.949660e-01 -2.189180e-01 2.976310e-01 -1.610090e-01
  338   0.425163   0.250617   2.457660   0.133855 1.716460e-05 -3.745500e-02 -6.001426e-02 1.109750e-02 3.949660e-01 -2.189180e-01 2.976310e-01 -1.610090e-01
  339   0.423691   0.302822   2.475100   0.125977 1.295230e-05 -4.635890e-02 -5.517125e-02 1.100420e-02 3.949660e-01 -2.189180e-01 2.976310e-01 -1.610090e-01
  340   0.422552   0.368811   2.758790   0.114198 6.768210e-06 -5.198980e-02 -5.285763e-02 3.785090e-02 3.949660e-01 -2.189180e-01 2.976310e-01 -1.610090e-01
  341   0.425119   0.145865   2.206910   0.310625 5.857750e-05 -2.565120e-02 -2.956783e-03 1.092380e-02 3.949660e-01 -2.189180e-01 2.976310e-01 -1.610090e-01
  342   0.424707   0.176995   2.303510   0.302355 4.549530e-05 -4.031350e-02 -3.631211e-02 1.139630e-02 3.949660e-01 -2.189180e-01 2.976310e-01 -1.610090e-01
  343   0.423595   0.202560   2.400960   0.296786 3.700470e-05 -5.059290e-02 -4.492785e-02 1.155660e-02 3.949660e-01 -2.189180e-01 2.976310e-01 -1.610090e-01
  344   0.423142   0.227440   2.379440   0.298455 3.420770e-05 -6.331730e-02 -5.672110e-02 1.138740e-02 3.949660e-01 -2.189180e-01 2.976310e-01 -1.610090e-01
  345   0.424454   0.257264   2.409360   0.293001 2.886680e-05 -7.498380e-02 -7.546485e-02 1.162070e-02 3.949660e-01 -2.189180e-01 2.976310e-01 -1.610090e-01
  346   0.425662   0.294241   2.505930   0.285737 2.204060e-05 -8.683890e-02 -8.722656e-02 1.108840e-02 3.949660e-01 -2.189180e-01 2.976310e-01 -1.610090e-01
  347   0.421969   0.341010   2.658140   0.296171 1.600210e-05 -1.058420e-01 -1.131565e-01 1.671140e-02 3.949660e-01 -2.189180e-01 2.976310e-01 -1.610090e-01
  348   0.423377   0.139530   2.241210   0.497973 4.943490e-05 -2.476740e-02 -4.228621e-02 1.282660e-02 3.949660e-01 -2.189180e-01 2.976310e-01 -1.610090e-01
  349   0.424098   0.173848   2.340950   0.487793 3.820750e-05 -4.574140e-02 -6.108792e-02 1.211910e-02 3.949660e-01 -2.189180e-01 2.976310e-01 -1.610090e-01
  350   0.424023   0.205723   2.432170   0.493370 2.987060e-05 -6.341450e-02 -6.522630e-02 1.228470e-02 3.949660e-01 -2.189180e-01 2.976310e-01 -1.610090e-01
  351   0.424752   0.243697   2.460300   0.491121 2.457570e-05 -8.470450e-02 -7.945390e-02 1.262750e-02 3.949660e-01 -2.189180e-01 2.976310e-01 -1.610090e-01
  352   0.424843   0.306614   2.529690   0.488706 1.734840e-05 -1.166050e-01 -9.175187e-02 1.298750e-02 3.949660e-01 -2.189180e-01 2.976310e-01 -1.610090e-01
  353   0.424545   0.151761   2.265700   0.681087 2.147350e-05 -3.507710e-02 -2.284698e-02 1.173170e-02 3.949660e-01 -2.189180e-01 2.976310e-01 -1.610090e-01
  354   0.423989   0.210070   2.422760   0.686850 1.317880e-05 -7.171780e-02 -6.577304e-02 1.095880e-02 3.949660e-01 -2.189180e-01 2.976310e-01 -1.610090e-01
  355   0.424937   0.278579   2.528940   0.680492 8.729320e-06 -1.113340e-01 -1.091000e-01 1.360020e-02 3.949660e-01 -2.189180e-01 2.976310e-01 -1.610090e-01
  356   0.425140   0.170920   2.336840   0.959582 -3.895550e-06 3.004620e-02 3.744909e-02 1.108610e-02 3.949660e-01 -2.189180e-01 2.976310e-01 -1.610090e-01
  357   0.424773   0.251634   2.593100   0.886862 -4.218820e-07 5.074400e-01 5.230741e-01 2.417090e-02 3.949660e-01 -2.189180e-01 2.976310e-01 -1.610090e-01
  358   0.475942   0.178331   2.231810   0.127526 1.958000e-05 -1.875790e-02 -2.075455e-02 1.098750e-02 3.949660e-01 -2.189180e-01 2.976310e-01 -1.610090e-01
  359   0.474296   0.226260   2.398130   0.132258 1.402180e-05 -2.812950e-02 -1.841931e-02 1.078660e-02 3.949660e-01 -2.189180e-01 2.976310e-01 -1.610090e-01
  360   0.472983   0.282553   2.470120   0.128168 1.013390e-05 -3.721550e-02 -2.751021e-02 1.115150e-02 3.949660e-01 -2.189180e-01 2.976310e-01 -1.610090e-01
  361   0.475493   0.351882   2.632900   0.123382 6.024650e-06 -4.578970e-02 -4.780462e-02 2.305520e-02 3.949660e-01 -2.189180e-01 2.976310e-01 -1.610090e-01
  362   0.474921   0.147276   2.197080   0.307765 4.194140e-05 -2.445850e-02 -9.275356e-03 1.091670e-02 3.949660e-01 -2.189180e-01 2.976310e-01 -1.610090e-01
  363   0.473694   0.177043   2.298250   0.301134 3.277990e-05 -3.684990e-02 -2.835079e-02 1.125310e-02 3.949660e-01 -2.189180e-01 2.976310e-01 -1.610090e-01
  364   0.473889   0.203059   2.382220   0.300446 2.681060e-05 -4.686240e-02 -6.178090e-02 1.153310e-02 3.949660e-01 -2.189180e-01 2.976310e-01 -1.610090e-01
  365   0.474682   0.229258   2.400480   0.299702 2.344920e-05 -5.743190e-02 -4.602474e-02 1.124240e-02 3.949660e-01 -2.189180e-01 2.976310e-01 -1.610090e-01
  366   0.474366   0.261655   2.443360   0.292745 1.951320e-05 -6.814710e-02 -7.245875e-02 1.142260e-02 3.949660e-01 -2.189180e-01 2.976310e-01 -1.610090e-01
  367   0.474388   0.307331   2.515220   0.291324 1.488060e-05 -8.302120e-02 -7.829589e-02 1.117170e-02 3.949660e-01 -2.189180e-01 2.976310e-01 -1.610090e-01
  368   0.474234   0.358939   2.756150   0.300903 9.469180e-06 -9.904100e-02 -1.455993e-01 2.570730e-02 3.949660e-01 -2.189180e-01 2.976310e-01 -1.610090e-01
  369   0.473466   0.143437   2.235450   0.493141 3.651930e-05 -2.708710e-02 -2.388493e-02 1.217070e-02 3.949660e-01 -2.189180e-01 2.976310e-01 -1.610090e-01
  370   0.473925   0.181757   2.364830   0.493824 2.638770e-05 -4.858080e-02 -4.841867e-02 1.202170e-02 3.949660e-01 -2.189180e-01 2.976310e-01 -1.610090e-01
  371   0.474197   0.217716   2.419840   0.490681 2.139590e-05 -6.802170e-02 -6.134246e-02 1.258490e-02 3.949660e-01 -2.189180e-01 2.976310e-01 -1.610090e-01
  372   0.474678   0.267378   2.448490   0.489932 1.667890e-05 -9.316060e-02 -8.994436e-02 1.265710e-02 3.949660e-01 -2.189180e-01 2.976310e-01 -1.610090e-01
  373   0.473776   0.327120   2.639990   0.485338 1.079000e-05 -1.170070e-01 -1.355693e-01 2.136200e-02 3.949660e-01 -2.189180e-01 2.976310e-01 -1.610090e-01
  374   0.474585   0.142967   2.244220   0.805530 7.658760e-06 -3.871830e-02 -3.178038e-02 1.159060e-02 3.949660e-01 -2.189180e-01 2.976310e-01 -1.610090e-01
  375   0.474315   0.183263   2.364100   0.800075 5.598470e-06 -7.293380e-02 -5.887057e-02 1.101820e-02 3.949660e-01 -2.189180e-01 2.976310e-01 -1.610090e-01
  376   0.474620   0.225720   2.455630   0.761176 5.794800e-06 -9.378610e-02 -9.465233e-02 1.112020e-02 3.949660e-01 -2.189180e-01 2.976310e-01 -1.610090e-01
  377   0.473470   0.282631   2.563510   0.706852 5.848370e-06 -1.167190e-01 -1.095225e-01 1.670140e-02 3.949660e-01 -2.189180e-01 2.976310e-01 -1.610090e-01
  378   0.525115   0.179552   2.282240   0.130945 1.352780e-05 -1.685500e-02 -2.300493e-02 1.082570e-02 3.949660e-01 -2.189180e-01 2.976310e-01 -1.610090e-01
  379   0.522471   0.238958   2.438690   0.124663 8.745330e-06 -2.524960e-02 -3.026702e-02 1.112490e-02 3.949660e-01 -2.189180e-01 2.976310e-01 -1.610090e-01
  380   0.524590   0.303504   2.522200   0.123256 5.988420e-06 -3.374230e-02 -3.785263e-02 1.264950e-02 3.949660e-01 -2.189180e-01 2.976310e-01 -1.610090e-01
  381   0.522866   0.150608   2.204670   0.305370 3.006330e-05 -2.388100e-02 -2.905992e-02 1.091430e-02 3.949660e-01 -2.189180e-01 2.976310e-01 -1.610090e-01
  382   0.523883   0.186314   2.344020   0.301507 2.175260e-05 -3.667370e-02 -4.318757e-02 1.117210e-02 3.949660e-01 -2.189180e-01 2.976310e-01 -1.610090e-01
  383   0.523512   0.217519   2.406900   0.299661 1.788040e-05 -4.761330e-02 -4.371323e-02 1.138230e-02 3.949660e-01 -2.189180e-01 2.976310e-01 -1.610090e-01
  384   0.524772   0.249347   2.411060   0.299448 1.547430e-05 -5.871720e-02 -6.132454e-02 1.126010e-02 3.949660e-01 -2.189180e-01 2.976310e-01 -1.610090e-01
  385   0.524135   0.297866   2.469750   0.300685 1.191400e-05 -7.367380e-02 -5.246585e-02 1.103390e-02 3.949660e-01 -2.189180e-01 2.976310e-01 -1.610090e-01
  386   0.525054   0.350906   2.695580   0.297231 7.474030e-06 -8.545620e-02 -1.047146e-01 2.309220e-02 3.949660e-01 -2.189180e-01 2.976310e-01 -1.610090e-01
  387   0.523805   0.147737   2.241470   0.491834 2.676990e-05 -2.888410e-02 -2.545050e-02 1.197510e-02 3.949660e-01 -2.189180e-01 2.976310e-01 -1.610090e-01
  388   0.524072   0.190592   2.390660   0.492923 1.866380e-05 -5.101470e-02 -6.775365e-02 1.250630e-02 3.949660e-01 -2.189180e-01 2.976310e-01 -1.610090e-01
  389   0.524214   0.239194   2.452390   0.490149 1.426180e-05 -7.468860e-02 -8.408784e-02 1.281010e-02 3.949660e-01 -2.189180e-01 2.976310e-01 -1.610090e-01
  390   0.522655   0.302299   2.515550   0.483882 1.033480e-05 -1.014190e-01 -8.802046e-02 1.448940e-02 3.949660e-01 -2.189180e-01 2.976310e-01 -1.610090e-01
  391   0.524960   0.146498   2.248510   0.822645 5.797300e-06 -4.463720e-02 -5.750002e-02 1.191670e-02 3.949660e-01 -2.189180e-01 2.976310e-01 -1.610090e-01
  392   0.524098   0.189913   2.393130   0.790888 5.193440e-06 -7.367720e-02 -5.193569e-02 1.151770e-02 3.949660e-01 -2.189180e-01 2.976310e-01 -1.610090e-01
  393   0.524404   0.248471   2.510090   0.737859 5.023360e-06 -1.018250e-01 -9.563740e-02 1.171730e-02 3.949660e-01 -2.189180e-01 2.976310e-01 -1.610090e-01
  394   0.573636   0.151061   2.209520   0.263883 2.045410e-05 -1.951150e-02 -1.736036e-02 1.108270e-02 3.949660e-01 -2.189180e-01 2.976310e-01 -1.610090e-01
  395   0.574659   0.182892   2.283550   0.240254 1.535990e-05 -2.754850e-02 -1.918778e-02 1.119800e-02 3.949660e-01 -2.189180e-01 2.976310e-01 -1.610090e-01
  396   0.574341   0.203124   2.375530   0.236064 1.266320e-05 -3.171070e-02 -1.594697e-02 1.125310e-02 3.949660e-01 -2.189180e-01 2.976310e-01 -1.610090e-01
  397   0.574297   0.223574   2.409760   0.231564 1.109990e-05 -3.618450e-02 -4.740207e-02 1.108300e-02 3.949660e-01 -2.189180e-01 2.976310e-01 -1.610090e-01
  398   0.575013   0.247165   2.420940   0.224593 9.722080e-06 -4.071780e-02 -3.441456e-02 1.079710e-02 3.949660e-01 -2.189180e-01 2.976310e-01 -1.610090e-01
  399   0.575297   0.276200   2.443330   0.243407 8.826890e-06 -5.032970e-02 -4.038216e-02 1.090420e-02 3.949660e-01 -2.189180e-01 2.976310e-01 -1.610090e-01
  400   0.574114   0.318678   2.554850   0.236967 6.509300e-06 -5.715730e-02 -4.848439e-02 1.145090e-02 3.949660e-01 -2.189180e-01 2.976310e-01 -1.610090e-01
  401   0.574316   0.155557   2.249920   0.494051 1.926210e-05 -3.247490e-02 -2.895944e-02 1.153420e-02 3.949660e-01 -2.189180e-01 2.976310e-01 -1.610090e-01
  402   0.574514   0.202301   2.405720   0.488813 1.331500e-05 -5.396460e-02 -5.163591e-02 1.234220e-02 3.949660e-01 -2.189180e-01 2.976310e-01 -1.610090e-01
  403   0.573920   0.257642   2.435540   0.488895 1.019240e-05 -7.850380e-02 -7.512639e-02 1.271050e-02 3.949660e-01 -2.189180e-01 2.976310e-01 -1.610090e-01
  404   0.573665   0.322762   2.698790   0.468429 6.148300e-06 -9.588790e-02 -8.589918e-02 2.750150e-02 3.949660e-01 -2.189180e-01 2.976310e-01 -1.610090e-01
  405   0.573875   0.150506   2.257670   0.820966 5.156540e-06 -4.727090e-02 -6.322323e-02 1.219000e-02 3.949660e-01 -2.189180e-01 2.976310e-01 -1.610090e-01
  406   0.573617   0.202977   2.418880   0.776499 4.575650e-06 -7.930610e-02 -8.018771e-02 1.215180e-02 3.949660e-01 -2.189180e-01 2.976310e-01 -1.610090e-01
  407   0.573696   0.259085   2.584470   0.707067 4.468920e-06 -9.821660e-02 -9.515931e-02 1.987970e-02 3.949660e-01 -2.189180e-01 2.976310e-01 -1.610090e-01
  408   0.624112   0.156842   2.210010   0.252868 1.413620e-05 -1.949040e-02 -1.798295e-02 1.088370e-02 3.949660e-01 -2.189180e-01 2.976310e-01 -1.610090e-01
  409   0.624739   0.189545   2.317840   0.241571 1.047790e-05 -2.686380e-02 -2.093680e-02 1.110190e-02 3.949660e-01 -2.189180e-01 2.976310e-01 -1.610090e-01
  410   0.623789   0.215600   2.398160   0.238826 8.604160e-06 -3.218570e-02 -4.850575e-02 1.106550e-02 3.949660e-01 -2.189180e-01 2.976310e-01 -1.610090e-01
  411   0.625144   0.243677   2.423540   0.237998 7.374250e-06 -3.801550e-02 -5.563102e-02 1.116310e-02 3.949660e-01 -2.189180e-01 2.976310e-01 -1.610090e-01
  412   0.622277   0.276009   2.472930   0.242311 6.306040e-06 -4.484530e-02 -4.368798e-02 1.105140e-02 3.949660e-01 -2.189180e-01 2.976310e-01 -1.610090e-01
  413   0.621893   0.323607   2.666320   0.218808 3.973670e-06 -4.716100e-02 -2.879407e-02 1.702450e-02 3.949660e-01 -2.189180e-01 2.976310e-01 -1.610090e-01
  414   0.622665   0.145856   2.206190   0.663349 1.085410e-05 -3.295140e-02 -3.538741e-02 1.149500e-02 3.949660e-01 -2.189180e-01 2.976310e-01 -1.610090e-01
  415   0.624638   0.176057   2.326350   0.632568 8.994010e-06 -4.847610e-02 -3.241345e-02 1.243260e-02 3.949660e-01 -2.189180e-01 2.976310e-01 -1.610090e-01
  416   0.624162   0.204224   2.422840   0.603865 7.805740e-06 -6.021890e-02 -4.256415e-02 1.287700e-02 3.949660e-01 -2.189180e-01 2.976310e-01 -1.610090e-01
  417   0.623747   0.244202   2.499650   0.561123 6.750360e-06 -7.401560e-02 -8.306140e-02 1.273550e-02 3.949660e-01 -2.189180e-01 2.976310e-01 -1.610090e-01
  418   0.620495   0.300226   2.724040   0.487847 4.970100e-06 -8.296580e-02 -9.596251e-02 2.745120e-02 3.949660e-01 -2.189180e-01 2.976310e-01 -1.610090e-01
  419   0.672310   0.149541   2.167600   0.512911 1.229180e-05 -2.989120e-02 -2.027505e-02 1.117100e-02 3.949660e-01 -2.189180e-01 2.976310e-01 -1.610090e-01
  420   0.674016   0.174063   2.270530   0.449110 1.022340e-05 -3.666440e-02 -3.304429e-02 1.128420e-02 3.949660e-01 -2.189180e-01 2.976310e-01 -1.610090e-01
  421   0.674010   0.192520   2.352570   0.399428 8.721490e-06 -3.901040e-02 -3.679440e-02 1.157820e-02 3.949660e-01 -2.189180e-01 2.976310e-01 -1.610090e-01
  422   0.675181   0.211000   2.411770   0.386417 7.481040e-06 -4.332870e-02 -3.837100e-02 1.139860e-02 3.949660e-01 -2.189180e-01 2.976310e-01 -1.610090e-01
  423   0.673698   0.230982   2.426320   0.355173 6.740280e-06 -4.593370e-02 -5.627651e-02 1.122510e-02 3.949660e-01 -2.189180e-01 2.976310e-01 -1.610090e-01
  424   0.672427   0.257466   2.500900   0.287502 5.204090e-06 -4.290910e-02 -6.089605e-02 1.113270e-02 3.949660e-01 -2.189180e-01 2.976310e-01 -1.610090e-01
  425   0.670286   0.297452   2.670210   0.249165 3.470850e-06 -4.275100e-02 -3.925468e-02 1.628980e-02 3.949660e-01 -2.189180e-01 2.976310e-01 -1.610090e-01
  426   0.324385   0.210360   3.223220   0.470729 3.180410e-05 -4.375060e-02 -3.614306e-02 1.131480e-02 3.949660e-01 -2.189180e-01 2.976310e-01 -1.610090e-01
  427   0.323825   0.250004   3.316760   0.398516 2.860260e-05 -6.913280e-02 -5.974670e-02 1.088150e-02 3.949660e-01 -2.189180e-01 2.976310e-01 -1.610090e-01
  428   0.324843   0.274220   3.458650   0.383510 2.356110e-05 -8.028420e-02 -6.580821e-02 1.094910e-02 3.949660e-01 -2.189180e-01 2.976310e-01 -1.610090e-01
  429   0.325347   0.299132   3.506780   0.391086 2.016400e-05 -9.517090e-02 -1.077419e-01 1.124230e-02 3.949660e-01 -2.189180e-01 2.976310e-01 -1.610090e-01
  430   0.324840   0.335168   3.448800   0.390512 1.778540e-05 -1.196150e-01 -1.322232e-01 1.113710e-02 3.949660e-01 -2.189180e-01 2.976310e-01 -1.610090e-01
  431   0.323382   0.388929   3.425160   0.348805 1.444380e-05 -1.498750e-01 -1.376509e-01 1.128160e-02 3.949660e-01 -2.189180e-01 2.976310e-01 -1.610090e-01
  432   0.322908   0.438411   3.693960   0.343652 9.224410e-06 -1.716270e-01 -2.186031e-01 2.548080e-02 3.949660e-01 -2.189180e-01 2.976310e-01 -1.610090e-01
  433   0.375133   0.215155   3.223820   0.481473 2.128230e-05 -4.535180e-02 -4.289591e-02 1.140600e-02 3.949660e-01 -2.189180e-01 2.976310e-01 -1.610090e-01
  434   0.375098   0.254468   3.349170   0.409280 1.849800e-05 -6.626360e-02 -6.362876e-02 1.113700e-02 3.949660e-01 -2.189180e-01 2.976310e-01 -1.610090e-01
  435   0.375032   0.280074   3.464170   0.390633 1.557780e-05 -7.760290e-02 -9.536186e-02 1.106450e-02 3.949660e-01 -2.189180e-01 2.976310e-01 -1.610090e-01
  436   0.374708   0.307686   3.484860   0.385880 1.367040e-05 -9.287060e-02 -1.163936e-01 1.104960e-02 3.949660e-01 -2.189180e-01 2.976310e-01 -1.610090e-01
  437   0.374901   0.352265   3.442780   0.372774 1.150030e-05 -1.176180e-01 -1.245217e-01 1.106460e-02 3.949660e-01 -2.189180e-01 2.976310e-01 -1.610090e-01
  438   0.374606   0.410068   3.567320   0.328552 7.952620e-06 -1.385120e-01 -1.220593e-01 1.520950e-02 3.949660e-01 -2.189180e-01 2.976310e-01 -1.610090e-01
  439   0.424438   0.218069   3.234070   0.486291 1.499420e-05 -4.507280e-02 -4.604854e-02 1.157670e-02 3.949660e-01 -2.189180e-01 2.976310e-01 -1.610090e-01
  440   0.424013   0.260152   3.362150   0.417988 1.265830e-05 -6.481730e-02 -7.020470e-02 1.115040e-02 3.949660e-01 -2.189180e-01 2.976310e-01 -1.610090e-01
  441   0.424856   0.288207   3.452990   0.387350 1.072320e-05 -7.553810e-02 -8.983335e-02 1.113900e-02 3.949660e-01 -2.189180e-01 2.976310e-01 -1.610090e-01
  442   0.424676   0.322072   3.442920   0.375901 9.351500e-06 -9.198260e-02 -1.024945e-01 1.109010e-02 3.949660e-01 -2.189180e-01 2.976310e-01 -1.610090e-01
  443   0.424722   0.377343   3.453120   0.348129 7.159160e-06 -1.141960e-01 -1.161739e-01 1.104310e-02 3.949660e-01 -2.189180e-01 2.976310e-01 -1.610090e-01
  444   0.424284   0.435588   3.683190   0.304674 4.416500e-06 -1.261960e-01 -1.421928e-01 3.069990e-02 3.949660e-01 -2.189180e-01 2.976310e-01 -1.610090e-01
  445   0.474228   0.221096   3.239100   0.479454 1.093770e-05 -4.459320e-02 -4.226730e-02 1.197040e-02 3.949660e-01 -2.189180e-01 2.976310e-01 -1.610090e-01
  446   0.474590   0.265298   3.394440   0.410009 8.739990e-06 -6.136670e-02 -6.098256e-02 1.115530e-02 3.949660e-01 -2.189180e-01 2.976310e-01 -1.610090e-01
  447   0.473525   0.298723   3.473210   0.384464 7.303320e-06 -7.347110e-02 -4.589575e-02 1.108280e-02 3.949660e-01 -2.189180e-01 2.976310e-01 -1.610090e-01
  448   0.473779   0.347752   3.441020   0.360655 5.997770e-06 -9.263910e-02 -1.023579e-01 1.104710e-02 3.949660e-01 -2.189180e-01 2.976310e-01 -1.610090e-01
  449   0.474760   0.409903   3.551620   0.320909 3.980640e-06 -1.077640e-01 -1.119089e-01 1.661500e-02 3.949660e-01 -2.189180e-01 2.976310e-01 -1.610090e-01
  450   0.524305   0.226057   3.248450   0.468895 8.009270e-06 -4.440720e-02 -4.743290e-02 1.183890e-02 3.949660e-01 -2.189180e-01 2.976310e-01 -1.610090e-01
  451   0.523879   0.274943   3.437080   0.402845 6.003680e-06 -5.950210e-02 -6.541579e-02 1.127100e-02 3.949660e-01 -2.189180e-01 2.976310e-01 -1.610090e-01
  452   0.524158   0.325510   3.453270   0.372696 4.784030e-06 -7.664270e-02 -7.336957e-02 1.132330e-02 3.949660e-01 -2.189180e-01 2.976310e-01 -1.610090e-01
  453   0.524425   0.394587   3.507590   0.319204 3.225570e-06 -9.103470e-02 -1.014897e-01 1.499520e-02 3.949660e-01 -2.189180e-01 2.976310e-01 -1.610090e-01
  454   0.574108   0.232477   3.278220   0.478300 5.639920e-06 -4.475220e-02 -3.598088e-02 1.180220e-02 3.949660e-01 -2.189180e-01 2.976310e-01 -1.610090e-01
  455   0.573920   0.287172   3.474890   0.401525 4.086380e-06 -5.841390e-02 -9.177557e-02 1.137490e-02 3.949660e-01 -2.189180e-01 2.976310e-01 -1.610090e-01
  456   0.573761   0.359818   3.479100   0.332604 2.894670e-06 -7.350360e-02 -7.491862e-02 1.159880e-02 3.949660e-01 -2.189180e-01 2.976310e-01 -1.610090e-01
  457   0.623714   0.241805   3.294500   0.460035 4.062320e-06 -4.495950e-02 -4.222716e-02 1.152690e-02 3.949660e-01 -2.189180e-01 2.976310e-01 -1.610090e-01
  458   0.624273   0.310549   3.469910   0.363469 2.689490e-06 -5.680930e-02 -4.569720e-02 1.120170e-02 3.949660e-01 -2.189180e-01 2.976310e-01 -1.610090e-01
  459   0.621096   0.383039   3.561440   0.275356 1.659270e-06 -6.034740e-02 -7.719049e-02 2.419990e-02 3.949660e-01 -2.189180e-01 2.976310e-01 -1.610090e-01
  460   0.673561   0.256653   3.340280   0.426654 2.726950e-06 -4.394720e-02 -3.955854e-02 1.137200e-02 3.949660e-01 -2.189180e-01 2.976310e-01 -1.610090e-01
  461   0.671385   0.328609   3.521850   0.316690 1.666390e-06 -4.880670e-02 -5.833833e-02 1.563200e-02 3.949660e-01 -2.189180e-01 2.976310e-01 -1.610090e-01
  462   0.325443   0.329543   4.298860   0.378949 1.098350e-05 -8.923740e-02 -7.520312e-02 1.115110e-02 3.949660e-01 -2.189180e-01 2.976310e-01 -1.610090e-01
  463   0.324452   0.414991   4.503540   0.340948 6.536520e-06 -1.340420e-01 -1.214391e-01 1.122510e-02 3.949660e-01 -2.189180e-01 2.976310e-01 -1.610090e-01
  464   0.321154   0.522562   4.913470   0.297155 2.759680e-06 -1.798320e-01 -1.572601e-01 2.450570e-01 3.949660e-01 -2.189180e-01 2.976310e-01 -1.610090e-01
  465   0.374533   0.332591   4.322150   0.377992 7.325890e-06 -8.258640e-02 -9.045521e-02 1.120120e-02 3.949660e-01 -2.189180e-01 2.976310e-01 -1.610090e-01
  466   0.374157   0.418801   4.516850   0.344581 4.302890e-06 -1.224240e-01 -1.196186e-01 1.217590e-02 3.949660e-01 -2.189180e-01 2.976310e-01 -1.610090e-01
  467   0.424438   0.336906   4.332500   0.373835 4.995350e-06 -7.650550e-02 -6.914862e-02 1.123950e-02 3.949660e-01 -2.189180e-01 2.976310e-01 -1.610090e-01
  468   0.424514   0.426952   4.519600   0.348396 2.847130e-06 -1.135460e-01 -1.146139e-01 1.423850e-02 3.949660e-01 -2.189180e-01 2.976310e-01 -1.610090e-01
  469   0.474426   0.344930   4.366830   0.369883 3.349610e-06 -7.185030e-02 -6.428042e-02 1.136470e-02 3.949660e-01 -2.189180e-01 2.976310e-01 -1.610090e-01
  470   0.474201   0.441079   4.531130   0.325665 1.836290e-06 -1.027420e-01 -7.437864e-02 1.859050e-02 3.949660e-01 -2.189180e-01 2.976310e-01 -1.610090e-01
  471   0.524101   0.356390   4.392700   0.369516 2.264620e-06 -6.913630e-02 -6.008880e-02 1.132050e-02 3.949660e-01 -2.189180e-01 2.976310e-01 -1.610090e-01
  472   0.522882   0.467237   4.546490   0.304117 1.110320e-06 -9.559240e-02 -8.550221e-02 3.191840e-02 3.949660e-01 -2.189180e-01 2.976310e-01 -1.610090e-01
  473   0.574352   0.365921   4.415570   0.356882 1.545370e-06 -6.347510e-02 -7.159522e-02 1.172490e-02 3.949660e-01 -2.189180e-01 2.976310e-01 -1.610090e-01
  474   0.623382   0.360223   4.408040   0.362440 1.162860e-06 -5.618030e-02 -5.117621e-02 1.404870e-02 3.949660e-01 -2.189180e-01 2.976310e-01 -1.610090e-01
  475   0.672556   0.352512   4.387590   0.351020 8.632890e-07 -4.696110e-02 -4.720172e-02 1.698650e-02 3.949660e-01 -2.189180e-01 2.976310e-01 -1.610090e-01
  476   0.324738   0.447841   5.416260   0.340902 3.452300e-06 -1.279260e-01 -1.389423e-01 1.391060e-02 3.949660e-01 -2.189180e-01 2.976310e-01 -1.610090e-01
  477   0.374825   0.446659   5.406900   0.340969 2.343080e-06 -1.139210e-01 -1.021725e-01 1.475770e-02 3.949660e-01 -2.189180e-01 2.976310e-01 -1.610090e-01
  478   0.424499   0.446036   5.417600   0.322980 1.608780e-06 -9.768500e-02 -1.029389e-01 1.524990e-02 3.949660e-01 -2.189180e-01 2.976310e-01 -1.610090e-01
  479   0.474909   0.443530   5.411650   0.329788 1.149540e-06 -8.685620e-02 -9.396328e-02 1.712420e-02 3.949660e-01 -2.189180e-01 2.976310e-01 -1.610090e-01
  480   0.523830   0.441585   5.413670   0.326583 8.352960e-07 -7.616040e-02 -5.091586e-02 1.848250e-02 3.949660e-01 -2.189180e-01 2.976310e-01 -1.610090e-01
  481   0.573433   0.436093   5.402120   0.331002 6.285540e-07 -6.665290e-02 -6.312177e-02 2.083380e-02 3.949660e-01 -2.189180e-01 2.976310e-01 -1.610090e-01
  482   0.623200   0.429785   5.412160   0.324672 4.609790e-07 -5.634570e-02 -6.429381e-02 2.492040e-02 3.949660e-01 -2.189180e-01 2.976310e-01 -1.610090e-01
  483   0.672374   0.420415   5.403720   0.306723 3.344650e-07 -4.491940e-02 -2.173393e-02 3.234320e-02 3.949660e-01 -2.189180e-01 2.976310e-01 -1.610090e-01
  484   0.325282   0.516564   6.519170   0.348146 1.399300e-06 -1.400900e-01 -1.168214e-01 2.279540e-02 3.949660e-01 -2.189180e-01 2.976310e-01 -1.610090e-01
  485   0.374146   0.518005   6.527060   0.337120 9.335880e-07 -1.243100e-01 -1.211397e-01 2.367350e-02 3.949660e-01 -2.189180e-01 2.976310e-01 -1.610090e-01
  486   0.424335   0.517953   6.526760   0.333951 6.403910e-07 -1.094810e-01 -1.122936e-01 2.596920e-02 3.949660e-01 -2.189180e-01 2.976310e-01 -1.610090e-01
  487   0.474144   0.515321   6.516380   0.331671 4.582660e-07 -9.583150e-02 -1.180012e-01 2.858530e-02 3.949660e-01 -2.189180e-01 2.976310e-01 -1.610090e-01
  488   0.523994   0.511285   6.515560   0.326236 3.350530e-07 -8.260820e-02 -4.258825e-02 3.145850e-02 3.949660e-01 -2.189180e-01 2.976310e-01 -1.610090e-01
  489   0.573183   0.507012   6.492270   0.319091 2.492370e-07 -7.088390e-02 -2.540226e-02 3.527480e-02 3.949660e-01 -2.189180e-01 2.976310e-01 -1.610090e-01
  490   0.622480   0.493472   6.438560   0.300698 1.935790e-07 -5.665760e-02 2.423657e-02 4.512900e-02 3.949660e-01 -2.189180e-01 2.976310e-01 -1.610090e-01
  491   0.670979   0.480465   6.374600   0.294102 1.495840e-07 -4.618370e-02 6.354250e-02 6.515180e-02 3.949660e-01 -2.189180e-01 2.976310e-01 -1.610090e-01
