0 0.323289 0.0993982 1.19612 0.155621 0.000481644
1 0.323952 0.122419 1.34593 0.142197 0.000298279
2 0.32356 0.138142 1.41829 0.133495 0.000230642
3 0.324387 0.15311 1.48786 0.124952 0.000179039
4 0.324596 0.168458 1.56058 0.120858 0.000143241
5 0.324594 0.18565 1.59058 0.1148 0.000119326
6 0.324757 0.20878 1.6672 0.113439 9.32798e-05
7 0.324786 0.250922 1.78084 0.121791 6.73701e-05
8 0.323651 0.0761893 1.12163 0.321626 0.000890451
9 0.324247 0.0920354 1.21937 0.311297 0.000659197
10 0.32405 0.105001 1.32405 0.30535 0.000505848
11 0.324577 0.117915 1.42585 0.299537 0.000394706
12 0.324637 0.132085 1.51675 0.297079 0.000315904
13 0.324609 0.15061 1.56229 0.292376 0.000265378
14 0.324835 0.179501 1.59451 0.295005 0.000215043
15 0.325317 0.233616 1.72703 0.295863 0.000132092
16 0.32363 0.0677724 1.09921 0.501271 0.000679145
17 0.324001 0.0811188 1.18566 0.492717 0.000532805
18 0.324776 0.0923824 1.27857 0.489882 0.000421463
19 0.324716 0.10484 1.37598 0.489778 0.000331871
20 0.324546 0.119201 1.47843 0.489177 0.000260713
21 0.324599 0.13806 1.52963 0.491 0.000213565
22 0.324689 0.167985 1.57612 0.488847 0.000167899
23 0.324851 0.22428 1.7165 0.486719 0.000100797
24 0.325975 0.0638187 1.07631 0.673604 0.000216707
25 0.326255 0.0745815 1.16817 0.671438 0.000172584
26 0.326636 0.084399 1.23996 0.668416 0.000146629
27 0.32706 0.0948505 1.33414 0.666585 0.000121249
28 0.326922 0.107269 1.45334 0.666294 9.58684e-05
29 0.326864 0.122629 1.59338 0.666007 7.35832e-05
30 0.32797 0.144654 1.67519 0.660695 5.9794e-05
31 0.330396 0.192561 1.78395 0.642286 4.46139e-05
32 0.332591 0.0636887 1.08499 0.847448 -0.000116099
33 0.333718 0.0771742 1.24375 0.842458 -6.44329e-05
34 0.333782 0.0932425 1.44728 0.840933 -3.42396e-05
35 0.333727 0.118291 1.73987 0.840046 -1.52231e-05
36 0.337732 0.149702 1.90309 0.825223 -6.66575e-06
37 0.348763 0.0731675 1.27477 1.00505 -0.000130409
38 0.374142 0.104203 1.20466 0.153351 0.000324784
39 0.374198 0.127521 1.358 0.140494 0.000200996
40 0.373925 0.143268 1.43557 0.131906 0.000154095
41 0.374843 0.157905 1.4811 0.127218 0.000127541
42 0.374058 0.173387 1.54613 0.121623 0.000102738
43 0.373825 0.191043 1.60178 0.118961 8.45315e-05
44 0.374668 0.214013 1.67951 0.114596 6.43344e-05
45 0.374414 0.253709 1.78981 0.125422 4.82576e-05
46 0.373005 0.0788843 1.12556 0.32438 0.000637395
47 0.373835 0.0952018 1.22602 0.312949 0.00046839
48 0.373815 0.108043 1.32765 0.305147 0.000361085
49 0.374111 0.121379 1.43662 0.302781 0.000278433
50 0.3747 0.135784 1.51737 0.298032 0.000225145
51 0.374696 0.153394 1.56361 0.293266 0.000190075
52 0.374314 0.180238 1.59123 0.292415 0.000157666
53 0.374679 0.232882 1.73008 0.29161 9.70322e-05
54 0.373625 0.0694848 1.10286 0.502583 0.000511097
55 0.374246 0.0830867 1.18548 0.496074 0.000399632
56 0.374095 0.0939087 1.27326 0.491328 0.000323475
57 0.374371 0.105814 1.37315 0.491773 0.000253786
58 0.374314 0.120126 1.47669 0.490542 0.000199339
59 0.374337 0.138741 1.52626 0.491139 0.00016514
60 0.374467 0.168058 1.55069 0.493358 0.000132561
61 0.374271 0.223079 1.69017 0.494658 7.94969e-05
62 0.374681 0.0655999 1.08775 0.683082 0.00017454
63 0.375495 0.0780365 1.18027 0.679348 0.000138238
64 0.375213 0.0888707 1.25867 0.677644 0.000114182
65 0.375426 0.100741 1.35453 0.676997 9.20976e-05
66 0.37532 0.114788 1.46398 0.675215 7.37555e-05
67 0.375598 0.131815 1.55585 0.67469 5.86865e-05
68 0.375752 0.158588 1.62891 0.670713 4.60186e-05
69 0.37677 0.210798 1.75593 0.660295 3.06362e-05
70 0.37718 0.0625171 1.0653 0.875796 -9.42903e-05
71 0.377428 0.0714736 1.14716 0.87199 -6.86215e-05
72 0.377815 0.0793743 1.22132 0.867409 -5.10045e-05
73 0.378167 0.0878846 1.31206 0.865713 -3.73572e-05
74 0.378569 0.0982206 1.43567 0.865034 -2.5275e-05
75 0.379068 0.111257 1.57107 0.865395 -1.71401e-05
76 0.379303 0.127825 1.71639 0.861736 -1.079e-05
77 0.382492 0.158792 1.80506 0.845714 -5.99043e-06
78 0.387725 0.0836301 1.35427 1.03048 -7.96204e-05
79 0.423931 0.108447 1.21306 0.152734 0.000226078
80 0.424259 0.131685 1.34989 0.139387 0.000143335
81 0.42342 0.147097 1.42524 0.129762 0.000109931
82 0.424041 0.161598 1.49588 0.122172 8.58759e-05
83 0.424229 0.175982 1.52392 0.123475 7.67038e-05
84 0.424683 0.191908 1.59339 0.119763 6.16157e-05
85 0.423787 0.214001 1.6821 0.118404 4.79936e-05
86 0.42426 0.252786 1.78615 0.123413 3.48329e-05
87 0.423581 0.0824589 1.12999 0.326266 0.000455915
88 0.423753 0.0997302 1.25247 0.314303 0.000321928
89 0.424027 0.113114 1.33978 0.306027 0.000253572
90 0.424043 0.126412 1.43969 0.302001 0.000198811
91 0.42474 0.140716 1.51543 0.297931 0.00016204
92 0.424679 0.15834 1.56777 0.294348 0.000135773
93 0.424741 0.185508 1.60966 0.291465 0.00010991
94 0.424356 0.238556 1.74423 0.291276 6.83915e-05
95 0.423409 0.0711718 1.1069 0.502956 0.000390451
96 0.423934 0.0850297 1.18844 0.497412 0.000304913
97 0.424423 0.0963844 1.28365 0.49279 0.000241816
98 0.424394 0.108778 1.38158 0.489714 0.000192214
99 0.424413 0.122818 1.48776 0.489039 0.00015046
100 0.424506 0.14052 1.53187 0.490562 0.000126334
101 0.424635 0.169914 1.54831 0.492734 0.000103069
102 0.424539 0.224904 1.69004 0.492976 6.2044e-05
103 0.423961 0.0665537 1.08959 0.69107 0.000145644
104 0.424535 0.0790507 1.18041 0.686689 0.000116055
105 0.424712 0.0898929 1.2565 0.684871 9.60717e-05
106 0.424704 0.101862 1.34818 0.683057 7.84946e-05
107 0.424546 0.116283 1.45292 0.683676 6.15771e-05
108 0.425124 0.1342 1.52146 0.682734 5.00128e-05
109 0.424792 0.160837 1.57296 0.681267 3.9357e-05
110 0.424615 0.209331 1.71502 0.676686 2.5268e-05
111 0.425915 0.0637796 1.07637 0.882816 -5.26841e-05
112 0.426444 0.0740791 1.15861 0.881631 -3.86146e-05
113 0.426449 0.083014 1.22591 0.879331 -2.98479e-05
114 0.426426 0.0928556 1.31616 0.876455 -2.10214e-05
115 0.426136 0.104749 1.42745 0.875269 -1.43305e-05
116 0.426648 0.119629 1.56608 0.874552 -8.94279e-06
117 0.427543 0.140632 1.66531 0.869198 -5.99744e-06
118 0.428549 0.179916 1.77906 0.856721 -3.31249e-06
119 0.42851 0.064059 1.08382 1.06275 -0.000126719
120 0.429841 0.0772214 1.23028 1.05676 -8.15372e-05
121 0.430352 0.0939142 1.44008 1.05628 -4.80591e-05
122 0.430903 0.124151 1.73669 1.05092 -2.43031e-05
123 0.441901 0.0799183 1.33363 1.21943 -6.95239e-05
124 0.474087 0.110963 1.21575 0.149661 0.000158452
125 0.474247 0.134171 1.33686 0.13702 0.000103478
126 0.474524 0.150037 1.44102 0.128968 7.54615e-05
127 0.474713 0.164458 1.4942 0.126146 6.28523e-05
128 0.47409 0.178738 1.51761 0.122328 5.48811e-05
129 0.474054 0.194822 1.60157 0.12011 4.36735e-05
130 0.47494 0.217651 1.68412 0.120805 3.42934e-05
131 0.474286 0.255781 1.78997 0.130223 2.58429e-05
132 0.473127 0.0855586 1.13786 0.325057 0.000328201
133 0.47419 0.103116 1.25802 0.315445 0.000231336
134 0.474323 0.117716 1.35549 0.307836 0.000177985
135 0.474136 0.131435 1.4519 0.301143 0.00014005
136 0.474276 0.146094 1.519 0.297898 0.000115964
137 0.474772 0.164684 1.57839 0.294782 9.54025e-05
138 0.474661 0.192973 1.61901 0.29236 7.7095e-05
139 0.474933 0.2455 1.75519 0.290945 4.7795e-05
140 0.473688 0.0728266 1.11214 0.506163 0.000295173
141 0.47363 0.0876023 1.19281 0.497872 0.000232045
142 0.474516 0.0994103 1.28877 0.492595 0.000183058
143 0.474527 0.111827 1.39216 0.49088 0.000143679
144 0.474278 0.125701 1.49642 0.489311 0.000113384
145 0.474252 0.143682 1.5374 0.488829 9.63001e-05
146 0.474062 0.17251 1.56013 0.488921 7.90894e-05
147 0.474098 0.226687 1.70042 0.487033 4.83427e-05
148 0.473593 0.067902 1.09628 0.694231 0.000124724
149 0.474548 0.0811205 1.18241 0.689887 9.88287e-05
150 0.47437 0.0918158 1.26412 0.686124 8.25727e-05
151 0.474653 0.103873 1.36296 0.686739 6.54867e-05
152 0.474579 0.117712 1.4486 0.685475 5.35045e-05
153 0.474825 0.134818 1.50661 0.684469 4.43846e-05
154 0.474189 0.160516 1.5458 0.686988 3.483e-05
155 0.473757 0.205244 1.70402 0.681181 2.2789e-05
156 0.475092 0.0644109 1.0803 0.888564 -2.62551e-05
157 0.47519 0.0755902 1.16737 0.883866 -1.674e-05
158 0.475501 0.0854159 1.23487 0.884337 -1.31878e-05
159 0.475532 0.0958452 1.31164 0.882421 -9.33189e-06
160 0.475156 0.107841 1.41628 0.88294 -6.24718e-06
161 0.475731 0.122523 1.52463 0.88132 -3.73944e-06
162 0.475667 0.144005 1.60977 0.879111 -2.85989e-06
163 0.475554 0.181206 1.74159 0.869905 -1.31514e-06
164 0.476509 0.0619732 1.06106 1.07857 -9.84054e-05
165 0.476716 0.0704846 1.13718 1.07674 -7.69646e-05
166 0.476904 0.078517 1.20984 1.07417 -6.17146e-05
167 0.477212 0.0868768 1.29573 1.07237 -4.85022e-05
168 0.477638 0.0968102 1.40335 1.07042 -3.6567e-05
169 0.477272 0.109746 1.54336 1.07009 -2.62633e-05
170 0.477736 0.126853 1.70216 1.06918 -1.82578e-05
171 0.479235 0.155304 1.80304 1.05397 -1.32816e-05
172 0.481617 0.0848367 1.35028 1.24097 -5.11832e-05
173 0.522856 0.113976 1.22326 0.149372 0.000113707
174 0.524038 0.136204 1.34871 0.13446 7.2575e-05
175 0.524342 0.151713 1.44317 0.129832 5.50672e-05
176 0.52459 0.165734 1.47802 0.124763 4.65834e-05
177 0.525429 0.179962 1.54187 0.124575 3.88171e-05
178 0.523586 0.195343 1.58833 0.124308 3.36559e-05
179 0.525091 0.215286 1.69311 0.122161 2.53628e-05
180 0.523817 0.250699 1.7869 0.127442 1.92618e-05
181 0.524049 0.0886107 1.14473 0.326032 0.000238122
182 0.523498 0.107701 1.27255 0.314679 0.000165447
183 0.523631 0.122476 1.37498 0.307517 0.00012623
184 0.523497 0.13632 1.46094 0.301027 0.000100993
185 0.52477 0.151114 1.52207 0.297947 8.3831e-05
186 0.524603 0.169267 1.5682 0.292751 7.06305e-05
187 0.525103 0.195427 1.61994 0.290893 5.66347e-05
188 0.524034 0.24519 1.7488 0.289182 3.62647e-05
189 0.523692 0.0755105 1.11572 0.508715 0.000225495
190 0.524308 0.0905931 1.20364 0.500337 0.000174378
191 0.524199 0.102516 1.29628 0.493668 0.000139356
192 0.524651 0.114793 1.40323 0.491694 0.000108705
193 0.524638 0.128309 1.49737 0.490133 8.7179e-05
194 0.524932 0.145089 1.55619 0.489206 7.27307e-05
195 0.524034 0.172906 1.58142 0.488796 6.03464e-05
196 0.523918 0.22473 1.72853 0.484454 3.74218e-05
197 0.524381 0.0689445 1.09984 0.696654 0.000107625
198 0.524312 0.0821657 1.17817 0.689085 8.80663e-05
199 0.524511 0.0928483 1.26521 0.687398 7.16517e-05
200 0.524049 0.104372 1.35814 0.686464 5.80875e-05
201 0.524664 0.117346 1.45817 0.686897 4.62535e-05
202 0.524166 0.133431 1.51731 0.686659 3.85582e-05
203 0.523778 0.158256 1.54745 0.683955 3.20523e-05
204 0.522813 0.202409 1.72526 0.678797 2.04816e-05
205 0.52432 0.0651767 1.08071 0.895331 -1.04233e-05
206 0.52482 0.0766059 1.16894 0.889993 -4.78016e-06
207 0.525013 0.0862926 1.22949 0.888721 -3.18942e-06
208 0.52495 0.0968801 1.31019 0.889164 -1.84727e-06
209 0.524898 0.108708 1.40094 0.887807 -4.3623e-07
210 0.524453 0.123646 1.49471 0.886995 1.56244e-07
211 0.525123 0.144287 1.57443 0.884351 3.65338e-07
212 0.523719 0.178653 1.73224 0.873482 1.22769e-06
213 0.525874 0.0625889 1.06663 1.08327 -6.86883e-05
214 0.525356 0.072037 1.14525 1.0813 -5.32043e-05
215 0.525854 0.080512 1.204 1.08046 -4.40618e-05
216 0.525732 0.0888743 1.27432 1.07787 -3.57669e-05
217 0.526134 0.0988835 1.3762 1.07687 -2.70844e-05
218 0.526213 0.111182 1.49004 1.07479 -2.01394e-05
219 0.526139 0.127606 1.63236 1.07283 -1.42304e-05
220 0.525526 0.153837 1.76249 1.06262 -1.00242e-05
221 0.527385 0.0708128 1.15251 1.26529 -6.4289e-05
222 0.527713 0.107933 1.57251 1.25746 -2.31112e-05
223 0.573913 0.116304 1.22138 0.144202 8.14392e-05
224 0.573413 0.139311 1.34595 0.135244 5.41085e-05
225 0.574305 0.154211 1.39804 0.124221 4.21578e-05
226 0.574147 0.167038 1.48189 0.12629 3.48068e-05
227 0.573323 0.180286 1.51619 0.125298 3.06636e-05
228 0.574715 0.195366 1.59521 0.124483 2.47318e-05
229 0.574382 0.215552 1.70573 0.120957 1.84793e-05
230 0.573802 0.250522 1.77227 0.13242 1.51769e-05
231 0.573732 0.091468 1.15468 0.325648 0.000176061
232 0.573532 0.111771 1.28496 0.31422 0.000120719
233 0.574257 0.126127 1.37754 0.30468 9.34039e-05
234 0.573975 0.139403 1.45748 0.303716 7.61007e-05
235 0.575058 0.154161 1.50839 0.29998 6.42179e-05
236 0.573801 0.172031 1.56946 0.293394 5.31376e-05
237 0.574119 0.198094 1.63769 0.292295 4.17201e-05
238 0.574044 0.244418 1.7542 0.286777 2.74261e-05
239 0.573565 0.0773938 1.11891 0.512218 0.000176127
240 0.574322 0.0926346 1.21052 0.501606 0.000135732
241 0.574256 0.103823 1.29794 0.497518 0.000109203
242 0.574403 0.115374 1.38997 0.491564 8.83211e-05
243 0.574614 0.12837 1.4793 0.492097 7.10425e-05
244 0.574561 0.143974 1.53593 0.487341 6.03172e-05
245 0.574183 0.167791 1.57858 0.486394 4.98918e-05
246 0.57305 0.213406 1.72605 0.484163 3.20255e-05
247 0.574158 0.0696764 1.09814 0.695525 9.61709e-05
248 0.574477 0.0826709 1.16811 0.690802 7.80893e-05
249 0.574379 0.0925149 1.24652 0.687952 6.49818e-05
250 0.574461 0.103321 1.3443 0.68817 5.19569e-05
251 0.574438 0.115768 1.44274 0.687923 4.16874e-05
252 0.574374 0.130387 1.51478 0.686623 3.46781e-05
253 0.574603 0.152681 1.56753 0.684984 2.83738e-05
254 0.573173 0.192708 1.72215 0.679545 1.90854e-05
255 0.573988 0.0660011 1.08459 0.898864 9.20906e-07
256 0.57427 0.077627 1.16851 0.893042 3.30081e-06
257 0.57445 0.0869636 1.22919 0.891028 3.729e-06
258 0.574978 0.0964539 1.30449 0.888828 4.30687e-06
259 0.574293 0.107287 1.38284 0.888454 4.08887e-06
260 0.574478 0.12069 1.47364 0.888202 3.76764e-06
261 0.574609 0.139034 1.56752 0.886994 3.25548e-06
262 0.572639 0.171076 1.7303 0.877815 3.00928e-06
263 0.575195 0.0626828 1.06473 1.08871 -4.98294e-05
264 0.574748 0.0715457 1.14037 1.08371 -3.83168e-05
265 0.575482 0.0794643 1.19279 1.08344 -3.21822e-05
266 0.575227 0.0878147 1.25343 1.08203 -2.66964e-05
267 0.575357 0.0973774 1.33385 1.08022 -2.10634e-05
268 0.574983 0.108722 1.4483 1.07961 -1.5531e-05
269 0.574673 0.123633 1.59144 1.07607 -1.06986e-05
270 0.57282 0.147467 1.74804 1.06477 -7.01715e-06
271 0.575851 0.0676668 1.11226 1.26692 -5.55199e-05
272 0.57596 0.0895888 1.32555 1.26207 -3.0693e-05
273 0.574611 0.119698 1.69128 1.25853 -1.36407e-05
274 0.57752 0.0794899 1.28876 1.44893 -3.5392e-05
275 0.623515 0.117517 1.22479 0.148379 6.30648e-05
276 0.623718 0.13918 1.3393 0.136077 4.19787e-05
277 0.623369 0.153466 1.4135 0.128062 3.24693e-05
278 0.623486 0.166814 1.48492 0.12523 2.63364e-05
279 0.62349 0.179894 1.49533 0.127612 2.45966e-05
280 0.624659 0.194272 1.60685 0.125485 1.87711e-05
281 0.623639 0.213199 1.69535 0.12761 1.52344e-05
282 0.622843 0.246909 1.80091 0.127785 1.10548e-05
283 0.622687 0.0921139 1.15101 0.328279 0.000138949
284 0.623836 0.111315 1.27713 0.314347 9.55009e-05
285 0.624027 0.125704 1.36873 0.307598 7.42232e-05
286 0.624049 0.138998 1.43648 0.302279 6.12091e-05
287 0.624471 0.1526 1.49491 0.298188 5.1415e-05
288 0.623856 0.168601 1.56118 0.297908 4.27413e-05
289 0.623349 0.190118 1.6502 0.291894 3.32555e-05
290 0.623134 0.230128 1.76305 0.285314 2.27626e-05
291 0.623426 0.0794834 1.12218 0.51228 0.000140631
292 0.623904 0.094712 1.21623 0.501289 0.000108006
293 0.623913 0.106573 1.2977 0.496573 8.74406e-05
294 0.624546 0.11853 1.3955 0.493691 6.92606e-05
295 0.623503 0.130841 1.47678 0.490572 5.72994e-05
296 0.624365 0.146062 1.54265 0.491146 4.74595e-05
297 0.623579 0.168899 1.62278 0.486869 3.77131e-05
298 0.622989 0.209083 1.7556 0.484092 2.5505e-05
299 0.623038 0.070885 1.10035 0.697477 8.35987e-05
300 0.623919 0.083703 1.16624 0.693083 6.82078e-05
301 0.623899 0.0929266 1.23736 0.688643 5.79355e-05
302 0.624686 0.102428 1.32103 0.687607 4.77656e-05
303 0.624012 0.113318 1.41384 0.687092 3.89632e-05
304 0.62398 0.126708 1.49446 0.685904 3.2169e-05
305 0.624137 0.145199 1.58181 0.683668 2.58444e-05
306 0.622592 0.179864 1.70931 0.676321 1.86348e-05
307 0.623338 0.0665332 1.08366 0.896741 9.3912e-06
308 0.624007 0.0771859 1.15407 0.891251 9.49319e-06
309 0.624579 0.085519 1.20641 0.891571 8.42266e-06
310 0.624351 0.0939552 1.27742 0.890142 7.94136e-06
311 0.624181 0.10347 1.34774 0.889005 7.27215e-06
312 0.624077 0.114792 1.45089 0.888929 6.42474e-06
313 0.624183 0.130001 1.55875 0.886196 5.65439e-06
314 0.622379 0.157432 1.70929 0.87763 4.71054e-06
315 0.622604 0.0636936 1.06716 1.09219 -3.63645e-05
316 0.624672 0.0725624 1.14265 1.08876 -2.74117e-05
317 0.624972 0.0800221 1.19158 1.08641 -2.30746e-05
318 0.624585 0.0873902 1.24692 1.0854 -1.93913e-05
319 0.624169 0.0958807 1.32371 1.08176 -1.52353e-05
320 0.624063 0.106222 1.43114 1.08018 -1.11841e-05
321 0.623316 0.121015 1.60179 1.07723 -7.05502e-06
322 0.621624 0.142735 1.77565 1.06839 -4.35992e-06
323 0.623821 0.068061 1.11151 1.26894 -4.40317e-05
324 0.624743 0.0884579 1.32527 1.26252 -2.40982e-05
325 0.623122 0.117265 1.70054 1.25505 -1.03195e-05
326 0.623218 0.0760729 1.24683 1.45161 -3.2232e-05
327 0.673888 0.117196 1.22398 0.152384 5.02952e-05
328 0.67309 0.136991 1.31227 0.131821 3.38443e-05
329 0.673772 0.150191 1.39383 0.128004 2.64861e-05
330 0.67288 0.16291 1.47566 0.127128 2.15477e-05
331 0.672896 0.175782 1.55665 0.128476 1.78646e-05
332 0.672982 0.190358 1.62827 0.127789 1.47684e-05
333 0.67301 0.209551 1.72988 0.129458 1.166e-05
334 0.671416 0.236931 1.83386 0.124765 8.53433e-06
335 0.673036 0.0941757 1.15095 0.323725 0.000108342
336 0.673781 0.113963 1.27779 0.316917 7.46641e-05
337 0.674101 0.128027 1.36691 0.308835 5.82259e-05
338 0.673404 0.140234 1.43545 0.305151 4.84671e-05
339 0.673716 0.153617 1.50517 0.298241 3.98749e-05
340 0.673399 0.168511 1.58359 0.298168 3.27015e-05
341 0.67377 0.189089 1.69185 0.292347 2.47883e-05
342 0.669816 0.221027 1.79953 0.284487 1.81681e-05
343 0.67325 0.0809932 1.11284 0.510434 0.000117454
344 0.673782 0.0956631 1.21379 0.503593 8.84751e-05
345 0.674329 0.106983 1.28977 0.498213 7.23585e-05
346 0.67405 0.117827 1.37647 0.495259 5.8849e-05
347 0.673663 0.129886 1.46527 0.495212 4.76987e-05
348 0.674125 0.144078 1.5441 0.490704 3.92625e-05
349 0.673049 0.16445 1.63368 0.486141 3.12055e-05
350 0.671755 0.197246 1.78564 0.475135 2.16898e-05
351 0.672339 0.0741825 1.09795 0.697236 7.26023e-05
352 0.673542 0.08604 1.16561 0.693708 5.93949e-05
353 0.673957 0.0948805 1.2397 0.690307 4.99401e-05
354 0.674206 0.104414 1.32131 0.690204 4.1131e-05
355 0.674267 0.114706 1.41866 0.687344 3.36685e-05
356 0.674117 0.126747 1.51468 0.685576 2.7496e-05
357 0.674073 0.143284 1.60956 0.681648 2.22863e-05
358 0.671503 0.172154 1.74308 0.673 1.66033e-05
359 0.671502 0.070554 1.08203 0.897827 1.26022e-05
360 0.67421 0.0805348 1.14713 0.890401 1.25309e-05
361 0.67324 0.0884283 1.21506 0.891005 1.09727e-05
362 0.673498 0.0964143 1.28774 0.890236 9.88747e-06
363 0.674027 0.104848 1.37781 0.884768 9.40816e-06
364 0.673938 0.115137 1.48628 0.884104 8.08865e-06
365 0.673194 0.129451 1.62829 0.879849 6.84765e-06
366 0.670925 0.152827 1.76515 0.869014 5.75287e-06
367 0.670581 0.0676707 1.07077 1.09343 -2.62121e-05
368 0.672905 0.0761092 1.1397 1.09073 -2.00939e-05
369 0.672839 0.0824493 1.18345 1.08554 -1.68848e-05
370 0.672371 0.0888944 1.26042 1.08215 -1.29969e-05
371 0.672007 0.0967366 1.35779 1.07852 -9.43961e-06
372 0.67274 0.10753 1.5124 1.07717 -5.89568e-06
373 0.671584 0.125999 1.7369 1.07395 -3.09573e-06
374 0.665367 0.152769 1.92049 1.04222 -1.24216e-06
375 0.670243 0.0755163 1.17671 1.26983 -2.94362e-05
376 0.670249 0.105809 1.60528 1.25487 -1.01022e-05
377 0.323794 0.170447 2.18815 0.142517 7.46726e-05
378 0.32455 0.197095 2.2896 0.129386 5.3459e-05
379 0.325108 0.215813 2.36858 0.125576 4.33715e-05
380 0.325084 0.233041 2.41961 0.119207 3.59699e-05
381 0.324235 0.250373 2.4347 0.115947 3.16896e-05
382 0.324418 0.270419 2.45337 0.112805 2.71628e-05
383 0.324445 0.296093 2.45269 0.122689 2.52524e-05
384 0.324202 0.336454 2.58701 0.133649 1.89022e-05
385 0.323907 0.149562 2.12066 0.306501 0.000135338
386 0.324533 0.170565 2.23174 0.295384 0.000106048
387 0.324525 0.188963 2.32596 0.291649 8.6972e-05
388 0.325161 0.207937 2.40982 0.290951 7.1929e-05
389 0.324641 0.228161 2.4537 0.290576 6.19837e-05
390 0.324908 0.252605 2.43762 0.291316 5.4893e-05
391 0.324098 0.285064 2.43192 0.293399 4.61495e-05
392 0.324227 0.332947 2.5626 0.29233 3.07386e-05
393 0.324864 0.146391 2.11351 0.486161 0.000105563
394 0.323942 0.169101 2.2368 0.490621 8.06665e-05
395 0.324004 0.189674 2.3194 0.492383 6.56725e-05
396 0.32472 0.211211 2.38487 0.491891 5.44126e-05
397 0.323759 0.232807 2.41788 0.494192 4.64142e-05
398 0.323666 0.258773 2.42921 0.494487 3.93249e-05
399 0.324208 0.289944 2.43129 0.494592 3.2305e-05
400 0.323807 0.335059 2.55854 0.495537 2.17592e-05
401 0.325012 0.145265 2.10642 0.677122 3.68424e-05
402 0.324828 0.165523 2.21794 0.676793 2.90808e-05
403 0.325583 0.182914 2.30846 0.675212 2.42712e-05
404 0.325969 0.200037 2.37781 0.671194 2.11631e-05
405 0.326556 0.217877 2.45166 0.669097 1.80322e-05
406 0.326768 0.238667 2.50115 0.666895 1.53218e-05
407 0.327376 0.266444 2.53663 0.659134 1.31241e-05
408 0.327913 0.313362 2.64604 0.648612 9.5477e-06
409 0.333258 0.176128 2.35643 0.83966 -3.49086e-06
410 0.337453 0.252746 2.82335 0.828806 -8.61206e-07
411 0.374054 0.171688 2.19631 0.143859 5.21772e-05
412 0.374094 0.200739 2.2996 0.129963 3.68724e-05
413 0.374162 0.218906 2.36405 0.125024 3.03321e-05
414 0.373322 0.236122 2.40291 0.117879 2.54572e-05
415 0.373576 0.253353 2.44187 0.116064 2.19862e-05
416 0.375095 0.272877 2.4495 0.122813 2.03765e-05
417 0.37484 0.297826 2.46699 0.125375 1.77497e-05
418 0.374441 0.337953 2.60303 0.138267 1.34431e-05
419 0.37364 0.151878 2.12835 0.30966 9.57417e-05
420 0.374451 0.173716 2.23184 0.300385 7.52671e-05
421 0.374763 0.191963 2.33732 0.294744 6.08875e-05
422 0.374449 0.210878 2.41275 0.290308 5.10144e-05
423 0.37423 0.231181 2.4455 0.289653 4.43646e-05
424 0.374132 0.255753 2.43761 0.294432 3.92448e-05
425 0.374493 0.289644 2.43742 0.293581 3.23139e-05
426 0.374887 0.33697 2.59032 0.290495 2.10973e-05
427 0.374811 0.145206 2.10565 0.485407 8.1426e-05
428 0.374611 0.1662 2.22154 0.485122 6.40391e-05
429 0.375079 0.185536 2.31517 0.48602 5.20562e-05
430 0.374131 0.206141 2.39 0.490032 4.29071e-05
431 0.374122 0.228323 2.42703 0.490924 3.6452e-05
432 0.373909 0.254404 2.42438 0.491815 3.13557e-05
433 0.373718 0.287649 2.4187 0.491575 2.58724e-05
434 0.373756 0.334964 2.57107 0.493152 1.68085e-05
435 0.374196 0.146888 2.11519 0.685651 2.98971e-05
436 0.374596 0.169224 2.22619 0.688259 2.27529e-05
437 0.37434 0.188542 2.31225 0.686665 1.88597e-05
438 0.373815 0.207972 2.37985 0.684336 1.60025e-05
439 0.374385 0.22784 2.42843 0.685088 1.33526e-05
440 0.374912 0.250836 2.43142 0.680719 1.17253e-05
441 0.374802 0.278625 2.44469 0.675342 9.97242e-06
442 0.374083 0.318608 2.61827 0.660476 7.57796e-06
443 0.377131 0.14911 2.12988 0.872949 -4.61683e-06
444 0.377482 0.176186 2.28483 0.86972 -3.18584e-06
445 0.378547 0.204655 2.46706 0.863532 -1.79245e-06
446 0.37989 0.248175 2.64969 0.854297 -9.54292e-07
447 0.37864 0.306551 2.87591 0.830187 -7.14783e-08
448 0.38907 0.174237 2.39134 1.02724 -1.03861e-05
449 0.423666 0.17426 2.18784 0.144169 3.73322e-05
450 0.423781 0.202839 2.29511 0.133112 2.6798e-05
451 0.423639 0.220769 2.33323 0.123647 2.20414e-05
452 0.423647 0.236339 2.37033 0.124037 1.96027e-05
453 0.425217 0.253351 2.40981 0.120611 1.66084e-05
454 0.424929 0.272444 2.44631 0.123021 1.47186e-05
455 0.423707 0.296556 2.46197 0.127793 1.32028e-05
456 0.423322 0.335708 2.60211 0.135016 9.67009e-06
457 0.423789 0.15413 2.13617 0.311975 6.84977e-05
458 0.424487 0.1777 2.24794 0.303213 5.29614e-05
459 0.423894 0.197092 2.3389 0.296734 4.34558e-05
460 0.424592 0.216069 2.42503 0.292577 3.57772e-05
461 0.424678 0.236724 2.46091 0.292469 3.09382e-05
462 0.424453 0.262468 2.43512 0.290145 2.75759e-05
463 0.424514 0.293896 2.43433 0.291066 2.31379e-05
464 0.425428 0.338472 2.58624 0.284575 1.52463e-05
465 0.424619 0.146379 2.10873 0.491235 6.08386e-05
466 0.42452 0.166536 2.21935 0.483644 4.92205e-05
467 0.42452 0.184777 2.31225 0.485376 4.03528e-05
468 0.423527 0.205066 2.38042 0.488365 3.37029e-05
469 0.424303 0.226125 2.40999 0.48967 2.893e-05
470 0.425041 0.251108 2.43044 0.487676 2.46697e-05
471 0.424197 0.284432 2.43635 0.49034 2.01478e-05
472 0.423893 0.331276 2.55864 0.489016 1.36589e-05
473 0.425015 0.146277 2.11391 0.684431 2.63521e-05
474 0.424786 0.16832 2.22532 0.687252 2.02388e-05
475 0.424071 0.18719 2.29541 0.688597 1.67323e-05
476 0.424129 0.205953 2.36233 0.691122 1.37785e-05
477 0.423741 0.225422 2.40499 0.689206 1.1892e-05
478 0.424293 0.246453 2.40221 0.690847 1.01894e-05
479 0.423665 0.272033 2.4233 0.687248 8.66159e-06
480 0.423269 0.310127 2.59873 0.668188 6.78148e-06
481 0.425681 0.147217 2.11316 0.886267 -1.72199e-06
482 0.425355 0.169754 2.22943 0.882333 -1.19361e-06
483 0.425624 0.189781 2.3363 0.882835 -1.03912e-06
484 0.426235 0.210383 2.41752 0.878536 -7.48425e-07
485 0.426006 0.232832 2.50329 0.872518 -4.78802e-07
486 0.425073 0.268123 2.65512 0.861038 -8.63906e-08
487 0.429908 0.180984 2.37299 1.05531 -7.8478e-06
488 0.473735 0.175641 2.19776 0.144583 2.63394e-05
489 0.47523 0.204418 2.29322 0.132355 1.8818e-05
490 0.473668 0.22206 2.33557 0.126093 1.59193e-05
491 0.47339 0.237676 2.38877 0.124316 1.37405e-05
492 0.473971 0.253864 2.42002 0.124613 1.21982e-05
493 0.475008 0.272431 2.45276 0.122605 1.0458e-05
494 0.474268 0.296495 2.48017 0.128349 9.3191e-06
495 0.474621 0.334275 2.60968 0.137327 7.0005e-06
496 0.474184 0.156003 2.14164 0.311168 4.92351e-05
497 0.474642 0.180991 2.26307 0.30591 3.75353e-05
498 0.474237 0.200615 2.35119 0.295666 3.06987e-05
499 0.473802 0.21904 2.42303 0.294219 2.5962e-05
500 0.47385 0.239984 2.45303 0.291971 2.25139e-05
501 0.474728 0.264376 2.42935 0.289312 2.00474e-05
502 0.474258 0.295671 2.42395 0.291186 1.70076e-05
503 0.474032 0.339651 2.59285 0.293513 1.12344e-05
504 0.474054 0.147084 2.1122 0.495368 4.60269e-05
505 0.474031 0.167459 2.22254 0.490087 3.69543e-05
506 0.474676 0.185993 2.328 0.486391 3.01486e-05
507 0.474152 0.205973 2.39582 0.488881 2.52538e-05
508 0.473782 0.227555 2.43371 0.488927 2.16871e-05
509 0.473726 0.253408 2.42673 0.491426 1.87998e-05
510 0.474754 0.285703 2.42973 0.487411 1.5624e-05
511 0.474041 0.330401 2.55797 0.480205 1.08469e-05
512 0.475229 0.14482 2.10658 0.68129 2.32896e-05
513 0.474505 0.165867 2.21396 0.682137 1.83849e-05
514 0.474373 0.185095 2.30571 0.685675 1.47535e-05
515 0.47434 0.203371 2.36677 0.68579 1.24989e-05
516 0.47417 0.222349 2.40674 0.687523 1.06342e-05
517 0.473473 0.242933 2.39901 0.687699 9.38196e-06
518 0.474303 0.268175 2.43903 0.684067 7.88015e-06
519 0.472215 0.304996 2.62749 0.666223 6.02243e-06
520 0.474126 0.148024 2.1163 0.891419 6.98337e-07
521 0.47464 0.171574 2.23145 0.891135 4.79372e-07
522 0.474724 0.191894 2.32915 0.890402 3.65566e-07
523 0.474744 0.212828 2.38219 0.888487 2.17252e-07
524 0.4741 0.236022 2.48095 0.880188 3.83173e-07
525 0.473283 0.269663 2.68743 0.866856 6.11537e-07
526 0.476538 0.161912 2.20547 1.08955 -7.69538e-06
527 0.47596 0.213258 2.56453 1.06656 -3.7546e-06
528 0.523356 0.178194 2.18328 0.138849 1.86178e-05
529 0.523903 0.205474 2.29504 0.130813 1.35587e-05
530 0.525184 0.222058 2.33065 0.128366 1.17025e-05
531 0.524017 0.238659 2.38254 0.126337 1.01027e-05
532 0.524041 0.254174 2.4063 0.121569 8.78165e-06
533 0.524291 0.271582 2.44459 0.122358 7.72721e-06
534 0.523726 0.293909 2.48846 0.127414 6.80579e-06
535 0.523179 0.331871 2.60207 0.140565 5.36304e-06
536 0.523119 0.158054 2.15006 0.314585 3.61528e-05
537 0.523935 0.184212 2.26623 0.304482 2.73793e-05
538 0.523657 0.204227 2.34085 0.302661 2.28193e-05
539 0.524365 0.222262 2.42591 0.295899 1.88298e-05
540 0.524575 0.241297 2.44005 0.29049 1.66802e-05
541 0.524361 0.264885 2.43495 0.287012 1.47363e-05
542 0.524622 0.294156 2.41671 0.291157 1.28121e-05
543 0.52387 0.338307 2.5921 0.295341 8.44917e-06
544 0.523385 0.147946 2.11194 0.503057 3.5159e-05
545 0.523938 0.168177 2.21828 0.489525 2.87091e-05
546 0.524764 0.185367 2.31523 0.48748 2.36761e-05
547 0.524899 0.204065 2.39349 0.484008 1.99294e-05
548 0.524581 0.223838 2.44081 0.486515 1.7074e-05
549 0.524604 0.247048 2.43954 0.486494 1.50618e-05
550 0.524943 0.277556 2.43894 0.488462 1.26282e-05
551 0.523771 0.321952 2.58891 0.478298 8.69375e-06
552 0.52466 0.14352 2.10025 0.683149 1.99304e-05
553 0.525103 0.161921 2.20591 0.683177 1.60449e-05
554 0.524631 0.179273 2.28653 0.685853 1.32655e-05
555 0.524936 0.197462 2.35951 0.684211 1.12349e-05
556 0.524291 0.215366 2.40044 0.684868 9.73004e-06
557 0.525065 0.234816 2.41694 0.685598 8.47244e-06
558 0.523923 0.258123 2.45252 0.68117 7.3177e-06
559 0.522724 0.295537 2.63078 0.667521 5.40736e-06
560 0.524365 0.149061 2.12756 0.894348 2.24278e-06
561 0.523467 0.175482 2.25726 0.893911 1.63654e-06
562 0.523816 0.199823 2.34742 0.892 1.28931e-06
563 0.523125 0.227004 2.46525 0.880939 1.26192e-06
564 0.522827 0.262184 2.71512 0.870221 1.1101e-06
565 0.525022 0.156956 2.17245 1.1073 -5.71518e-06
566 0.524042 0.203366 2.496 1.07562 -2.76932e-06
567 0.573365 0.181982 2.23054 0.135739 1.25769e-05
568 0.574781 0.208195 2.27512 0.127096 9.8233e-06
569 0.574845 0.225532 2.34864 0.129155 8.42281e-06
570 0.57445 0.240238 2.37345 0.12638 7.48043e-06
571 0.57507 0.255777 2.41948 0.127512 6.60145e-06
572 0.574046 0.274318 2.45275 0.119699 5.49588e-06
573 0.574861 0.296382 2.48564 0.129028 5.01452e-06
574 0.573743 0.331749 2.57959 0.142761 4.1105e-06
575 0.574039 0.160711 2.15956 0.312402 2.64828e-05
576 0.573967 0.188016 2.27619 0.303609 2.00428e-05
577 0.573867 0.207523 2.35954 0.296085 1.64592e-05
578 0.573479 0.225075 2.43574 0.295477 1.39245e-05
579 0.573818 0.244628 2.44299 0.288794 1.23527e-05
580 0.573816 0.268726 2.43381 0.289141 1.09742e-05
581 0.574192 0.296969 2.44338 0.291446 9.31162e-06
582 0.571847 0.337701 2.60796 0.289809 6.34146e-06
583 0.573639 0.148761 2.11536 0.500987 2.76002e-05
584 0.574622 0.168823 2.22209 0.494027 2.2193e-05
585 0.573875 0.184719 2.29662 0.488793 1.90889e-05
586 0.574332 0.20086 2.37422 0.48497 1.62616e-05
587 0.573941 0.219284 2.44297 0.485507 1.38022e-05
588 0.574409 0.240546 2.44497 0.48964 1.2191e-05
589 0.573595 0.267433 2.43394 0.487302 1.07082e-05
590 0.572223 0.30839 2.59683 0.474334 7.46834e-06
591 0.573891 0.143322 2.0948 0.684964 1.70176e-05
592 0.574881 0.159946 2.20326 0.679903 1.40947e-05
593 0.575044 0.175717 2.26991 0.682687 1.19108e-05
594 0.574614 0.191225 2.33287 0.684253 1.02181e-05
595 0.57447 0.207695 2.39338 0.687705 8.6735e-06
596 0.574685 0.226509 2.42328 0.684849 7.65839e-06
597 0.574641 0.247906 2.47048 0.678916 6.65291e-06
598 0.571826 0.281938 2.66123 0.668237 4.89901e-06
599 0.574562 0.151083 2.13898 0.890129 3.30766e-06
600 0.574317 0.181892 2.28306 0.889586 2.38072e-06
601 0.573761 0.212099 2.43152 0.883794 1.88976e-06
602 0.572374 0.247973 2.69644 0.868623 1.55507e-06
603 0.57433 0.158099 2.18038 1.11277 -3.77139e-06
604 0.572584 0.202011 2.51761 1.07386 -1.60239e-06
605 0.624247 0.181966 2.18518 0.133827 9.85691e-06
606 0.622085 0.208658 2.28304 0.12427 7.31724e-06
607 0.622833 0.224383 2.33353 0.127262 6.50919e-06
608 0.623852 0.237987 2.3526 0.124866 5.81716e-06
609 0.62447 0.251758 2.3849 0.124946 5.21879e-06
610 0.624847 0.268601 2.45372 0.130062 4.59761e-06
611 0.623754 0.290403 2.51903 0.1211 3.60943e-06
612 0.621409 0.323449 2.60943 0.136188 3.08706e-06
613 0.624345 0.161347 2.15861 0.315685 2.04291e-05
614 0.62481 0.188251 2.25931 0.30564 1.56887e-05
615 0.622225 0.206965 2.33614 0.298579 1.31844e-05
616 0.624193 0.222405 2.39685 0.299647 1.13365e-05
617 0.62517 0.239015 2.43009 0.294723 9.93598e-06
618 0.623607 0.258279 2.45291 0.294888 8.85075e-06
619 0.623525 0.28216 2.43512 0.287771 7.84232e-06
620 0.621642 0.315992 2.61075 0.28563 5.4934e-06
621 0.623788 0.14996 2.11633 0.501794 2.19223e-05
622 0.623569 0.169108 2.20972 0.494594 1.80518e-05
623 0.623785 0.184504 2.30649 0.492173 1.50657e-05
624 0.624342 0.199983 2.37053 0.488747 1.30399e-05
625 0.623674 0.215976 2.42497 0.48812 1.14028e-05
626 0.62453 0.234216 2.43793 0.48924 1.01736e-05
627 0.623586 0.25749 2.45458 0.486332 8.90126e-06
628 0.622936 0.292878 2.64386 0.476336 6.21311e-06
629 0.623945 0.143204 2.09302 0.685257 1.46154e-05
630 0.624563 0.15956 2.18292 0.685713 1.20732e-05
631 0.624025 0.17336 2.26666 0.684651 1.03422e-05
632 0.625357 0.187718 2.33451 0.683655 8.93798e-06
633 0.624002 0.204347 2.38525 0.684459 7.77618e-06
634 0.622807 0.220736 2.40803 0.682494 7.01807e-06
635 0.622682 0.240546 2.50543 0.674886 5.92092e-06
636 0.621244 0.272222 2.70772 0.663484 4.35315e-06
637 0.624457 0.151989 2.14484 0.885138 3.85841e-06
638 0.624221 0.185386 2.31055 0.886194 2.67634e-06
639 0.62198 0.223715 2.60151 0.871824 1.99144e-06
640 0.623015 0.16596 2.26302 1.09826 -1.87662e-06
641 0.615242 0.23613 2.92387 1.02755 -9.22119e-08
642 0.67378 0.180209 2.19725 0.139976 7.89734e-06
643 0.674459 0.206712 2.29567 0.126804 5.65282e-06
644 0.673784 0.222189 2.34951 0.127521 4.97607e-06
645 0.673893 0.234523 2.36089 0.124674 4.52342e-06
646 0.67359 0.248099 2.40655 0.124768 4.02768e-06
647 0.672596 0.262564 2.40639 0.130762 3.91811e-06
648 0.671297 0.280518 2.49643 0.123831 3.10806e-06
649 0.67091 0.309935 2.71178 0.122563 2.12594e-06
650 0.673625 0.162328 2.169 0.313541 1.57907e-05
651 0.672016 0.18698 2.24989 0.307076 1.27225e-05
652 0.674099 0.203702 2.32185 0.301578 1.06185e-05
653 0.673998 0.218568 2.37487 0.299404 9.28425e-06
654 0.67481 0.232461 2.38688 0.294246 8.44004e-06
655 0.673979 0.246988 2.42508 0.288919 7.48954e-06
656 0.673714 0.266078 2.48163 0.289581 6.40861e-06
657 0.669243 0.296483 2.66032 0.281683 4.59411e-06
658 0.673302 0.150193 2.12314 0.499244 1.77526e-05
659 0.674818 0.169875 2.20592 0.495318 1.45645e-05
660 0.674414 0.183999 2.28753 0.495193 1.24264e-05
661 0.674017 0.197496 2.34952 0.494134 1.08976e-05
662 0.673912 0.211426 2.41874 0.490909 9.4886e-06
663 0.673256 0.226075 2.46371 0.484365 8.48914e-06
664 0.673143 0.244685 2.51241 0.483443 7.35065e-06
665 0.671017 0.275058 2.66978 0.473238 5.47969e-06
666 0.673758 0.145628 2.10187 0.69192 1.20199e-05
667 0.67406 0.163375 2.20475 0.685291 9.98745e-06
668 0.674335 0.178761 2.29534 0.685243 8.37861e-06
669 0.673679 0.19636 2.36832 0.685438 7.1026e-06
670 0.672352 0.215799 2.4723 0.678848 5.95171e-06
671 0.670673 0.244736 2.67095 0.666914 4.44756e-06
672 0.67367 0.147589 2.12455 0.951444 1.99431e-06
673 0.672796 0.178207 2.30994 0.90876 2.36172e-06
674 0.670241 0.214298 2.64324 0.874952 2.01176e-06
675 0.324499 0.253101 3.20256 0.128381 1.7599e-05
676 0.324297 0.277201 3.33038 0.122101 1.34606e-05
677 0.323622 0.296413 3.38235 0.121768 1.16802e-05
678 0.325145 0.315508 3.34687 0.115492 1.01574e-05
679 0.324308 0.334888 3.36574 0.11453 8.94096e-06
680 0.324257 0.357121 3.41942 0.118669 7.77222e-06
681 0.324218 0.383735 3.49918 0.123754 6.46543e-06
682 0.323821 0.42137 3.64478 0.134683 4.94523e-06
683 0.325295 0.246083 3.20152 0.291201 2.99513e-05
684 0.32415 0.269478 3.36564 0.288529 2.35006e-05
685 0.325748 0.287983 3.44485 0.288584 1.98188e-05
686 0.325041 0.310649 3.37424 0.289848 1.83888e-05
687 0.324739 0.33423 3.35031 0.28982 1.63078e-05
688 0.325029 0.360041 3.408 0.290861 1.33642e-05
689 0.32437 0.388973 3.47899 0.290485 1.06464e-05
690 0.32466 0.427183 3.64367 0.291089 7.40037e-06
691 0.324266 0.246879 3.20072 0.490416 2.35157e-05
692 0.323661 0.27177 3.36026 0.493592 1.81217e-05
693 0.323798 0.290377 3.42057 0.489181 1.57852e-05
694 0.324017 0.312221 3.35345 0.494236 1.41885e-05
695 0.324532 0.335478 3.3372 0.492191 1.24423e-05
696 0.323345 0.358699 3.40641 0.493068 1.02827e-05
697 0.324474 0.386041 3.47728 0.494565 8.10585e-06
698 0.32349 0.423994 3.62244 0.492354 5.7745e-06
699 0.32437 0.253829 3.24428 0.683989 7.86968e-06
700 0.324992 0.284951 3.40015 0.681353 5.94216e-06
701 0.325315 0.315175 3.35489 0.677975 5.00018e-06
702 0.325995 0.350888 3.41206 0.672487 3.89816e-06
703 0.325274 0.394489 3.59598 0.657235 2.92024e-06
704 0.332687 0.285468 3.46785 0.84453 -5.03094e-07
705 0.373279 0.25514 3.1978 0.128272 1.23095e-05
706 0.374839 0.279823 3.33797 0.126717 9.47906e-06
707 0.374908 0.298635 3.34269 0.1233 8.31417e-06
708 0.37432 0.317179 3.33991 0.12246 7.49339e-06
709 0.375087 0.337024 3.36487 0.117291 6.28259e-06
710 0.374375 0.359373 3.42619 0.120539 5.41563e-06
711 0.373914 0.384914 3.51793 0.126411 4.53341e-06
712 0.374186 0.422278 3.6621 0.134406 3.39446e-06
713 0.374796 0.247429 3.20454 0.294058 2.12746e-05
714 0.374874 0.271192 3.37137 0.289396 1.64491e-05
715 0.374462 0.290199 3.43307 0.291502 1.423e-05
716 0.374529 0.312733 3.35366 0.294213 1.32757e-05
717 0.37507 0.338588 3.3573 0.288801 1.12888e-05
718 0.37477 0.36459 3.41926 0.289795 9.25108e-06
719 0.375313 0.392322 3.4862 0.28789 7.37575e-06
720 0.375704 0.429085 3.6647 0.289707 5.12844e-06
721 0.375333 0.247593 3.20583 0.487399 1.76231e-05
722 0.374499 0.271219 3.35556 0.487169 1.39405e-05
723 0.374391 0.289791 3.43205 0.485431 1.19409e-05
724 0.373497 0.311365 3.35333 0.490929 1.09617e-05
725 0.374083 0.336086 3.34037 0.489478 9.50502e-06
726 0.37421 0.360964 3.41415 0.489013 7.73447e-06
727 0.374854 0.388151 3.46817 0.486915 6.2621e-06
728 0.374095 0.425674 3.63771 0.48816 4.35723e-06
729 0.374056 0.257565 3.25682 0.687043 6.55584e-06
730 0.374219 0.294772 3.37951 0.689067 4.67441e-06
731 0.373992 0.332582 3.34049 0.689943 3.60888e-06
732 0.373867 0.378817 3.51545 0.674932 2.63951e-06
733 0.372916 0.431469 3.82349 0.638525 1.95752e-06
734 0.376732 0.287277 3.39261 0.877265 -4.69727e-07
735 0.376301 0.370484 3.7678 0.830041 1.70168e-07
736 0.424133 0.255604 3.20522 0.126468 8.49565e-06
737 0.424251 0.280814 3.31483 0.126626 6.82644e-06
738 0.423342 0.298433 3.34283 0.123234 5.96669e-06
739 0.425377 0.316268 3.31482 0.126315 5.55827e-06
740 0.424872 0.335603 3.3581 0.121332 4.66689e-06
741 0.424072 0.356276 3.42909 0.124106 4.02167e-06
742 0.423716 0.380819 3.50731 0.128185 3.37545e-06
743 0.42354 0.419447 3.65487 0.139902 2.56819e-06
744 0.424848 0.246682 3.1938 0.294027 1.55729e-05
745 0.424807 0.270957 3.36472 0.298935 1.20758e-05
746 0.424365 0.290142 3.44661 0.293081 1.02162e-05
747 0.424197 0.312402 3.34175 0.292377 9.73415e-06
748 0.424916 0.337035 3.35969 0.289891 8.26979e-06
749 0.423918 0.36178 3.41328 0.289962 6.90275e-06
750 0.424502 0.389784 3.48656 0.287352 5.46898e-06
751 0.424509 0.426371 3.6314 0.290578 3.91236e-06
752 0.424076 0.247488 3.2076 0.486337 1.35099e-05
753 0.425651 0.272504 3.38486 0.484917 1.02926e-05
754 0.424427 0.292155 3.43 0.48714 8.93074e-06
755 0.423922 0.314253 3.33415 0.486342 8.41191e-06
756 0.423783 0.338845 3.34694 0.488713 7.14781e-06
757 0.424356 0.364627 3.44196 0.489567 5.67261e-06
758 0.425114 0.394015 3.48192 0.487634 4.56478e-06
759 0.424556 0.430103 3.68741 0.483981 3.16847e-06
760 0.424989 0.263168 3.30173 0.684717 5.35816e-06
761 0.424135 0.310824 3.35668 0.686359 3.75612e-06
762 0.423603 0.363452 3.45623 0.679923 2.57201e-06
763 0.422001 0.415908 3.75617 0.643586 1.8667e-06
764 0.424907 0.274564 3.34929 0.917388 -4.18495e-07
765 0.423727 0.33558 3.49642 0.859146 2.17385e-07
766 0.474253 0.254737 3.19348 0.131678 6.34088e-06
767 0.475379 0.279793 3.30883 0.127338 4.89182e-06
768 0.475288 0.297633 3.35122 0.126267 4.27156e-06
769 0.473898 0.31665 3.32802 0.121954 3.83117e-06
770 0.474476 0.33491 3.34203 0.123367 3.43871e-06
771 0.473808 0.355678 3.41442 0.121969 2.86845e-06
772 0.474043 0.381136 3.51266 0.129798 2.41355e-06
773 0.474739 0.419815 3.66994 0.139992 1.79594e-06
774 0.47422 0.24828 3.20285 0.299069 1.12304e-05
775 0.473409 0.272164 3.35315 0.298111 8.85472e-06
776 0.473213 0.290707 3.43495 0.292251 7.49716e-06
777 0.473741 0.312383 3.3507 0.289939 7.02813e-06
778 0.474004 0.337164 3.34715 0.29101 6.10899e-06
779 0.474429 0.361682 3.40764 0.290666 5.03381e-06
780 0.474486 0.387935 3.47093 0.287864 4.07423e-06
781 0.473572 0.42422 3.62027 0.293568 2.9389e-06
782 0.474748 0.247924 3.22153 0.484069 1.01444e-05
783 0.474421 0.274184 3.39701 0.483773 7.74895e-06
784 0.475197 0.295515 3.4022 0.490457 6.72543e-06
785 0.474138 0.322191 3.34038 0.491143 6.03337e-06
786 0.474329 0.351598 3.37828 0.488716 4.93368e-06
787 0.474589 0.383763 3.45601 0.488549 3.81161e-06
788 0.474168 0.422245 3.65375 0.478903 2.64748e-06
789 0.474471 0.267144 3.32447 0.684616 4.35712e-06
790 0.474397 0.323327 3.36089 0.685811 2.95067e-06
791 0.472926 0.378212 3.5723 0.663997 2.0265e-06
792 0.474075 0.279681 3.36573 0.926349 -1.82053e-09
793 0.471303 0.358448 3.72438 0.83643 5.38127e-07
794 0.523213 0.255676 3.19812 0.126832 4.42193e-06
795 0.52391 0.283129 3.32355 0.132098 3.57824e-06
796 0.522497 0.304794 3.33494 0.124171 3.01424e-06
797 0.525637 0.325402 3.34054 0.125312 2.64464e-06
798 0.524718 0.346832 3.39927 0.12432 2.23413e-06
799 0.523591 0.37102 3.44953 0.128114 1.92828e-06
800 0.524725 0.409386 3.64308 0.136313 1.38512e-06
801 0.523887 0.24851 3.19379 0.300738 8.35128e-06
802 0.524851 0.27267 3.32707 0.295832 6.55171e-06
803 0.524724 0.292319 3.41617 0.291443 5.48405e-06
804 0.524344 0.313827 3.35192 0.289997 5.11023e-06
805 0.52443 0.337764 3.34408 0.289217 4.47638e-06
806 0.524144 0.361773 3.39536 0.289278 3.74423e-06
807 0.524397 0.388837 3.49094 0.300157 2.99284e-06
808 0.523498 0.426156 3.6555 0.300025 2.10753e-06
809 0.524286 0.249488 3.23274 0.486913 7.64569e-06
810 0.525235 0.278295 3.41845 0.487268 5.67282e-06
811 0.524123 0.305324 3.37596 0.486648 5.05149e-06
812 0.525158 0.337067 3.3561 0.486747 4.22888e-06
813 0.524954 0.371586 3.44445 0.483758 3.23381e-06
814 0.522552 0.41187 3.6462 0.467794 2.25704e-06
815 0.523634 0.256919 3.26732 0.78703 2.31114e-06
816 0.523924 0.297392 3.41433 0.75145 2.04106e-06
817 0.52324 0.351287 3.4807 0.680548 1.99741e-06
818 0.574203 0.261635 3.22062 0.126536 3.07531e-06
819 0.574434 0.292808 3.33616 0.131116 2.455e-06
820 0.574161 0.318208 3.33474 0.123158 2.02644e-06
821 0.573054 0.343398 3.38218 0.125815 1.73816e-06
822 0.573753 0.375351 3.50669 0.130076 1.34451e-06
823 0.573433 0.419206 3.67521 0.142918 9.84913e-07
824 0.574317 0.249427 3.19306 0.304584 6.25661e-06
825 0.573604 0.273067 3.33495 0.301245 4.94545e-06
826 0.573263 0.291938 3.39348 0.294196 4.24189e-06
827 0.573948 0.313379 3.3493 0.292019 3.87123e-06
828 0.572629 0.336129 3.33367 0.287353 3.44441e-06
829 0.574349 0.358632 3.38331 0.292182 2.89976e-06
830 0.57311 0.383567 3.47214 0.29103 2.34564e-06
831 0.571223 0.419609 3.66965 0.288929 1.63315e-06
832 0.574321 0.252932 3.25517 0.485772 5.76683e-06
833 0.574539 0.283269 3.4214 0.486376 4.31881e-06
834 0.574354 0.31583 3.34835 0.487849 3.78346e-06
835 0.573361 0.357015 3.42273 0.48376 2.83727e-06
836 0.572483 0.397069 3.68734 0.46883 1.88321e-06
837 0.574474 0.260812 3.29803 0.769105 2.22766e-06
838 0.5734 0.317059 3.44949 0.707209 1.92563e-06
839 0.563855 0.392657 3.85615 0.630931 1.26856e-06
840 0.62382 0.265831 3.24723 0.127314 2.23528e-06
841 0.622871 0.304254 3.31832 0.133032 1.80218e-06
842 0.623851 0.338098 3.36911 0.130901 1.40631e-06
843 0.623507 0.380567 3.54876 0.131278 9.60285e-07
844 0.617133 0.432493 3.81454 0.132879 5.98667e-07
845 0.623858 0.253362 3.20677 0.306875 4.67433e-06
846 0.623619 0.280044 3.37041 0.301134 3.55116e-06
847 0.623747 0.30076 3.35445 0.288732 3.15128e-06
848 0.624426 0.325144 3.33229 0.287795 2.78498e-06
849 0.622897 0.350113 3.39863 0.295098 2.33862e-06
850 0.622232 0.381076 3.55482 0.294623 1.73496e-06
851 0.617915 0.416498 3.79816 0.281291 1.16979e-06
852 0.624729 0.25569 3.25346 0.489732 4.48665e-06
853 0.623375 0.291991 3.42526 0.487684 3.26996e-06
854 0.623732 0.335773 3.37878 0.48283 2.64314e-06
855 0.61901 0.377853 3.68269 0.463173 1.72193e-06
856 0.624572 0.265763 3.34138 0.744869 2.08026e-06
857 0.620885 0.318301 3.48321 0.67889 1.79482e-06
858 0.673435 0.276996 3.26814 0.129171 1.61778e-06
859 0.674092 0.323262 3.35481 0.128439 1.1665e-06
860 0.67108 0.367524 3.54374 0.123984 7.6971e-07
861 0.674505 0.257591 3.20992 0.302929 3.52884e-06
862 0.673858 0.288229 3.36308 0.298678 2.65291e-06
863 0.6744 0.318088 3.34677 0.294061 2.2584e-06
864 0.669989 0.355586 3.50896 0.285081 1.61987e-06
865 0.661269 0.399645 3.85341 0.263956 9.62879e-07
866 0.674433 0.24987 3.21728 0.579087 3.40742e-06
867 0.673937 0.278969 3.43118 0.560588 2.57039e-06
868 0.670737 0.317875 3.47751 0.508567 2.17231e-06
869 0.324128 0.310541 4.18451 0.131574 6.80026e-06
870 0.324429 0.335422 4.37762 0.130369 5.21225e-06
871 0.324229 0.357039 4.58426 0.123005 3.89471e-06
872 0.323843 0.383624 4.60323 0.119753 3.21045e-06
873 0.323866 0.423948 4.45696 0.119887 2.69043e-06
874 0.323833 0.473476 4.42402 0.1326 2.12583e-06
875 0.324806 0.305112 4.15391 0.287126 1.15169e-05
876 0.324326 0.327582 4.34155 0.289787 9.12394e-06
877 0.324733 0.347897 4.54748 0.289832 7.19806e-06
878 0.324884 0.371785 4.63583 0.289964 5.92563e-06
879 0.323904 0.409128 4.50823 0.292498 5.04288e-06
880 0.3245 0.457725 4.33998 0.288277 3.94656e-06
881 0.325573 0.498358 4.5896 0.288513 2.54539e-06
882 0.323952 0.31692 4.24349 0.488555 8.30105e-06
883 0.324345 0.356827 4.57393 0.489243 5.42545e-06
884 0.324011 0.416455 4.47525 0.488869 3.8436e-06
885 0.323435 0.481011 4.41923 0.491706 2.45655e-06
886 0.325146 0.327333 4.34463 0.721895 2.0242e-06
887 0.324458 0.401413 4.56328 0.702035 1.25653e-06
888 0.374253 0.316172 4.23091 0.12811 4.34015e-06
889 0.374207 0.348399 4.49438 0.125476 3.03757e-06
890 0.373861 0.379717 4.61752 0.125247 2.35117e-06
891 0.374192 0.425856 4.45358 0.123473 1.8939e-06
892 0.374526 0.478096 4.4373 0.133209 1.42153e-06
893 0.374523 0.306293 4.16188 0.291541 8.10887e-06
894 0.374188 0.329451 4.35795 0.28822 6.32482e-06
895 0.374501 0.350704 4.56505 0.291051 4.97231e-06
896 0.374128 0.379268 4.63761 0.29233 4.02987e-06
897 0.374472 0.427749 4.40697 0.289517 3.32918e-06
898 0.374235 0.477757 4.40621 0.288641 2.35353e-06
899 0.374207 0.317803 4.2595 0.487653 6.12703e-06
900 0.374876 0.36425 4.59909 0.48695 3.83231e-06
901 0.374694 0.444155 4.40619 0.488716 2.46417e-06
902 0.374634 0.329046 4.35895 0.766789 1.2229e-06
903 0.374243 0.401499 4.5846 0.723978 9.50778e-07
904 0.423432 0.322167 4.27373 0.127885 2.89198e-06
905 0.424636 0.361647 4.571 0.127536 1.91369e-06
906 0.424574 0.409084 4.51188 0.124789 1.45033e-06
907 0.424071 0.469797 4.41152 0.135253 1.10058e-06
908 0.42356 0.308318 4.17265 0.294281 5.77696e-06
909 0.424995 0.334679 4.40296 0.288818 4.27128e-06
910 0.424604 0.36047 4.6215 0.292827 3.26736e-06
911 0.424834 0.403504 4.53202 0.290093 2.61595e-06
912 0.424101 0.46475 4.38553 0.291953 1.89564e-06
913 0.424259 0.321967 4.29009 0.488191 4.42853e-06
914 0.42482 0.379864 4.58783 0.491345 2.61169e-06
915 0.424216 0.459874 4.38043 0.483112 1.72679e-06
916 0.424209 0.332305 4.38182 0.784404 9.76269e-07
917 0.423857 0.40625 4.57822 0.717727 8.6862e-07
918 0.472571 0.326118 4.30639 0.127387 1.96555e-06
919 0.473338 0.376392 4.59746 0.130148 1.25307e-06
920 0.474739 0.443952 4.43319 0.128536 8.77998e-07
921 0.473248 0.311162 4.20025 0.30136 4.07405e-06
922 0.474412 0.341187 4.4636 0.295747 2.89811e-06
923 0.474184 0.37492 4.62447 0.290486 2.1537e-06
924 0.474046 0.432836 4.40797 0.292646 1.68905e-06
925 0.475002 0.486293 4.45603 0.295253 1.12911e-06
926 0.473748 0.312394 4.21101 0.613823 2.68778e-06
927 0.474699 0.347041 4.51649 0.60137 1.91833e-06
928 0.474279 0.396124 4.57492 0.568547 1.50079e-06
929 0.473789 0.464409 4.42208 0.493277 1.22196e-06
930 0.523749 0.310035 4.1867 0.248994 2.75512e-06
931 0.523462 0.336309 4.39805 0.231166 2.00276e-06
932 0.524197 0.358929 4.59405 0.229582 1.55347e-06
933 0.52503 0.387264 4.60916 0.221593 1.2623e-06
934 0.524355 0.431023 4.41272 0.229079 1.09876e-06
935 0.523677 0.478538 4.43755 0.245018 8.18111e-07
936 0.524288 0.315174 4.23235 0.607114 2.12647e-06
937 0.523979 0.356509 4.57761 0.593275 1.42972e-06
938 0.523373 0.422185 4.50817 0.528664 1.13168e-06
939 0.573297 0.314118 4.21061 0.246917 1.96304e-06
940 0.574314 0.345013 4.47855 0.23948 1.36779e-06
941 0.57428 0.376358 4.62452 0.224304 1.00109e-06
942 0.573243 0.427582 4.43164 0.229827 8.30765e-07
943 0.572161 0.477007 4.45681 0.22302 5.77132e-07
944 0.574522 0.31875 4.27339 0.592585 1.69768e-06
945 0.574262 0.371826 4.60634 0.564778 1.09063e-06
946 0.57177 0.437592 4.53046 0.487196 8.50981e-07
947 0.624211 0.309191 4.18025 0.407683 1.86931e-06
948 0.623728 0.334676 4.39136 0.378982 1.4208e-06
949 0.6244 0.356512 4.58979 0.359168 1.10014e-06
950 0.624305 0.385053 4.61806 0.318678 8.78076e-07
951 0.621882 0.430404 4.52288 0.259434 6.36047e-07
952 0.674052 0.312514 4.20573 0.399288 1.42359e-06
953 0.673474 0.342532 4.46602 0.361345 1.00921e-06
954 0.673044 0.377313 4.63759 0.319206 7.1268e-07
955 0.670122 0.419915 4.67775 0.237938 4.57823e-07
956 0.324258 0.397429 5.27884 0.125671 2.17108e-06
957 0.323297 0.442613 5.48054 0.12016 1.42391e-06
958 0.323818 0.501123 5.55312 0.123048 9.25261e-07
959 0.32434 0.394202 5.26996 0.291395 3.77628e-06
960 0.32453 0.443434 5.47746 0.290657 2.47189e-06
961 0.324695 0.508236 5.56165 0.289085 1.4866e-06
962 0.324547 0.396938 5.28602 0.587723 2.09275e-06
963 0.324171 0.451733 5.48907 0.574037 1.37969e-06
964 0.324248 0.516504 5.58431 0.525529 9.73326e-07
965 0.37416 0.384023 5.19309 0.219039 2.58926e-06
966 0.374376 0.413744 5.38781 0.212041 1.91107e-06
967 0.373933 0.43934 5.47549 0.206293 1.52733e-06
968 0.373799 0.471546 5.51248 0.203997 1.19501e-06
969 0.374387 0.521112 5.58244 0.220173 8.37529e-07
970 0.374444 0.40159 5.31401 0.598941 1.50133e-06
971 0.374065 0.47406 5.51625 0.558315 9.55964e-07
972 0.424432 0.38169 5.18031 0.349305 2.22651e-06
973 0.42412 0.407311 5.34785 0.328103 1.73929e-06
974 0.424478 0.427909 5.46493 0.322333 1.43101e-06
975 0.424399 0.450887 5.49139 0.316197 1.20641e-06
976 0.424419 0.482558 5.51636 0.306168 9.46902e-07
977 0.424272 0.528114 5.58982 0.303135 6.48853e-07
978 0.473986 0.38397 5.19858 0.357005 1.58733e-06
979 0.473846 0.413319 5.38359 0.33691 1.19762e-06
980 0.474128 0.437664 5.47439 0.318547 9.64018e-07
981 0.474576 0.469131 5.5145 0.308426 7.53387e-07
982 0.474015 0.518266 5.58637 0.297723 5.04389e-07
983 0.524027 0.388587 5.22375 0.357405 1.12364e-06
984 0.524255 0.422604 5.4328 0.329571 8.03024e-07
985 0.523707 0.454939 5.49451 0.311231 6.19621e-07
986 0.523671 0.506471 5.56749 0.289803 4.03432e-07
987 0.574348 0.392113 5.2406 0.363521 8.20084e-07
988 0.573741 0.431079 5.4497 0.327405 5.63869e-07
989 0.573414 0.480349 5.53368 0.29086 3.69759e-07
990 0.568887 0.54359 5.73342 0.207973 1.75386e-07
991 0.624025 0.397711 5.28353 0.351993 5.90657e-07
992 0.623758 0.449713 5.49669 0.30294 3.59032e-07
993 0.620421 0.502149 5.63989 0.232758 2.02455e-07
994 0.673211 0.405934 5.33032 0.327306 4.16692e-07
995 0.670338 0.460958 5.57897 0.242246 2.1972e-07
996 0.324242 0.465326 6.26494 0.313036 1.54449e-06
997 0.324293 0.508763 6.52197 0.304018 1.00971e-06
998 0.324298 0.553489 6.73577 0.291581 6.47358e-07
999 0.324143 0.600019 7.24152 0.278074 3.56914e-07
1000 0.374212 0.469617 6.29208 0.322001 1.04933e-06
1001 0.374215 0.520474 6.57667 0.301529 6.35049e-07
1002 0.374316 0.576081 6.94986 0.285895 3.45126e-07
1003 0.424434 0.474236 6.31679 0.327167 7.21646e-07
1004 0.424503 0.534791 6.65271 0.29505 3.90441e-07
1005 0.424226 0.590829 7.12307 0.284153 2.02658e-07
1006 0.473596 0.48012 6.3506 0.318588 4.91479e-07
1007 0.473805 0.5566 6.81766 0.294653 2.21291e-07
1008 0.524033 0.486678 6.394 0.322898 3.36976e-07
1009 0.523415 0.564613 6.88252 0.27781 1.43578e-07
1010 0.573625 0.499807 6.47779 0.307276 2.16679e-07
1011 0.570978 0.584268 7.16844 0.223824 7.16679e-08
1012 0.622772 0.499794 6.51631 0.288029 1.57122e-07
1013 0.671155 0.485467 6.4436 0.26679 1.32939e-07
