-0.328584 0.939417 
0.905145 0.508016 
-0.557697 0.327969 
1.11438 0.680972 
0.189808 0.427273 
0.617189 0.619599 
0.0545016 0.988631 
-0.799983 0.466921 
-0.23854 0.568954 
-1.48687 0.142782 
0.854543 0.578317 
0.19211 0.684608 
0.702792 0.999274 
-0.0205107 0.527851 
-0.82413 0.834631 
-0.190821 0.875991 
0.741318 0.818671 
-0.2404 0.657616 
0.380022 0.33115 
-0.101255 0.771848 
0.110255 0.0524009 
0.0849849 0.652429 
-0.743184 0.570997 
-0.306182 0.557133 
0.914089 0.337657 
0.766215 0.728986 
-0.958421 0.164595 
1.49519 0.513203 
-0.229214 0.741548 
0.142826 0.80352 
-0.416027 0.724039 
0.500843 0.0984672 
-0.990921 0.59096 
0.373574 0.541105 
1.24554 0.498723 
0.501532 0.5978 
-0.139735 0.540196 
0.619028 0.411042 
-0.0291834 0.798196 
0.0925992 0.899933 
-0.321085 0.543288 
-0.557903 0.746263 
-0.567012 0.70174 
-1.09599 0.0347342 
0.185412 0.480258 
0.439516 0.652792 
0.276112 0.858948 
-0.325761 0.605683 
-1.07418 0.378422 
-0.698578 0.384008 
-0.237216 0.790312 
-0.676864 0.782007 
0.495192 0.495744 
-0.801078 0.569864 
-0.471986 0.9842 
1.03938 0.590375 
0.346356 0.354731 
0.292515 0.321509 
0.899129 0.222247 
-0.0795598 0.40556 
0.0654466 0.729319 
0.830652 0.970565 
0.0193595 0.48239 
-0.523865 0.39905 
0.285813 0.399641 
0.538503 0.911474 
-1.49937 0.884509 
1.24351 0.642406 
0.380301 0.987485 
0.453614 0.898514 
-0.176356 0.927757 
0.481709 0.55311 
0.616991 0.712336 
-0.0554767 0.441014 
-0.929287 0.355651 
-1.06723 0.131897 
-0.281798 0.545229 
0.0672058 0.39602 
0.378338 0.671984 
-0.443542 0.762086 
1.0351 0.915647 
1.06344 0.2751 
-0.437949 0.882518 
-0.447623 0.215934 
-0.244678 0.815604 
0.0649149 0.746143 
0.509642 0.976302 
-0.730217 0.883014 
-0.339625 0.747037 
0.603208 0.106473 
-0.348471 0.541731 
-1.07713 0.310504 
-0.5391 0.682402 
-1.00533 0.875791 
-1.06113 0.539764 
0.771777 0.832562 
1.112 0.665869 
1.04628 0.191575 
0.998436 0.0908441 
-0.808415 0.672163 
