2
0	6
0 	0 	0.58159 	5.70613 	0.235598 	0.421819 	0.655288 	0.0110331 	2.41414e+06 	6.28319 	1.03359 	1.0182 	1.0182
0 	1 	0.582902 	5.88822 	0.229095 	0.450611 	0.632818 	0.0115582 	2.36748e+06 	6.28319 	1.04142 	1.02128 	1.02128
0 	2 	0.583035 	6.05133 	0.226903 	0.474518 	0.617575 	0.0118272 	2.40758e+06 	6.28319 	1.0434 	1.0217 	1.0217
0 	3 	0.577836 	6.21253 	0.220368 	0.499494 	0.602317 	0.0123129 	2.3732e+06 	6.28319 	1.02087 	1.01044 	1.01044
0 	4 	0.567198 	6.43677 	0.221959 	0.530586 	0.587509 	0.0128189 	2.38718e+06 	6.28319 	1.01449 	1.0074 	1.0074
0 	5 	0.549886 	6.9501 	0.218707 	0.577387 	0.58582 	0.0175676 	1.47341e+06 	6.28319 	1.00597 	1.00324 	1.00324
1	2
1 	0 	0.580732 	5.81416 	0.554298 	0.435028 	0.647728 	0.0112959 	2.38432e+06 	5.48033 	2.22398 	1.65922 	1.65922
1 	1 	0.559026 	6.36191 	0.511421 	0.504921 	0.610864 	0.0126454 	2.27372e+06 	6.10865 	1.6928 	1.40312 	1.40312
