7
0	8
0 	0 	0.442283 	1.21476 	0.154468 	0.108024 	0.589822 	0.00141838 	3.94175e+07 	4.43314 	1.06676 	1.03535 	1.03535
0 	1 	0.444619 	1.33074 	0.139783 	0.131003 	0.544976 	0.00140056 	4.0951e+07 	6.28319 	1.02027 	1.02074 	1.02074
0 	2 	0.444224 	1.42634 	0.130378 	0.146579 	0.515937 	0.00141878 	4.05038e+07 	6.14356 	1.01113 	1.00772 	1.00772
0 	3 	0.447908 	1.47753 	0.124634 	0.160634 	0.490773 	0.00146695 	3.84544e+07 	6.28319 	1.02591 	1.013 	1.013
0 	4 	0.446573 	1.52359 	0.123781 	0.174328 	0.469661 	0.0014863 	3.8205e+07 	6.28319 	1.0371 	1.01855 	1.01855
0 	5 	0.44609 	1.58478 	0.120674 	0.190037 	0.451171 	0.00150944 	3.79703e+07 	6.28319 	1.04748 	1.02472 	1.02472
0 	6 	0.448063 	1.66901 	0.119542 	0.211524 	0.426905 	0.00153771 	3.78937e+07 	6.28319 	1.02788 	1.01414 	1.01414
0 	7 	0.444975 	1.78129 	0.127613 	0.250217 	0.383772 	0.00175637 	3.11417e+07 	6.28319 	1.00439 	1.00556 	1.00556
1	8
1 	0 	0.442179 	1.13531 	0.326887 	0.0834669 	0.684491 	0.000944506 	8.80901e+07 	4.15388 	1.05567 	1.02899 	1.02899
1 	1 	0.444967 	1.24904 	0.315474 	0.100713 	0.640788 	0.000966578 	8.45059e+07 	4.36332 	1.00111 	1.00062 	1.00062
1 	2 	0.446343 	1.34348 	0.308903 	0.114031 	0.612094 	0.00096661 	8.4952e+07 	4.67748 	1.00757 	1.00419 	1.00419
1 	3 	0.445803 	1.43556 	0.302448 	0.126851 	0.588316 	0.000994083 	8.0995e+07 	4.71239 	1.03057 	1.01632 	1.01632
1 	4 	0.445629 	1.5035 	0.299112 	0.141154 	0.556181 	0.000976924 	8.49182e+07 	4.95673 	1.11681 	1.06014 	1.06014
1 	5 	0.448119 	1.57125 	0.295268 	0.159344 	0.52038 	0.00100282 	8.21867e+07 	5.09636 	1.26779 	1.13394 	1.13394
1 	6 	0.447917 	1.60666 	0.293459 	0.186126 	0.466634 	0.00102639 	8.15694e+07 	5.61996 	1.64322 	1.3504 	1.3504
1 	7 	0.447829 	1.73911 	0.291206 	0.238894 	0.391853 	0.0012305 	6.20878e+07 	5.86431 	1.14184 	1.19921 	1.19921
2	8
2 	0 	0.443679 	1.10628 	0.505237 	0.0713163 	0.758638 	0.000986177 	8.04496e+07 	6.28319 	1.00292 	1.00305 	1.00305
2 	1 	0.445717 	1.18389 	0.496647 	0.0851636 	0.698031 	0.000997395 	7.89504e+07 	6.28319 	1.02382 	1.01219 	1.01219
2 	2 	0.446466 	1.26934 	0.492735 	0.0959415 	0.67229 	0.000993774 	7.97686e+07 	6.28319 	1.05924 	1.03023 	1.03023
2 	3 	0.447005 	1.3643 	0.490728 	0.107361 	0.648928 	0.00101956 	7.60946e+07 	6.28319 	1.12628 	1.06479 	1.06479
2 	4 	0.447247 	1.47213 	0.4913 	0.120725 	0.625428 	0.00100713 	7.85456e+07 	6.28319 	1.21467 	1.10805 	1.10805
2 	5 	0.447828 	1.53386 	0.489063 	0.138091 	0.577095 	0.00102018 	7.75933e+07 	6.28319 	1.33304 	1.17285 	1.17285
2 	6 	0.446663 	1.54855 	0.490322 	0.16566 	0.499912 	0.00104883 	7.58504e+07 	6.28319 	1.28788 	1.18929 	1.18929
2 	7 	0.446545 	1.68253 	0.490637 	0.219953 	0.416454 	0.00121987 	6.12082e+07 	4.60767 	1.01864 	1.24625 	1.24625
3	8
3 	0 	0.445215 	1.08819 	0.693027 	0.0665821 	0.793534 	0.00132143 	4.47136e+07 	6.28319 	1.01902 	1.00956 	1.00956
3 	1 	0.447611 	1.1738 	0.687475 	0.0790829 	0.731802 	0.0013141 	4.53718e+07 	6.28319 	1.06319 	1.03204 	1.03204
3 	2 	0.44838 	1.24971 	0.685796 	0.0898249 	0.699539 	0.00134857 	4.32065e+07 	6.28319 	1.07126 	1.03622 	1.03622
3 	3 	0.447785 	1.34793 	0.685439 	0.101805 	0.672399 	0.00134716 	4.34756e+07 	6.28319 	1.05963 	1.03118 	1.03118
3 	4 	0.448105 	1.44334 	0.683747 	0.115691 	0.638059 	0.0013837 	4.1471e+07 	6.28319 	1.03566 	1.02255 	1.02255
3 	5 	0.44783 	1.51347 	0.684345 	0.133152 	0.589272 	0.00139156 	4.15201e+07 	6.28319 	1.00371 	1.01112 	1.01112
3 	6 	0.447946 	1.56131 	0.684072 	0.16084 	0.514203 	0.00141458 	4.14065e+07 	4.64258 	1.05551 	1.06253 	1.06253
3 	7 	0.446098 	1.71377 	0.67768 	0.209441 	0.439156 	0.00176533 	2.87163e+07 	3.24631 	1.45063 	1.33315 	1.33315
4	8
4 	0 	0.451053 	1.07463 	0.885995 	0.0637497 	0.817671 	0.00239002 	1.5586e+07 	6.28319 	1.00814 	1.00409 	1.00409
4 	1 	0.452326 	1.15909 	0.883299 	0.0740217 	0.761038 	0.00250063 	1.40104e+07 	6.28319 	1.00253 	1.00127 	1.00127
4 	2 	0.452782 	1.2209 	0.881679 	0.0829286 	0.725783 	0.00250192 	1.38066e+07 	6.28319 	1.00089 	1.00117 	1.00117
4 	3 	0.453573 	1.30469 	0.880324 	0.0928533 	0.698432 	0.00242879 	1.44637e+07 	6.28319 	1.0183 	1.00986 	1.00986
4 	4 	0.453333 	1.40886 	0.878526 	0.104797 	0.670335 	0.00245444 	1.40014e+07 	6.28319 	1.04717 	1.02606 	1.02606
4 	5 	0.453844 	1.53367 	0.877389 	0.119571 	0.640906 	0.00244483 	1.39833e+07 	6.28319 	1.09953 	1.05338 	1.05338
4 	6 	0.454854 	1.62923 	0.874567 	0.140553 	0.584067 	0.00246863 	1.36203e+07 	4.39823 	1.32163 	1.17383 	1.17383
4 	7 	0.457042 	1.74875 	0.865241 	0.179275 	0.502166 	0.00297113 	9.62977e+06 	2.86234 	2.27352 	1.6813 	1.6813
5	8
5 	0 	0.458043 	1.05705 	1.07331 	0.0613045 	0.835727 	0.00544741 	2.99887e+06 	6.28319 	1.0024 	1.00137 	1.00137
5 	1 	0.460012 	1.12638 	1.07282 	0.0689571 	0.791212 	0.00554238 	2.86163e+06 	6.28319 	1.04284 	1.02366 	1.02366
5 	2 	0.460694 	1.19268 	1.06834 	0.0758975 	0.762182 	0.00552845 	2.84793e+06 	6.17847 	1.1118 	1.05767 	1.05767
5 	3 	0.461713 	1.27075 	1.0669 	0.0834268 	0.740748 	0.00561941 	2.73009e+06 	5.61996 	1.20562 	1.10567 	1.10567
5 	4 	0.462239 	1.3725 	1.06554 	0.0922424 	0.723516 	0.00556486 	2.75945e+06 	4.53786 	1.25866 	1.13605 	1.13605
5 	5 	0.462929 	1.50025 	1.065 	0.103697 	0.703607 	0.00554736 	2.75143e+06 	4.11898 	1.4145 	1.21694 	1.21694
5 	6 	0.462878 	1.66355 	1.06467 	0.11887 	0.680724 	0.00556206 	2.71779e+06 	3.7001 	1.50719 	1.26895 	1.26895
5 	7 	0.467632 	1.78799 	1.05382 	0.145557 	0.603308 	0.00601134 	2.30747e+06 	2.96706 	2.33377 	1.68721 	1.68721
6	1
6 	0 	0.479473 	1.34077 	1.23958 	0.0837414 	0.78599 	0.00890744 	1.17992e+06 	3.735 	1.77029 	1.39913 	1.39913
