## T_u            dO_u           T_d           dO_d       T_u_jlab      dO_u_jlab        T_d_jlab   dO_d_jlab
3.949700e-01  6.012745e-03  -2.189200e-01  8.537040e-03  2.976300e-01  4.239953e-03  -1.610100e-01  4.119615e-03
## x    h_u   dO_h_u    h_d   dO_h_d
1.000000e-04  5.549460e-04  2.470899e-05  -2.670660e-06  9.600928e-07
1.018990e-02  9.901950e-03  2.447357e-04  -4.588310e-03  6.315879e-04
2.027980e-02  1.877580e-02  4.141803e-04  -1.385360e-02  1.493895e-03
3.036970e-02  2.803130e-02  5.770026e-04  -2.573880e-02  2.323784e-03
4.045960e-02  3.757710e-02  7.357224e-04  -3.896650e-02  3.031243e-03
5.054950e-02  4.731400e-02  8.906040e-04  -5.260510e-02  3.583498e-03
6.063940e-02  5.715980e-02  1.041583e-03  -6.597160e-02  3.976012e-03
7.072930e-02  6.704280e-02  1.188345e-03  -7.849280e-02  4.214617e-03
8.081920e-02  7.689080e-02  1.330406e-03  -8.984400e-02  4.320350e-03
9.090910e-02  8.664650e-02  1.467388e-03  -9.973850e-02  4.312134e-03
1.009990e-01  9.624950e-02  1.598877e-03  -1.080340e-01  4.214507e-03
1.110890e-01  1.056510e-01  1.724258e-03  -1.146420e-01  4.047938e-03
1.211790e-01  1.148020e-01  1.843589e-03  -1.195870e-01  3.834742e-03
1.312690e-01  1.236580e-01  1.956674e-03  -1.228960e-01  3.592944e-03
1.413590e-01  1.321840e-01  2.062584e-03  -1.246600e-01  3.339703e-03
1.514480e-01  1.403440e-01  2.161790e-03  -1.249990e-01  3.087281e-03
1.615380e-01  1.480950e-01  2.252997e-03  -1.240440e-01  2.845898e-03
1.716280e-01  1.554240e-01  2.337466e-03  -1.219410e-01  2.623493e-03
1.817180e-01  1.622930e-01  2.413626e-03  -1.188540e-01  2.424962e-03
1.918080e-01  1.686860e-01  2.482648e-03  -1.149280e-01  2.250809e-03
2.018980e-01  1.745870e-01  2.543891e-03  -1.103110e-01  2.100512e-03
2.119880e-01  1.799700e-01  2.597242e-03  -1.051660e-01  1.972565e-03
2.220780e-01  1.848380e-01  2.643001e-03  -9.959300e-02  1.861626e-03
2.321680e-01  1.891660e-01  2.680603e-03  -9.375460e-02  1.765180e-03
2.422580e-01  1.929620e-01  2.711196e-03  -8.772870e-02  1.677534e-03
2.523470e-01  1.962130e-01  2.733669e-03  -8.163710e-02  1.595748e-03
2.624370e-01  1.989210e-01  2.749354e-03  -7.555920e-02  1.516928e-03
2.725270e-01  2.010930e-01  2.757539e-03  -6.956390e-02  1.439002e-03
2.826170e-01  2.027210e-01  2.758657e-03  -6.373180e-02  1.361027e-03
2.927070e-01  2.038270e-01  2.753298e-03  -5.809320e-02  1.282068e-03
3.027970e-01  2.044080e-01  2.741352e-03  -5.270240e-02  1.202298e-03
3.128870e-01  2.044810e-01  2.722734e-03  -4.758880e-02  1.121986e-03
3.229770e-01  2.040590e-01  2.698111e-03  -4.277070e-02  1.041606e-03
3.330670e-01  2.031530e-01  2.668388e-03  -3.827070e-02  9.618882e-04
3.431570e-01  2.017850e-01  2.632482e-03  -3.408850e-02  8.834997e-04
3.532460e-01  1.999720e-01  2.591619e-03  -3.023030e-02  8.070178e-04
3.633360e-01  1.977310e-01  2.546177e-03  -2.669280e-02  7.332605e-04
3.734260e-01  1.950810e-01  2.495792e-03  -2.346800e-02  6.626599e-04
3.835160e-01  1.920490e-01  2.441609e-03  -2.054400e-02  5.956151e-04
3.936060e-01  1.886620e-01  2.383454e-03  -1.790740e-02  5.325576e-04
4.036960e-01  1.849310e-01  2.322075e-03  -1.554470e-02  4.737044e-04
4.137860e-01  1.808710e-01  2.257488e-03  -1.343810e-02  4.192602e-04
4.238760e-01  1.765420e-01  2.190310e-03  -1.156570e-02  3.691008e-04
4.339660e-01  1.719850e-01  2.120899e-03  -9.907980e-03  3.231468e-04
4.440560e-01  1.671930e-01  2.049794e-03  -8.450810e-03  2.814883e-04
4.541450e-01  1.621610e-01  1.976096e-03  -7.178160e-03  2.440021e-04
4.642350e-01  1.569340e-01  1.900976e-03  -6.071410e-03  2.104740e-04
4.743250e-01  1.515930e-01  1.825564e-03  -5.110400e-03  1.805613e-04
4.844150e-01  1.461390e-01  1.749750e-03  -4.280810e-03  1.540725e-04
4.945050e-01  1.405680e-01  1.673465e-03  -3.569190e-03  1.307853e-04
5.045950e-01  1.348830e-01  1.596399e-03  -2.962470e-03  1.104704e-04
5.146850e-01  1.291440e-01  1.519837e-03  -2.447240e-03  9.283203e-05
5.247750e-01  1.234100e-01  1.443376e-03  -2.011090e-03  7.757207e-05
5.348650e-01  1.176700e-01  1.368185e-03  -1.644150e-03  6.447170e-05
5.449550e-01  1.119270e-01  1.294013e-03  -1.337350e-03  5.329140e-05
5.550440e-01  1.061960e-01  1.220622e-03  -1.082330e-03  4.382297e-05
5.651340e-01  1.005110e-01  1.148358e-03  -8.714610e-04  3.584819e-05
5.752240e-01  9.492080e-02  1.078205e-03  -6.978280e-04  2.915858e-05
5.853140e-01  8.942610e-02  1.009714e-03  -5.556610e-04  2.358275e-05
5.954040e-01  8.401580e-02  9.429162e-04  -4.400260e-04  1.896788e-05
6.054940e-01  7.871000e-02  8.780724e-04  -3.465200e-04  1.517165e-05
6.155840e-01  7.352800e-02  8.152176e-04  -2.713540e-04  1.206771e-05
6.256740e-01  6.850030e-02  7.547720e-04  -2.112220e-04  9.542683e-06
6.357640e-01  6.364040e-02  6.968364e-04  -1.633930e-04  7.499980e-06
6.458540e-01  5.894640e-02  6.414295e-04  -1.256120e-04  5.859881e-06
6.559430e-01  5.439770e-02  5.881117e-04  -9.595880e-05  4.550244e-06
6.660330e-01  5.002800e-02  5.373279e-04  -7.281690e-05  3.510980e-06
6.761230e-01  4.585670e-02  4.892825e-04  -5.486530e-05  2.690932e-06
6.862130e-01  4.188890e-02  4.439688e-04  -4.102880e-05  2.047834e-06
6.963030e-01  3.812320e-02  4.012960e-04  -3.044370e-05  1.546991e-06
7.063930e-01  3.453080e-02  3.609536e-04  -2.240840e-05  1.159942e-06
7.164830e-01  3.113130e-02  3.231596e-04  -1.635100e-05  8.626722e-07
7.265730e-01  2.795380e-02  2.880906e-04  -1.181520e-05  6.358674e-07
7.366630e-01  2.498530e-02  2.555449e-04  -8.450980e-06  4.641949e-07
7.467530e-01  2.221310e-02  2.254654e-04  -5.978220e-06  3.354325e-07
7.568420e-01  1.962940e-02  1.977208e-04  -4.178490e-06  2.397018e-07
7.669320e-01  1.724150e-02  1.722865e-04  -2.882890e-06  1.692381e-07
7.770220e-01  1.504980e-02  1.491338e-04  -1.960080e-06  1.178775e-07
7.871120e-01  1.305130e-02  1.282493e-04  -1.311450e-06  8.088506e-08
7.972020e-01  1.123240e-02  1.094468e-04  -8.621730e-07  5.459866e-08
8.072920e-01  9.582310e-03  9.252065e-05  -5.559200e-07  3.619547e-08
8.173820e-01  8.095630e-03  7.744874e-05  -3.507150e-07  2.351028e-08
8.274720e-01  6.776060e-03  6.421223e-05  -2.159380e-07  1.492740e-08
8.375620e-01  5.613690e-03  5.267093e-05  -1.293400e-07  9.235552e-09
8.476520e-01  4.590790e-03  4.263543e-05  -7.509410e-08  5.548928e-09
8.577410e-01  3.701520e-03  3.401077e-05  -4.210950e-08  3.226565e-09
8.678310e-01  2.932290e-03  2.664153e-05  -2.267480e-08  1.805645e-09
8.779210e-01  2.285660e-03  2.053413e-05  -1.165530e-08  9.670371e-10
8.880110e-01  1.746000e-03  1.549923e-05  -5.672150e-09  4.917047e-10
8.981010e-01  1.299670e-03  1.139604e-05  -2.588320e-09  2.351822e-10
9.081910e-01  9.405610e-04  8.139903e-06  -1.093560e-09  1.045415e-10
9.182810e-01  6.528700e-04  5.575625e-06  -4.201840e-10  4.244394e-11
9.283710e-01  4.376790e-04  3.687830e-06  -1.435130e-10  1.539863e-11
9.384610e-01  2.745680e-04  2.281855e-06  -4.203530e-11  4.822307e-12
9.485510e-01  1.610600e-04  1.321636e-06  -1.005000e-11  1.243029e-12
9.586400e-01  8.213790e-05  6.664961e-07  -1.783110e-12  2.405121e-13
9.687300e-01  3.780230e-05  3.047240e-07  -2.008450e-13  3.004160e-14
9.788200e-01  1.166210e-05  9.446611e-08  -9.910910e-15  1.689448e-15
9.889100e-01  6.279980e-07  5.324504e-09  -6.046860e-17  1.242253e-17
9.990000e-01  -8.083850e-08  9.773093e-10  -1.731550e-17  2.561309e-18
