## T_u            dO_u           T_d           dO_d       T_u_jlab      dO_u_jlab        T_d_jlab   dO_d_jlab
3.949700e-01  1.225039e-02  -2.189200e-01  2.121833e-02  3.156200e-01  9.611325e-03  -1.621800e-01  1.258561e-02
## x    h_u   dO_h_u    h_d   dO_h_d
1.000000e-04  5.549460e-04  7.435614e-05  -2.670660e-06  2.188224e-06
1.018990e-02  9.901950e-03  5.786377e-04  -4.588310e-03  1.387717e-03
2.027980e-02  1.877580e-02  9.205112e-04  -1.385360e-02  3.319742e-03
3.036970e-02  2.803130e-02  1.236984e-03  -2.573880e-02  5.229953e-03
4.045960e-02  3.757710e-02  1.540772e-03  -3.896650e-02  6.917730e-03
5.054950e-02  4.731400e-02  1.836225e-03  -5.260510e-02  8.304753e-03
6.063940e-02  5.715980e-02  2.125405e-03  -6.597160e-02  9.374408e-03
7.072930e-02  6.704280e-02  2.409094e-03  -7.849280e-02  1.013251e-02
8.081920e-02  7.689080e-02  2.687503e-03  -8.984400e-02  1.061942e-02
9.090910e-02  8.664650e-02  2.960302e-03  -9.973850e-02  1.087155e-02
1.009990e-01  9.624950e-02  3.226974e-03  -1.080340e-01  1.093519e-02
1.110890e-01  1.056510e-01  3.487309e-03  -1.146420e-01  1.085126e-02
1.211790e-01  1.148020e-01  3.739193e-03  -1.195870e-01  1.066240e-02
1.312690e-01  1.236580e-01  3.983738e-03  -1.228960e-01  1.040151e-02
1.413590e-01  1.321840e-01  4.219555e-03  -1.246600e-01  1.009626e-02
1.514480e-01  1.403440e-01  4.445397e-03  -1.249990e-01  9.768187e-03
1.615380e-01  1.480950e-01  4.660610e-03  -1.240440e-01  9.430434e-03
1.716280e-01  1.554240e-01  4.865096e-03  -1.219410e-01  9.092800e-03
1.817180e-01  1.622930e-01  5.057659e-03  -1.188540e-01  8.759909e-03
1.918080e-01  1.686860e-01  5.237448e-03  -1.149280e-01  8.431665e-03
2.018980e-01  1.745870e-01  5.404835e-03  -1.103110e-01  8.106747e-03
2.119880e-01  1.799700e-01  5.558357e-03  -1.051660e-01  7.784549e-03
2.220780e-01  1.848380e-01  5.698125e-03  -9.959300e-02  7.458850e-03
2.321680e-01  1.891660e-01  5.823680e-03  -9.375460e-02  7.131142e-03
2.422580e-01  1.929620e-01  5.934445e-03  -8.772870e-02  6.796915e-03
2.523470e-01  1.962130e-01  6.029740e-03  -8.163710e-02  6.457082e-03
2.624370e-01  1.989210e-01  6.110999e-03  -7.555920e-02  6.111325e-03
2.725270e-01  2.010930e-01  6.176910e-03  -6.956390e-02  5.760340e-03
2.826170e-01  2.027210e-01  6.227475e-03  -6.373180e-02  5.407213e-03
2.927070e-01  2.038270e-01  6.262728e-03  -5.809320e-02  5.052391e-03
3.027970e-01  2.044080e-01  6.283958e-03  -5.270240e-02  4.699404e-03
3.128870e-01  2.044810e-01  6.289729e-03  -4.758880e-02  4.350612e-03
3.229770e-01  2.040590e-01  6.281509e-03  -4.277070e-02  4.008380e-03
3.330670e-01  2.031530e-01  6.258315e-03  -3.827070e-02  3.675751e-03
3.431570e-01  2.017850e-01  6.221599e-03  -3.408850e-02  3.354209e-03
3.532460e-01  1.999720e-01  6.172067e-03  -3.023030e-02  3.046117e-03
3.633360e-01  1.977310e-01  6.108941e-03  -2.669280e-02  2.753230e-03
3.734260e-01  1.950810e-01  6.033296e-03  -2.346800e-02  2.476516e-03
3.835160e-01  1.920490e-01  5.946706e-03  -2.054400e-02  2.216966e-03
3.936060e-01  1.886620e-01  5.848862e-03  -1.790740e-02  1.975093e-03
4.036960e-01  1.849310e-01  5.739807e-03  -1.554470e-02  1.751463e-03
4.137860e-01  1.808710e-01  5.620182e-03  -1.343810e-02  1.545964e-03
4.238760e-01  1.765420e-01  5.492207e-03  -1.156570e-02  1.357884e-03
4.339660e-01  1.719850e-01  5.356978e-03  -9.907980e-03  1.186606e-03
4.440560e-01  1.671930e-01  5.214328e-03  -8.450810e-03  1.031920e-03
4.541450e-01  1.621610e-01  5.062777e-03  -7.178160e-03  8.932852e-04
4.642350e-01  1.569340e-01  4.905235e-03  -6.071410e-03  7.696613e-04
4.743250e-01  1.515930e-01  4.744180e-03  -5.110400e-03  6.596524e-04
4.844150e-01  1.461390e-01  4.578937e-03  -4.280810e-03  5.624220e-04
4.945050e-01  1.405680e-01  4.408910e-03  -3.569190e-03  4.771064e-04
5.045950e-01  1.348830e-01  4.235372e-03  -2.962470e-03  4.027642e-04
5.146850e-01  1.291440e-01  4.059321e-03  -2.447240e-03  3.382709e-04
5.247750e-01  1.234100e-01  3.883283e-03  -2.011090e-03  2.825314e-04
5.348650e-01  1.176700e-01  3.706025e-03  -1.644150e-03  2.346856e-04
5.449550e-01  1.119270e-01  3.528413e-03  -1.337350e-03  1.938914e-04
5.550440e-01  1.061960e-01  3.351061e-03  -1.082330e-03  1.593399e-04
5.651340e-01  1.005110e-01  3.174472e-03  -8.714610e-04  1.302387e-04
5.752240e-01  9.492080e-02  3.000372e-03  -6.978280e-04  1.058409e-04
5.853140e-01  8.942610e-02  2.828967e-03  -5.556610e-04  8.551089e-05
5.954040e-01  8.401580e-02  2.659780e-03  -4.400260e-04  6.869040e-05
6.054940e-01  7.871000e-02  2.493560e-03  -3.465200e-04  5.485991e-05
6.155840e-01  7.352800e-02  2.330929e-03  -2.713540e-04  4.355990e-05
6.256740e-01  6.850030e-02  2.172879e-03  -2.112220e-04  3.437271e-05
6.357640e-01  6.364040e-02  2.019910e-03  -1.633930e-04  2.695085e-05
6.458540e-01  5.894640e-02  1.871865e-03  -1.256120e-04  2.099665e-05
6.559430e-01  5.439770e-02  1.728259e-03  -9.595880e-05  1.625239e-05
6.660330e-01  5.002800e-02  1.590107e-03  -7.281690e-05  1.249452e-05
6.761230e-01  4.585670e-02  1.458076e-03  -5.486530e-05  9.536287e-06
6.862130e-01  4.188890e-02  1.332423e-03  -4.102880e-05  7.222935e-06
6.963030e-01  3.812320e-02  1.213001e-03  -3.044370e-05  5.427764e-06
7.063930e-01  3.453080e-02  1.098998e-03  -2.240840e-05  4.045713e-06
7.164830e-01  3.113130e-02  9.910323e-04  -1.635100e-05  2.989174e-06
7.265730e-01  2.795380e-02  8.900452e-04  -1.181520e-05  2.186943e-06
7.366630e-01  2.498530e-02  7.956764e-04  -8.450980e-06  1.583722e-06
7.467530e-01  2.221310e-02  7.074745e-04  -5.978220e-06  1.134235e-06
7.568420e-01  1.962940e-02  6.253015e-04  -4.178490e-06  8.026103e-07
7.669320e-01  1.724150e-02  5.492803e-04  -2.882890e-06  5.606155e-07
7.770220e-01  1.504980e-02  4.795071e-04  -1.960080e-06  3.858962e-07
7.871120e-01  1.305130e-02  4.158968e-04  -1.311450e-06  2.614135e-07
7.972020e-01  1.123240e-02  3.580112e-04  -8.621730e-07  1.740133e-07
8.072920e-01  9.582310e-03  3.054696e-04  -5.559200e-07  1.136180e-07
8.173820e-01  8.095630e-03  2.581555e-04  -3.507150e-07  7.259185e-08
8.274720e-01  6.776060e-03  2.161577e-04  -2.159380e-07  4.527200e-08
8.375620e-01  5.613690e-03  1.791735e-04  -1.293400e-07  2.747155e-08
8.476520e-01  4.590790e-03  1.466305e-04  -7.509410e-08  1.616269e-08
8.577410e-01  3.701520e-03  1.183413e-04  -4.210950e-08  9.186839e-09
8.678310e-01  2.932290e-03  9.387012e-05  -2.267480e-08  5.015994e-09
8.779210e-01  2.285660e-03  7.329084e-05  -1.165530e-08  2.615524e-09
8.880110e-01  1.746000e-03  5.611896e-05  -5.672150e-09  1.291891e-09
8.981010e-01  1.299670e-03  4.189689e-05  -2.588320e-09  5.987136e-10
9.081910e-01  9.405610e-04  3.044199e-05  -1.093560e-09  2.571066e-10
9.182810e-01  6.528700e-04  2.124421e-05  -4.201840e-10  1.005110e-10
9.283710e-01  4.376790e-04  1.434508e-05  -1.435130e-10  3.497302e-11
9.384610e-01  2.745680e-04  9.088758e-06  -4.203530e-11  1.045334e-11
9.485510e-01  1.610600e-04  5.404658e-06  -1.005000e-11  2.556326e-12
9.586400e-01  8.213790e-05  2.811702e-06  -1.783110e-12  4.654743e-13
9.687300e-01  3.780230e-05  1.332460e-06  -2.008450e-13  5.408896e-14
9.788200e-01  1.166210e-05  4.310178e-07  -9.910910e-15  2.778533e-15
9.889100e-01  6.279980e-07  2.557755e-08  -6.046860e-17  1.800619e-17
9.990000e-01  -8.083850e-08  4.818814e-09  -1.731550e-17  4.657404e-18
