## T_u            dO_u           T_d           dO_d       T_u_jlab      dO_u_jlab        T_d_jlab   dO_d_jlab
3.949700e-01  6.201599e-03  -2.189200e-01  2.426045e-02  3.104200e-01  3.642516e-03  -1.566200e-01  1.490894e-02
## x    h_u   dO_h_u    h_d   dO_h_d
1.000000e-04  5.549460e-04  6.128162e-05  -2.670660e-06  2.476563e-06
1.018990e-02  9.901950e-03  4.760911e-04  -4.588310e-03  1.456841e-03
2.027980e-02  1.877580e-02  7.357406e-04  -1.385360e-02  3.518281e-03
3.036970e-02  2.803130e-02  9.568759e-04  -2.573880e-02  5.660018e-03
4.045960e-02  3.757710e-02  1.151384e-03  -3.896650e-02  7.683076e-03
5.054950e-02  4.731400e-02  1.324065e-03  -5.260510e-02  9.484868e-03
6.063940e-02  5.715980e-02  1.477804e-03  -6.597160e-02  1.101229e-02
7.072930e-02  6.704280e-02  1.614475e-03  -7.849280e-02  1.223044e-02
8.081920e-02  7.689080e-02  1.735465e-03  -8.984400e-02  1.314393e-02
9.090910e-02  8.664650e-02  1.841888e-03  -9.973850e-02  1.375849e-02
1.009990e-01  9.624950e-02  1.934664e-03  -1.080340e-01  1.410012e-02
1.110890e-01  1.056510e-01  2.014647e-03  -1.146420e-01  1.419824e-02
1.211790e-01  1.148020e-01  2.082688e-03  -1.195870e-01  1.409545e-02
1.312690e-01  1.236580e-01  2.139253e-03  -1.228960e-01  1.383000e-02
1.413590e-01  1.321840e-01  2.186181e-03  -1.246600e-01  1.344438e-02
1.514480e-01  1.403440e-01  2.222862e-03  -1.249990e-01  1.297985e-02
1.615380e-01  1.480950e-01  2.250436e-03  -1.240440e-01  1.247376e-02
1.716280e-01  1.554240e-01  2.269933e-03  -1.219410e-01  1.196004e-02
1.817180e-01  1.622930e-01  2.281638e-03  -1.188540e-01  1.146347e-02
1.918080e-01  1.686860e-01  2.286270e-03  -1.149280e-01  1.100304e-02
2.018980e-01  1.745870e-01  2.284624e-03  -1.103110e-01  1.058961e-02
2.119880e-01  1.799700e-01  2.277122e-03  -1.051660e-01  1.022768e-02
2.220780e-01  1.848380e-01  2.264313e-03  -9.959300e-02  9.910142e-03
2.321680e-01  1.891660e-01  2.246855e-03  -9.375460e-02  9.631881e-03
2.422580e-01  1.929620e-01  2.225511e-03  -8.772870e-02  9.378918e-03
2.523470e-01  1.962130e-01  2.200109e-03  -8.163710e-02  9.140720e-03
2.624370e-01  1.989210e-01  2.171946e-03  -7.555920e-02  8.904683e-03
2.725270e-01  2.010930e-01  2.140755e-03  -6.956390e-02  8.660546e-03
2.826170e-01  2.027210e-01  2.107518e-03  -6.373180e-02  8.402736e-03
2.927070e-01  2.038270e-01  2.072141e-03  -5.809320e-02  8.123703e-03
3.027970e-01  2.044080e-01  2.035039e-03  -5.270240e-02  7.822816e-03
3.128870e-01  2.044810e-01  1.996507e-03  -4.758880e-02  7.499164e-03
3.229770e-01  2.040590e-01  1.956818e-03  -4.277070e-02  7.153601e-03
3.330670e-01  2.031530e-01  1.915925e-03  -3.827070e-02  6.789861e-03
3.431570e-01  2.017850e-01  1.874520e-03  -3.408850e-02  6.410416e-03
3.532460e-01  1.999720e-01  1.832938e-03  -3.023030e-02  6.019990e-03
3.633360e-01  1.977310e-01  1.790334e-03  -2.669280e-02  5.623265e-03
3.734260e-01  1.950810e-01  1.747256e-03  -2.346800e-02  5.224550e-03
3.835160e-01  1.920490e-01  1.703750e-03  -2.054400e-02  4.828104e-03
3.936060e-01  1.886620e-01  1.659881e-03  -1.790740e-02  4.437793e-03
4.036960e-01  1.849310e-01  1.616943e-03  -1.554470e-02  4.057917e-03
4.137860e-01  1.808710e-01  1.572398e-03  -1.343810e-02  3.691602e-03
4.238760e-01  1.765420e-01  1.528238e-03  -1.156570e-02  3.340265e-03
4.339660e-01  1.719850e-01  1.484472e-03  -9.907980e-03  3.005504e-03
4.440560e-01  1.671930e-01  1.439501e-03  -8.450810e-03  2.690228e-03
4.541450e-01  1.621610e-01  1.395008e-03  -7.178160e-03  2.396076e-03
4.642350e-01  1.569340e-01  1.350146e-03  -6.071410e-03  2.123410e-03
4.743250e-01  1.515930e-01  1.305355e-03  -5.110400e-03  1.871305e-03
4.844150e-01  1.461390e-01  1.260531e-03  -4.280810e-03  1.640129e-03
4.945050e-01  1.405680e-01  1.215624e-03  -3.569190e-03  1.429963e-03
5.045950e-01  1.348830e-01  1.170511e-03  -2.962470e-03  1.240430e-03
5.146850e-01  1.291440e-01  1.124652e-03  -2.447240e-03  1.070355e-03
5.247750e-01  1.234100e-01  1.079971e-03  -2.011090e-03  9.183734e-04
5.348650e-01  1.176700e-01  1.035377e-03  -1.644150e-03  7.836113e-04
5.449550e-01  1.119270e-01  9.904823e-04  -1.337350e-03  6.649978e-04
5.550440e-01  1.061960e-01  9.452280e-04  -1.082330e-03  5.613366e-04
5.651340e-01  1.005110e-01  9.008174e-04  -8.714610e-04  4.712843e-04
5.752240e-01  9.492080e-02  8.563943e-04  -6.978280e-04  3.934248e-04
5.853140e-01  8.942610e-02  8.127508e-04  -5.556610e-04  3.265398e-04
5.954040e-01  8.401580e-02  7.694133e-04  -4.400260e-04  2.695109e-04
6.054940e-01  7.871000e-02  7.265282e-04  -3.465200e-04  2.211920e-04
6.155840e-01  7.352800e-02  6.841974e-04  -2.713540e-04  1.805153e-04
6.256740e-01  6.850030e-02  6.427488e-04  -2.112220e-04  1.464445e-04
6.357640e-01  6.364040e-02  6.022053e-04  -1.633930e-04  1.180779e-04
6.458540e-01  5.894640e-02  5.626323e-04  -1.256120e-04  9.463039e-05
6.559430e-01  5.439770e-02  5.238135e-04  -9.595880e-05  7.537742e-05
6.660330e-01  5.002800e-02  4.860100e-04  -7.281690e-05  5.965618e-05
6.761230e-01  4.585670e-02  4.495620e-04  -5.486530e-05  4.689617e-05
6.862130e-01  4.188890e-02  4.143836e-04  -4.102880e-05  3.660327e-05
6.963030e-01  3.812320e-02  3.806433e-04  -3.044370e-05  2.836097e-05
7.063930e-01  3.453080e-02  3.479440e-04  -2.240840e-05  2.181053e-05
7.164830e-01  3.113130e-02  3.166303e-04  -1.635100e-05  1.663800e-05
7.265730e-01  2.795380e-02  2.870321e-04  -1.181520e-05  1.257819e-05
7.366630e-01  2.498530e-02  2.589267e-04  -8.450980e-06  9.420145e-06
7.467530e-01  2.221310e-02  2.323611e-04  -5.978220e-06  6.983999e-06
7.568420e-01  1.962940e-02  2.073190e-04  -4.178490e-06  5.121366e-06
7.669320e-01  1.724150e-02  1.838940e-04  -2.882890e-06  3.711472e-06
7.770220e-01  1.504980e-02  1.620266e-04  -1.960080e-06  2.654138e-06
7.871120e-01  1.305130e-02  1.418625e-04  -1.311450e-06  1.870654e-06
7.972020e-01  1.123240e-02  1.233464e-04  -8.621730e-07  1.297671e-06
8.072920e-01  9.582310e-03  1.062354e-04  -5.559200e-07  8.846148e-07
8.173820e-01  8.095630e-03  9.065216e-05  -3.507150e-07  5.913096e-07
8.274720e-01  6.776060e-03  7.665144e-05  -2.159380e-07  3.867131e-07
8.375620e-01  5.613690e-03  6.415663e-05  -1.293400e-07  2.467352e-07
8.476520e-01  4.590790e-03  5.301577e-05  -7.509410e-08  1.530947e-07
8.577410e-01  3.701520e-03  4.320840e-05  -4.210950e-08  9.209308e-08
8.678310e-01  2.932290e-03  3.461250e-05  -2.267480e-08  5.343086e-08
8.779210e-01  2.285660e-03  2.728632e-05  -1.165530e-08  2.974481e-08
8.880110e-01  1.746000e-03  2.109742e-05  -5.672150e-09  1.577352e-08
8.981010e-01  1.299670e-03  1.590318e-05  -2.588320e-09  7.901018e-09
9.081910e-01  9.405610e-04  1.166515e-05  -1.093560e-09  3.697260e-09
9.182810e-01  6.528700e-04  8.216662e-06  -4.201840e-10  1.591077e-09
9.283710e-01  4.376790e-04  5.596882e-06  -1.435130e-10  6.173228e-10
9.384610e-01  2.745680e-04  3.575198e-06  -4.203530e-11  2.092669e-10
9.485510e-01  1.610600e-04  2.141679e-06  -1.005000e-11  5.939323e-11
9.586400e-01  8.213790e-05  1.120240e-06  -1.783110e-12  1.297782e-11
9.687300e-01  3.780230e-05  5.323627e-07  -2.008450e-13  1.907040e-12
9.788200e-01  1.166210e-05  1.717944e-07  -9.910910e-15  1.360026e-13
9.889100e-01  6.279980e-07  1.003207e-08  -6.046860e-17  1.512281e-15
9.990000e-01  -8.083850e-08  1.740040e-09  -1.731550e-17  1.365848e-16
