## T_u            dO_u           T_d           dO_d       T_u_jlab      dO_u_jlab        T_d_jlab   dO_d_jlab
3.949700e-01  3.075581e-03  -2.189200e-01  2.813174e-03  3.061500e-01  2.369826e-03  -1.626900e-01  2.007274e-03
## x    h_u   dO_h_u    h_d   dO_h_d
1.000000e-04  5.549460e-04  5.342095e-06  -2.670660e-06  2.622445e-07
1.018990e-02  9.901950e-03  8.162193e-05  -4.588310e-03  1.652875e-04
2.027980e-02  1.877580e-02  1.520931e-04  -1.385360e-02  3.859542e-04
3.036970e-02  2.803130e-02  2.249591e-04  -2.573880e-02  5.978922e-04
4.045960e-02  3.757710e-02  2.997277e-04  -3.896650e-02  7.826573e-04
5.054950e-02  4.731400e-02  3.757479e-04  -5.260510e-02  9.362808e-04
6.063940e-02  5.715980e-02  4.523511e-04  -6.597160e-02  1.060987e-03
7.072930e-02  6.704280e-02  5.290798e-04  -7.849280e-02  1.160439e-03
8.081920e-02  7.689080e-02  6.053586e-04  -8.984400e-02  1.240881e-03
9.090910e-02  8.664650e-02  6.807868e-04  -9.973850e-02  1.306502e-03
1.009990e-01  9.624950e-02  7.548661e-04  -1.080340e-01  1.361385e-03
1.110890e-01  1.056510e-01  8.274347e-04  -1.146420e-01  1.407276e-03
1.211790e-01  1.148020e-01  8.972156e-04  -1.195870e-01  1.446214e-03
1.312690e-01  1.236580e-01  9.658834e-04  -1.228960e-01  1.477891e-03
1.413590e-01  1.321840e-01  1.031087e-03  -1.246600e-01  1.502369e-03
1.514480e-01  1.403440e-01  1.093770e-03  -1.249990e-01  1.518224e-03
1.615380e-01  1.480950e-01  1.153327e-03  -1.240440e-01  1.526048e-03
1.716280e-01  1.554240e-01  1.208996e-03  -1.219410e-01  1.524752e-03
1.817180e-01  1.622930e-01  1.261338e-03  -1.188540e-01  1.513570e-03
1.918080e-01  1.686860e-01  1.310071e-03  -1.149280e-01  1.493089e-03
2.018980e-01  1.745870e-01  1.354943e-03  -1.103110e-01  1.463479e-03
2.119880e-01  1.799700e-01  1.395889e-03  -1.051660e-01  1.425475e-03
2.220780e-01  1.848380e-01  1.432735e-03  -9.959300e-02  1.379312e-03
2.321680e-01  1.891660e-01  1.465331e-03  -9.375460e-02  1.326375e-03
2.422580e-01  1.929620e-01  1.494264e-03  -8.772870e-02  1.267625e-03
2.523470e-01  1.962130e-01  1.518316e-03  -8.163710e-02  1.204311e-03
2.624370e-01  1.989210e-01  1.538377e-03  -7.555920e-02  1.137444e-03
2.725270e-01  2.010930e-01  1.554723e-03  -6.956390e-02  1.067962e-03
2.826170e-01  2.027210e-01  1.566752e-03  -6.373180e-02  9.972552e-04
2.927070e-01  2.038270e-01  1.574373e-03  -5.809320e-02  9.259924e-04
3.027970e-01  2.044080e-01  1.578184e-03  -5.270240e-02  8.552069e-04
3.128870e-01  2.044810e-01  1.577808e-03  -4.758880e-02  7.856601e-04
3.229770e-01  2.040590e-01  1.574232e-03  -4.277070e-02  7.179887e-04
3.330670e-01  2.031530e-01  1.566646e-03  -3.827070e-02  6.528397e-04
3.431570e-01  2.017850e-01  1.555456e-03  -3.408850e-02  5.905738e-04
3.532460e-01  1.999720e-01  1.540879e-03  -3.023030e-02  5.316271e-04
3.633360e-01  1.977310e-01  1.523138e-03  -2.669280e-02  4.763010e-04
3.734260e-01  1.950810e-01  1.502658e-03  -2.346800e-02  4.246206e-04
3.835160e-01  1.920490e-01  1.478504e-03  -2.054400e-02  3.767662e-04
3.936060e-01  1.886620e-01  1.452113e-03  -1.790740e-02  3.326977e-04
4.036960e-01  1.849310e-01  1.423003e-03  -1.554470e-02  2.924727e-04
4.137860e-01  1.808710e-01  1.391367e-03  -1.343810e-02  2.559287e-04
4.238760e-01  1.765420e-01  1.358047e-03  -1.156570e-02  2.228493e-04
4.339660e-01  1.719850e-01  1.322203e-03  -9.907980e-03  1.931403e-04
4.440560e-01  1.671930e-01  1.285135e-03  -8.450810e-03  1.665491e-04
4.541450e-01  1.621610e-01  1.246151e-03  -7.178160e-03  1.429979e-04
4.642350e-01  1.569340e-01  1.205752e-03  -6.071410e-03  1.222134e-04
4.743250e-01  1.515930e-01  1.164621e-03  -5.110400e-03  1.039142e-04
4.844150e-01  1.461390e-01  1.122502e-03  -4.280810e-03  8.790476e-05
4.945050e-01  1.405680e-01  1.079299e-03  -3.569190e-03  7.399633e-05
5.045950e-01  1.348830e-01  1.035534e-03  -2.962470e-03  6.199749e-05
5.146850e-01  1.291440e-01  9.909918e-04  -2.447240e-03  5.168327e-05
5.247750e-01  1.234100e-01  9.470820e-04  -2.011090e-03  4.284993e-05
5.348650e-01  1.176700e-01  9.026609e-04  -1.644150e-03  3.533312e-05
5.449550e-01  1.119270e-01  8.588214e-04  -1.337350e-03  2.898990e-05
5.550440e-01  1.061960e-01  8.148047e-04  -1.082330e-03  2.365698e-05
5.651340e-01  1.005110e-01  7.708369e-04  -8.714610e-04  1.920531e-05
5.752240e-01  9.492080e-02  7.279059e-04  -6.978280e-04  1.550328e-05
5.853140e-01  8.942610e-02  6.857107e-04  -5.556610e-04  1.244343e-05
5.954040e-01  8.401580e-02  6.440961e-04  -4.400260e-04  9.931417e-06
6.054940e-01  7.871000e-02  6.033747e-04  -3.465200e-04  7.881887e-06
6.155840e-01  7.352800e-02  5.635369e-04  -2.713540e-04  6.219623e-06
6.256740e-01  6.850030e-02  5.249678e-04  -2.112220e-04  4.878380e-06
6.357640e-01  6.364040e-02  4.876793e-04  -1.633930e-04  3.803049e-06
6.458540e-01  5.894640e-02  4.516773e-04  -1.256120e-04  2.945899e-06
6.559430e-01  5.439770e-02  4.167700e-04  -9.595880e-05  2.267498e-06
6.660330e-01  5.002800e-02  3.832851e-04  -7.281690e-05  1.733856e-06
6.761230e-01  4.585670e-02  3.513145e-04  -5.486530e-05  1.316471e-06
6.862130e-01  4.188890e-02  3.209204e-04  -4.102880e-05  9.921389e-07
6.963030e-01  3.812320e-02  2.920277e-04  -3.044370e-05  7.419911e-07
7.063930e-01  3.453080e-02  2.644971e-04  -2.240840e-05  5.505187e-07
7.164830e-01  3.113130e-02  2.384368e-04  -1.635100e-05  4.050379e-07
7.265730e-01  2.795380e-02  2.141079e-04  -1.181520e-05  2.950841e-07
7.366630e-01  2.498530e-02  1.913626e-04  -8.450980e-06  2.128944e-07
7.467530e-01  2.221310e-02  1.701399e-04  -5.978220e-06  1.519377e-07
7.568420e-01  1.962940e-02  1.503598e-04  -4.178490e-06  1.071771e-07
7.669320e-01  1.724150e-02  1.320758e-04  -2.882890e-06  7.465391e-08
7.770220e-01  1.504980e-02  1.152874e-04  -1.960080e-06  5.126491e-08
7.871120e-01  1.305130e-02  9.995505e-05  -1.311450e-06  3.465923e-08
7.972020e-01  1.123240e-02  8.608873e-05  -8.621730e-07  2.303902e-08
8.072920e-01  9.582310e-03  7.343041e-05  -5.559200e-07  1.502964e-08
8.173820e-01  8.095630e-03  6.204763e-05  -3.507150e-07  9.599838e-09
8.274720e-01  6.776060e-03  5.193925e-05  -2.159380e-07  5.989744e-09
8.375620e-01  5.613690e-03  4.303746e-05  -1.293400e-07  3.639057e-09
8.476520e-01  4.590790e-03  3.519907e-05  -7.509410e-08  2.145317e-09
8.577410e-01  3.701520e-03  2.838777e-05  -4.210950e-08  1.223132e-09
8.678310e-01  2.932290e-03  2.249808e-05  -2.267480e-08  6.706639e-10
8.779210e-01  2.285660e-03  1.754358e-05  -1.165530e-08  3.516718e-10
8.880110e-01  1.746000e-03  1.340744e-05  -5.672150e-09  1.749255e-10
8.981010e-01  1.299670e-03  9.986915e-06  -2.588320e-09  8.178458e-11
9.081910e-01  9.405610e-04  7.230779e-06  -1.093560e-09  3.550939e-11
9.182810e-01  6.528700e-04  5.022879e-06  -4.201840e-10  1.407075e-11
9.283710e-01  4.376790e-04  3.370730e-06  -1.435130e-10  4.978171e-12
9.384610e-01  2.745680e-04  2.116614e-06  -4.203530e-11  1.519083e-12
9.485510e-01  1.610600e-04  1.243703e-06  -1.005000e-11  3.811797e-13
9.586400e-01  8.213790e-05  6.354967e-07  -1.783110e-12  7.170788e-14
9.687300e-01  3.780230e-05  2.932740e-07  -2.008450e-13  8.696126e-15
9.788200e-01  1.166210e-05  9.089732e-08  -9.910910e-15  4.738258e-16
9.889100e-01  6.279980e-07  4.937059e-09  -6.046860e-17  3.361854e-18
9.990000e-01  -8.083850e-08  6.643856e-10  -1.731550e-17  7.421185e-19
