0 0.323316 0.0981387 1.1826 0.15835 0.000451849 0.0279359 0.00158976 0.394966 -0.218918 0.320027 -0.171004 
1 0.323721 0.120971 1.32576 0.144115 0.000280152 0.0341181 0.0015267 0.394966 -0.218918 0.320027 -0.171004 
2 0.323827 0.137078 1.42174 0.136838 0.000208158 0.0372455 0.00156862 0.394966 -0.218918 0.320027 -0.171004 
3 0.324658 0.15185 1.48686 0.127695 0.000161989 0.038595 0.00160498 0.394966 -0.218918 0.320027 -0.171004 
4 0.324429 0.167933 1.54778 0.121666 0.000129697 0.0400528 0.00163306 0.394966 -0.218918 0.320027 -0.171004 
5 0.324299 0.185398 1.59744 0.116815 0.000105715 0.041086 0.00172804 0.394966 -0.218918 0.320027 -0.171004 
6 0.324586 0.209337 1.67067 0.111849 8.02274e-05 0.0410644 0.00176937 0.394966 -0.218918 0.320027 -0.171004 
7 0.32427 0.251878 1.77879 0.120638 5.86422e-05 0.0435766 0.00208539 0.394966 -0.218918 0.320027 -0.171004 
8 0.323053 0.0754367 1.11806 0.324665 0.000818735 0.0230211 0.00104062 0.394966 -0.218918 0.320027 -0.171004 
9 0.323879 0.0906643 1.20735 0.311597 0.000612708 0.0342683 0.00104411 0.394966 -0.218918 0.320027 -0.171004 
10 0.323687 0.102482 1.30835 0.305978 0.000473616 0.0409281 0.00106917 0.394966 -0.218918 0.320027 -0.171004 
11 0.324452 0.114958 1.40859 0.299841 0.000368385 0.0472841 0.00107957 0.394966 -0.218918 0.320027 -0.171004 
12 0.324065 0.128719 1.50323 0.296327 0.00029298 0.054238 0.00113306 0.394966 -0.218918 0.320027 -0.171004 
13 0.324541 0.14605 1.55119 0.295296 0.000245135 0.0641722 0.00128276 0.394966 -0.218918 0.320027 -0.171004 
14 0.324739 0.173752 1.58818 0.293502 0.000197348 0.0766789 0.0014577 0.394966 -0.218918 0.320027 -0.171004 
15 0.324732 0.2279 1.70951 0.295013 0.000122901 0.0849997 0.00173814 0.394966 -0.218918 0.320027 -0.171004 
16 0.32359 0.0672625 1.09415 0.500788 0.000629097 0.0149209 0.00111946 0.394966 -0.218918 0.320027 -0.171004 
17 0.324566 0.0801027 1.18111 0.492421 0.00048937 0.024508 0.00113395 0.394966 -0.218918 0.320027 -0.171004 
18 0.324381 0.0908127 1.26485 0.490749 0.000392336 0.0316487 0.00116937 0.394966 -0.218918 0.320027 -0.171004 
19 0.324331 0.102875 1.35798 0.489622 0.000310873 0.0392736 0.00116372 0.394966 -0.218918 0.320027 -0.171004 
20 0.324447 0.117169 1.4615 0.489622 0.000241354 0.0476752 0.00116607 0.394966 -0.218918 0.320027 -0.171004 
21 0.324379 0.135737 1.52888 0.489531 0.000194181 0.0596128 0.00118093 0.394966 -0.218918 0.320027 -0.171004 
22 0.324575 0.165161 1.57158 0.488467 0.000152277 0.0756382 0.00126571 0.394966 -0.218918 0.320027 -0.171004 
23 0.324385 0.222872 1.71368 0.487706 8.97887e-05 0.0873638 0.00192701 0.394966 -0.218918 0.320027 -0.171004 
24 0.326046 0.0636883 1.07488 0.675517 0.000196228 0.0110727 0.0020332 0.394966 -0.218918 0.320027 -0.171004 
25 0.3261 0.0745826 1.16812 0.671532 0.000158077 0.017357 0.00204139 0.394966 -0.218918 0.320027 -0.171004 
26 0.326746 0.0844898 1.24276 0.668796 0.000132547 0.0233434 0.00207795 0.394966 -0.218918 0.320027 -0.171004 
27 0.327148 0.0948762 1.33662 0.666025 0.00011029 0.0286758 0.00213678 0.394966 -0.218918 0.320027 -0.171004 
28 0.326629 0.106733 1.45228 0.665833 8.75321e-05 0.0339378 0.00228904 0.394966 -0.218918 0.320027 -0.171004 
29 0.326809 0.12156 1.58023 0.664686 6.84066e-05 0.0404677 0.00238225 0.394966 -0.218918 0.320027 -0.171004 
30 0.327679 0.143747 1.67355 0.659631 5.45034e-05 0.0519395 0.00286131 0.394966 -0.218918 0.320027 -0.171004 
31 0.330235 0.189487 1.77808 0.644989 3.97761e-05 0.0693522 0.0057908 0.394966 -0.218918 0.320027 -0.171004 
32 0.332189 0.0646603 1.09511 0.84587 -9.83111e-05 0.000824097 0.00690717 0.394966 -0.218918 0.320027 -0.171004 
33 0.333434 0.0808895 1.29209 0.842432 -4.89287e-05 -0.000113254 0.00825507 0.394966 -0.218918 0.320027 -0.171004 
34 0.333421 0.104362 1.58048 0.841303 -2.07433e-05 -0.00369825 0.00959536 0.394966 -0.218918 0.320027 -0.171004 
35 0.335469 0.134961 1.85099 0.83342 -8.18845e-06 -0.0168494 0.019873 0.394966 -0.218918 0.320027 -0.171004 
36 0.348374 0.0733228 1.27183 1.00432 -0.000117233 0.00226791 2.02904 0.394966 -0.218918 0.320027 -0.171004 
37 0.372792 0.104025 1.20558 0.155955 0.000291217 0.0258031 0.00177199 0.394966 -0.218918 0.320027 -0.171004 
38 0.374518 0.126201 1.34096 0.141428 0.00018201 0.0300093 0.00173787 0.394966 -0.218918 0.320027 -0.171004 
39 0.374202 0.14228 1.42061 0.133021 0.000138234 0.0323061 0.00174827 0.394966 -0.218918 0.320027 -0.171004 
40 0.374192 0.156485 1.49144 0.126673 0.000109348 0.0335168 0.00181715 0.394966 -0.218918 0.320027 -0.171004 
41 0.374128 0.171418 1.5429 0.121079 8.94743e-05 0.0345156 0.00187302 0.394966 -0.218918 0.320027 -0.171004 
42 0.374151 0.188778 1.61205 0.11688 7.11889e-05 0.0351317 0.00190512 0.394966 -0.218918 0.320027 -0.171004 
43 0.374845 0.211196 1.66989 0.115003 5.68525e-05 0.0360148 0.00191321 0.394966 -0.218918 0.320027 -0.171004 
44 0.374008 0.251552 1.79021 0.122089 4.10427e-05 0.0379709 0.00220289 0.394966 -0.218918 0.320027 -0.171004 
45 0.373199 0.0790726 1.12404 0.324194 0.000566332 0.0237217 0.00114102 0.394966 -0.218918 0.320027 -0.171004 
46 0.373663 0.0951563 1.22805 0.311967 0.000411935 0.0335042 0.0011412 0.394966 -0.218918 0.320027 -0.171004 
47 0.374092 0.107965 1.32933 0.306797 0.000315459 0.0398444 0.00115837 0.394966 -0.218918 0.320027 -0.171004 
48 0.374478 0.120782 1.42696 0.301546 0.000246937 0.0454866 0.00121991 0.394966 -0.218918 0.320027 -0.171004 
49 0.374365 0.13464 1.50104 0.296522 0.000202173 0.0517879 0.00125353 0.394966 -0.218918 0.320027 -0.171004 
50 0.374083 0.152704 1.56028 0.29393 0.000166655 0.0598448 0.00139468 0.394966 -0.218918 0.320027 -0.171004 
51 0.374687 0.181149 1.59802 0.292598 0.00013345 0.0700959 0.0017105 0.394966 -0.218918 0.320027 -0.171004 
52 0.374476 0.235231 1.72931 0.293414 8.24483e-05 0.0761324 0.00200184 0.394966 -0.218918 0.320027 -0.171004 
53 0.373245 0.0693349 1.10316 0.502571 0.000459487 0.0162151 0.00118944 0.394966 -0.218918 0.320027 -0.171004 
54 0.374138 0.0831614 1.18246 0.493145 0.000360742 0.026743 0.00123578 0.394966 -0.218918 0.320027 -0.171004 
55 0.374383 0.0937708 1.27237 0.492998 0.000284797 0.0330918 0.00132214 0.394966 -0.218918 0.320027 -0.171004 
56 0.374275 0.105715 1.37323 0.490632 0.0002245 0.0398243 0.00132421 0.394966 -0.218918 0.320027 -0.171004 
57 0.374566 0.120137 1.48011 0.49124 0.000173105 0.0477064 0.00135089 0.394966 -0.218918 0.320027 -0.171004 
58 0.374236 0.138886 1.5201 0.490211 0.000145485 0.0602411 0.00136352 0.394966 -0.218918 0.320027 -0.171004 
59 0.374176 0.170546 1.55578 0.493142 0.00011258 0.0765298 0.00136157 0.394966 -0.218918 0.320027 -0.171004 
60 0.373736 0.228228 1.70522 0.494868 6.54666e-05 0.0868318 0.00211309 0.394966 -0.218918 0.320027 -0.171004 
61 0.374541 0.0650787 1.08285 0.681949 0.000163153 0.0127835 0.0017648 0.394966 -0.218918 0.320027 -0.171004 
62 0.375232 0.076601 1.17482 0.678774 0.000128704 0.0201814 0.00186852 0.394966 -0.218918 0.320027 -0.171004 
63 0.374975 0.0864892 1.24217 0.678043 0.00010674 0.0269075 0.00186371 0.394966 -0.218918 0.320027 -0.171004 
64 0.375337 0.097347 1.33071 0.676797 8.73168e-05 0.033204 0.00186337 0.394966 -0.218918 0.320027 -0.171004 
65 0.375305 0.110717 1.43488 0.676594 6.9004e-05 0.0405466 0.00186731 0.394966 -0.218918 0.320027 -0.171004 
66 0.375068 0.127467 1.54085 0.675205 5.43059e-05 0.0495526 0.00196551 0.394966 -0.218918 0.320027 -0.171004 
67 0.375864 0.152418 1.61462 0.671782 4.2526e-05 0.063382 0.00227087 0.394966 -0.218918 0.320027 -0.171004 
68 0.376813 0.204311 1.74549 0.66199 2.79181e-05 0.0802808 0.00375395 0.394966 -0.218918 0.320027 -0.171004 
69 0.376761 0.0619719 1.06142 0.873897 -8.1861e-05 -0.000562254 0.00487959 0.394966 -0.218918 0.320027 -0.171004 
70 0.377449 0.0704964 1.13906 0.872235 -6.10549e-05 -0.00119335 0.00488535 0.394966 -0.218918 0.320027 -0.171004 
71 0.377559 0.078386 1.2164 0.86613 -4.38762e-05 -0.00283147 0.00513907 0.394966 -0.218918 0.320027 -0.171004 
72 0.378706 0.0868881 1.29708 0.866931 -3.37793e-05 -0.00419409 0.00556047 0.394966 -0.218918 0.320027 -0.171004 
73 0.378034 0.0973676 1.41905 0.863954 -2.2368e-05 -0.00783295 0.00552586 0.394966 -0.218918 0.320027 -0.171004 
74 0.378833 0.110489 1.56263 0.86311 -1.41753e-05 -0.0137426 0.00587518 0.394966 -0.218918 0.320027 -0.171004 
75 0.37886 0.128164 1.72466 0.859301 -8.27292e-06 -0.0255265 0.00655185 0.394966 -0.218918 0.320027 -0.171004 
76 0.381408 0.159317 1.81585 0.84548 -4.66457e-06 -0.0555652 0.0131793 0.394966 -0.218918 0.320027 -0.171004 
77 0.387841 0.0837419 1.35632 1.03027 -6.9302e-05 0.0027234 0.0155919 0.394966 -0.218918 0.320027 -0.171004 
78 0.422874 0.106975 1.21369 0.154641 0.000200302 0.0228504 0.00195063 0.394966 -0.218918 0.320027 -0.171004 
79 0.424036 0.129354 1.32584 0.139013 0.000129735 0.0264174 0.00190115 0.394966 -0.218918 0.320027 -0.171004 
80 0.424429 0.144757 1.42202 0.133357 9.71234e-05 0.0281532 0.00189142 0.394966 -0.218918 0.320027 -0.171004 
81 0.424624 0.159024 1.47486 0.126436 7.85271e-05 0.0292208 0.00202776 0.394966 -0.218918 0.320027 -0.171004 
82 0.423928 0.173815 1.53132 0.122645 6.48213e-05 0.0303483 0.00198494 0.394966 -0.218918 0.320027 -0.171004 
83 0.424037 0.190606 1.59261 0.118422 5.22459e-05 0.0308684 0.00204867 0.394966 -0.218918 0.320027 -0.171004 
84 0.425148 0.214107 1.67793 0.117428 4.00491e-05 0.0316688 0.00208305 0.394966 -0.218918 0.320027 -0.171004 
85 0.42344 0.254545 1.79311 0.127902 2.99281e-05 0.0345813 0.00256821 0.394966 -0.218918 0.320027 -0.171004 
86 0.42292 0.0818538 1.13063 0.328142 0.000402202 0.0233899 0.0013179 0.394966 -0.218918 0.320027 -0.171004 
87 0.423204 0.0986305 1.2375 0.315005 0.000290348 0.0322432 0.00129562 0.394966 -0.218918 0.320027 -0.171004 
88 0.424387 0.111981 1.335 0.309024 0.00022205 0.0380375 0.00131987 0.394966 -0.218918 0.320027 -0.171004 
89 0.423795 0.124899 1.43083 0.302833 0.000175191 0.042889 0.00134053 0.394966 -0.218918 0.320027 -0.171004 
90 0.423672 0.138895 1.49957 0.298205 0.000144497 0.0484171 0.00140645 0.394966 -0.218918 0.320027 -0.171004 
91 0.424616 0.156526 1.56643 0.29644 0.000117237 0.0547337 0.00154431 0.394966 -0.218918 0.320027 -0.171004 
92 0.424598 0.182392 1.59676 0.293838 9.67578e-05 0.0628888 0.00189025 0.394966 -0.218918 0.320027 -0.171004 
93 0.424563 0.234685 1.73014 0.293252 6.01442e-05 0.0685366 0.0020085 0.394966 -0.218918 0.320027 -0.171004 
94 0.423559 0.07116 1.1059 0.503391 0.000345 0.0173124 0.00128764 0.394966 -0.218918 0.320027 -0.171004 
95 0.424288 0.0851802 1.19041 0.495251 0.000267322 0.027213 0.00135351 0.394966 -0.218918 0.320027 -0.171004 
96 0.424122 0.0959819 1.27695 0.492287 0.000214354 0.0335272 0.00140444 0.394966 -0.218918 0.320027 -0.171004 
97 0.424306 0.107844 1.37205 0.490988 0.000169616 0.0399776 0.00145579 0.394966 -0.218918 0.320027 -0.171004 
98 0.424139 0.121676 1.48255 0.491437 0.000130985 0.0467822 0.00153662 0.394966 -0.218918 0.320027 -0.171004 
99 0.424271 0.139988 1.53024 0.489585 0.000109382 0.0580762 0.00160944 0.394966 -0.218918 0.320027 -0.171004 
100 0.423922 0.170395 1.55129 0.490581 8.80937e-05 0.0738967 0.00160514 0.394966 -0.218918 0.320027 -0.171004 
101 0.424235 0.22583 1.69622 0.492861 5.2048e-05 0.084826 0.00228819 0.394966 -0.218918 0.320027 -0.171004 
102 0.423983 0.0659539 1.08429 0.691415 0.000132208 0.0142793 0.00184495 0.394966 -0.218918 0.320027 -0.171004 
103 0.424371 0.0780617 1.17348 0.686854 0.000105059 0.0227163 0.00185407 0.394966 -0.218918 0.320027 -0.171004 
104 0.424648 0.0888247 1.24927 0.684765 8.65219e-05 0.0301277 0.00189815 0.394966 -0.218918 0.320027 -0.171004 
105 0.424522 0.100788 1.34615 0.684203 6.90409e-05 0.0372645 0.00188119 0.394966 -0.218918 0.320027 -0.171004 
106 0.424432 0.114651 1.43781 0.682687 5.57622e-05 0.0457002 0.00190875 0.394966 -0.218918 0.320027 -0.171004 
107 0.424753 0.132148 1.51916 0.682921 4.41257e-05 0.0566197 0.00191373 0.394966 -0.218918 0.320027 -0.171004 
108 0.424555 0.159829 1.5761 0.681942 3.39061e-05 0.0730324 0.0021223 0.394966 -0.218918 0.320027 -0.171004 
109 0.425146 0.209572 1.71308 0.674959 2.20019e-05 0.0882434 0.00339874 0.394966 -0.218918 0.320027 -0.171004 
110 0.42583 0.0631141 1.07052 0.883396 -4.62729e-05 -0.00405702 0.0036455 0.394966 -0.218918 0.320027 -0.171004 
111 0.425934 0.073029 1.15279 0.881315 -3.3444e-05 -0.00734567 0.00370188 0.394966 -0.218918 0.320027 -0.171004 
112 0.425963 0.0819768 1.21918 0.88037 -2.6378e-05 -0.0104931 0.00375994 0.394966 -0.218918 0.320027 -0.171004 
113 0.425989 0.0917735 1.30665 0.877173 -1.85575e-05 -0.0167816 0.00376581 0.394966 -0.218918 0.320027 -0.171004 
114 0.42635 0.103807 1.41718 0.874112 -1.19493e-05 -0.0278524 0.00386304 0.394966 -0.218918 0.320027 -0.171004 
115 0.426274 0.118552 1.56334 0.873855 -7.25497e-06 -0.0443782 0.00401255 0.394966 -0.218918 0.320027 -0.171004 
116 0.426792 0.139832 1.6683 0.869841 -4.90316e-06 -0.0673625 0.0047128 0.394966 -0.218918 0.320027 -0.171004 
117 0.428645 0.17998 1.77798 0.855373 -2.37277e-06 -0.147772 0.00967917 0.394966 -0.218918 0.320027 -0.171004 
118 0.428779 0.0664422 1.10939 1.06151 -0.000102356 0.00160698 0.00640598 0.394966 -0.218918 0.320027 -0.171004 
119 0.429558 0.0859075 1.33685 1.05599 -5.37513e-05 0.00246158 0.00762318 0.394966 -0.218918 0.320027 -0.171004 
120 0.430433 0.119447 1.69971 1.05118 -2.2616e-05 0.00338485 0.0096741 0.394966 -0.218918 0.320027 -0.171004 
121 0.442026 0.0785029 1.31718 1.21943 -6.3202e-05 0.00214126 0.0932731 0.394966 -0.218918 0.320027 -0.171004 
122 0.472193 0.110245 1.21917 0.154498 0.000140604 0.0208389 0.0021726 0.394966 -0.218918 0.320027 -0.171004 
123 0.473858 0.133507 1.33769 0.138775 8.92407e-05 0.0237494 0.00219648 0.394966 -0.218918 0.320027 -0.171004 
124 0.472551 0.148822 1.43366 0.126593 6.47758e-05 0.024025 0.00218224 0.394966 -0.218918 0.320027 -0.171004 
125 0.473407 0.162145 1.47743 0.123763 5.46067e-05 0.0254042 0.00221875 0.394966 -0.218918 0.320027 -0.171004 
126 0.474316 0.175296 1.51084 0.124506 4.81228e-05 0.0271423 0.00224632 0.394966 -0.218918 0.320027 -0.171004 
127 0.473043 0.190987 1.58795 0.124506 3.95897e-05 0.0283371 0.00230419 0.394966 -0.218918 0.320027 -0.171004 
128 0.474154 0.211873 1.66789 0.120952 3.04542e-05 0.0285346 0.00234926 0.394966 -0.218918 0.320027 -0.171004 
129 0.473815 0.248586 1.7765 0.129214 2.28089e-05 0.0310061 0.00262269 0.394966 -0.218918 0.320027 -0.171004 
130 0.473424 0.0852428 1.13976 0.327079 0.000283781 0.0232045 0.00148372 0.394966 -0.218918 0.320027 -0.171004 
131 0.473329 0.102774 1.25739 0.31471 0.000200475 0.031024 0.00143618 0.394966 -0.218918 0.320027 -0.171004 
132 0.473817 0.116037 1.35149 0.309648 0.000155303 0.03612 0.00144848 0.394966 -0.218918 0.320027 -0.171004 
133 0.473718 0.12941 1.44009 0.301644 0.000123138 0.0404554 0.0014647 0.394966 -0.218918 0.320027 -0.171004 
134 0.474005 0.144481 1.51095 0.300229 0.000100612 0.0458093 0.00157689 0.394966 -0.218918 0.320027 -0.171004 
135 0.474465 0.162368 1.58042 0.294297 8.12625e-05 0.0506794 0.00169235 0.394966 -0.218918 0.320027 -0.171004 
136 0.474551 0.189444 1.61105 0.292154 6.66699e-05 0.0577658 0.00207577 0.394966 -0.218918 0.320027 -0.171004 
137 0.474597 0.241908 1.74486 0.289132 4.13545e-05 0.0619658 0.00213613 0.394966 -0.218918 0.320027 -0.171004 
138 0.473275 0.0728181 1.11301 0.507628 0.000257154 0.0179194 0.00143236 0.394966 -0.218918 0.320027 -0.171004 
139 0.473767 0.0870191 1.18992 0.497339 0.000203249 0.0277322 0.0014956 0.394966 -0.218918 0.320027 -0.171004 
140 0.474076 0.0978609 1.27398 0.492124 0.000164007 0.0337358 0.00151509 0.394966 -0.218918 0.320027 -0.171004 
141 0.474251 0.109269 1.37368 0.48968 0.000129469 0.0391668 0.00160678 0.394966 -0.218918 0.320027 -0.171004 
142 0.474465 0.122692 1.48381 0.49202 9.95458e-05 0.0453346 0.00166052 0.394966 -0.218918 0.320027 -0.171004 
143 0.474208 0.140042 1.54028 0.487539 8.3355e-05 0.0550359 0.00184516 0.394966 -0.218918 0.320027 -0.171004 
144 0.47398 0.167786 1.55765 0.490552 6.84256e-05 0.0695186 0.00199344 0.394966 -0.218918 0.320027 -0.171004 
145 0.474083 0.222303 1.69374 0.488066 4.17856e-05 0.0815904 0.00251205 0.394966 -0.218918 0.320027 -0.171004 
146 0.473608 0.0672219 1.09095 0.694935 0.000111126 0.0156082 0.00195382 0.394966 -0.218918 0.320027 -0.171004 
147 0.474444 0.0795429 1.16979 0.688515 9.0147e-05 0.0248843 0.00207751 0.394966 -0.218918 0.320027 -0.171004 
148 0.474423 0.0893494 1.23658 0.687249 7.52789e-05 0.0318491 0.00214668 0.394966 -0.218918 0.320027 -0.171004 
149 0.474548 0.100357 1.33135 0.686429 6.05977e-05 0.0382071 0.00212653 0.394966 -0.218918 0.320027 -0.171004 
150 0.474351 0.113806 1.42806 0.685672 4.8376e-05 0.0462268 0.00208141 0.394966 -0.218918 0.320027 -0.171004 
151 0.47434 0.130432 1.50332 0.685501 3.89537e-05 0.0570673 0.00213176 0.394966 -0.218918 0.320027 -0.171004 
152 0.474057 0.154969 1.52764 0.68664 3.13512e-05 0.0741128 0.00213641 0.394966 -0.218918 0.320027 -0.171004 
153 0.473347 0.20141 1.68349 0.682568 1.99206e-05 0.089925 0.00289231 0.394966 -0.218918 0.320027 -0.171004 
154 0.474857 0.0638373 1.07469 0.888542 -2.30253e-05 -0.0120943 0.00332105 0.394966 -0.218918 0.320027 -0.171004 
155 0.475224 0.0745265 1.16028 0.884595 -1.48917e-05 -0.0246666 0.00324057 0.394966 -0.218918 0.320027 -0.171004 
156 0.475582 0.0843489 1.22723 0.883379 -1.12319e-05 -0.037232 0.00322272 0.394966 -0.218918 0.320027 -0.171004 
157 0.475463 0.0948008 1.31085 0.882924 -7.99915e-06 -0.0545599 0.00330474 0.394966 -0.218918 0.320027 -0.171004 
158 0.475206 0.106697 1.40859 0.882887 -5.42668e-06 -0.07985 0.00337079 0.394966 -0.218918 0.320027 -0.171004 
159 0.475612 0.121575 1.51916 0.879116 -2.86717e-06 -0.152736 0.00341467 0.394966 -0.218918 0.320027 -0.171004 
160 0.475705 0.142972 1.60504 0.878201 -2.29231e-06 -0.18795 0.00376426 0.394966 -0.218918 0.320027 -0.171004 
161 0.475482 0.180915 1.73661 0.870961 -1.16448e-06 -0.341129 0.00642258 0.394966 -0.218918 0.320027 -0.171004 
162 0.476211 0.063041 1.07075 1.07942 -8.37995e-05 0.000977341 0.00574318 0.394966 -0.218918 0.320027 -0.171004 
163 0.476545 0.073009 1.15747 1.07626 -6.3025e-05 0.00144705 0.00606173 0.394966 -0.218918 0.320027 -0.171004 
164 0.476855 0.0823654 1.24473 1.07185 -4.82862e-05 0.00176665 0.00635959 0.394966 -0.218918 0.320027 -0.171004 
165 0.47748 0.0937218 1.36863 1.07038 -3.44534e-05 0.00183698 0.0065433 0.394966 -0.218918 0.320027 -0.171004 
166 0.477603 0.109005 1.53319 1.06994 -2.29794e-05 0.00176363 0.00709945 0.394966 -0.218918 0.320027 -0.171004 
167 0.477908 0.133304 1.71946 1.06441 -1.45565e-05 0.00169723 0.00822378 0.394966 -0.218918 0.320027 -0.171004 
168 0.479576 0.169859 1.84398 1.04276 -9.57519e-06 0.00109002 0.037436 0.394966 -0.218918 0.320027 -0.171004 
169 0.481554 0.0840325 1.34208 1.2407 -4.54063e-05 0.00249372 0.0126304 0.394966 -0.218918 0.320027 -0.171004 
170 0.523656 0.111662 1.20237 0.150177 0.000102083 0.0183274 0.00249293 0.394966 -0.218918 0.320027 -0.171004 
171 0.523352 0.135615 1.33264 0.134827 6.35945e-05 0.020735 0.00241646 0.394966 -0.218918 0.320027 -0.171004 
172 0.524273 0.150564 1.42351 0.128775 4.77361e-05 0.0216939 0.00244212 0.394966 -0.218918 0.320027 -0.171004 
173 0.525609 0.164347 1.4557 0.127616 4.12444e-05 0.023358 0.00254679 0.394966 -0.218918 0.320027 -0.171004 
174 0.52433 0.178607 1.51408 0.123432 3.39989e-05 0.0239974 0.00257449 0.394966 -0.218918 0.320027 -0.171004 
175 0.523791 0.193607 1.59884 0.124156 2.77558e-05 0.0249934 0.00261635 0.394966 -0.218918 0.320027 -0.171004 
176 0.524409 0.21424 1.67712 0.124878 2.21756e-05 0.0260852 0.00266236 0.394966 -0.218918 0.320027 -0.171004 
177 0.523082 0.25007 1.77496 0.130544 1.67267e-05 0.0280754 0.00312621 0.394966 -0.218918 0.320027 -0.171004 
178 0.523227 0.0872101 1.13749 0.326334 0.000210873 0.0222699 0.00166817 0.394966 -0.218918 0.320027 -0.171004 
179 0.523267 0.106321 1.26638 0.313642 0.000143926 0.0296592 0.00160912 0.394966 -0.218918 0.320027 -0.171004 
180 0.523831 0.11979 1.35789 0.30759 0.00011174 0.034132 0.0016466 0.394966 -0.218918 0.320027 -0.171004 
181 0.52418 0.133009 1.43967 0.300828 8.94232e-05 0.037934 0.00166431 0.394966 -0.218918 0.320027 -0.171004 
182 0.5241 0.146617 1.50615 0.298363 7.42504e-05 0.0419741 0.00171861 0.394966 -0.218918 0.320027 -0.171004 
183 0.52485 0.164561 1.55605 0.29597 6.17723e-05 0.0470399 0.00184969 0.394966 -0.218918 0.320027 -0.171004 
184 0.524471 0.189661 1.60768 0.290219 4.96145e-05 0.0520514 0.00218315 0.394966 -0.218918 0.320027 -0.171004 
185 0.523945 0.23877 1.73741 0.289889 3.16996e-05 0.0567494 0.0021091 0.394966 -0.218918 0.320027 -0.171004 
186 0.523608 0.0748345 1.11458 0.509788 0.000196376 0.0188523 0.00160694 0.394966 -0.218918 0.320027 -0.171004 
187 0.523929 0.0890331 1.19192 0.500039 0.000154996 0.0279913 0.00164677 0.394966 -0.218918 0.320027 -0.171004 
188 0.524211 0.0999624 1.27897 0.495704 0.000123972 0.0335384 0.00168946 0.394966 -0.218918 0.320027 -0.171004 
189 0.523981 0.11143 1.37822 0.491893 9.83206e-05 0.038586 0.00174691 0.394966 -0.218918 0.320027 -0.171004 
190 0.524818 0.124297 1.47484 0.491145 7.77322e-05 0.044319 0.0018313 0.394966 -0.218918 0.320027 -0.171004 
191 0.524122 0.140784 1.53914 0.486257 6.48078e-05 0.0525098 0.00200379 0.394966 -0.218918 0.320027 -0.171004 
192 0.524136 0.166301 1.56729 0.487624 5.34018e-05 0.0649448 0.00242353 0.394966 -0.218918 0.320027 -0.171004 
193 0.523999 0.217971 1.70329 0.485332 3.32237e-05 0.0770949 0.00281434 0.394966 -0.218918 0.320027 -0.171004 
194 0.523681 0.068091 1.09346 0.69555 9.61057e-05 0.0163832 0.00213067 0.394966 -0.218918 0.320027 -0.171004 
195 0.524197 0.0805481 1.16199 0.689214 7.86273e-05 0.0262771 0.00222211 0.394966 -0.218918 0.320027 -0.171004 
196 0.524047 0.090439 1.24321 0.686458 6.48513e-05 0.0323983 0.0023285 0.394966 -0.218918 0.320027 -0.171004 
197 0.524621 0.100706 1.32974 0.686953 5.24401e-05 0.0384387 0.00241828 0.394966 -0.218918 0.320027 -0.171004 
198 0.524397 0.113185 1.42448 0.687677 4.17841e-05 0.0457109 0.0024252 0.394966 -0.218918 0.320027 -0.171004 
199 0.524059 0.128992 1.5116 0.686123 3.36851e-05 0.05528 0.00247656 0.394966 -0.218918 0.320027 -0.171004 
200 0.524169 0.151799 1.5311 0.686549 2.79083e-05 0.0716587 0.00245923 0.394966 -0.218918 0.320027 -0.171004 
201 0.523396 0.19488 1.6931 0.682307 1.79842e-05 0.0873075 0.00317374 0.394966 -0.218918 0.320027 -0.171004 
202 0.524363 0.0645843 1.07736 0.895005 -9.41764e-06 -0.0348644 0.0032561 0.394966 -0.218918 0.320027 -0.171004 
203 0.524932 0.0755673 1.16224 0.89017 -4.75688e-06 -0.0899817 0.00324605 0.394966 -0.218918 0.320027 -0.171004 
204 0.525354 0.084972 1.21878 0.888904 -3.42204e-06 -0.142893 0.00335165 0.394966 -0.218918 0.320027 -0.171004 
205 0.524538 0.0948455 1.29955 0.886483 -1.55599e-06 -0.327263 0.00322583 0.394966 -0.218918 0.320027 -0.171004 
206 0.524832 0.106771 1.38448 0.887984 -9.51007e-07 -0.530981 0.00323971 0.394966 -0.218918 0.320027 -0.171004 
207 0.524674 0.121715 1.48757 0.888089 -2.85659e-07 -1.70738 0.00324456 0.394966 -0.218918 0.320027 -0.171004 
208 0.524269 0.142446 1.57091 0.885049 -1.78183e-08 -27.5224 0.00343636 0.394966 -0.218918 0.320027 -0.171004 
209 0.524088 0.176935 1.72278 0.875357 7.6833e-07 0.588253 0.00520272 0.394966 -0.218918 0.320027 -0.171004 
210 0.525662 0.0624687 1.06605 1.08324 -6.06381e-05 0.000377279 0.00540024 0.394966 -0.218918 0.320027 -0.171004 
211 0.525829 0.0714759 1.14293 1.08118 -4.6836e-05 0.000463123 0.00565966 0.394966 -0.218918 0.320027 -0.171004 
212 0.525583 0.0795507 1.19813 1.0807 -3.93081e-05 0.000639247 0.00553189 0.394966 -0.218918 0.320027 -0.171004 
213 0.525834 0.0879694 1.26838 1.07584 -3.14971e-05 0.000461023 0.00560843 0.394966 -0.218918 0.320027 -0.171004 
214 0.525872 0.0977237 1.36541 1.07718 -2.42767e-05 0.00021183 0.00574681 0.394966 -0.218918 0.320027 -0.171004 
215 0.525974 0.11012 1.48309 1.07535 -1.78103e-05 -0.000460484 0.00591019 0.394966 -0.218918 0.320027 -0.171004 
216 0.525784 0.126804 1.62098 1.07298 -1.26133e-05 -0.00148809 0.0063204 0.394966 -0.218918 0.320027 -0.171004 
217 0.525478 0.153273 1.76247 1.06328 -8.59463e-06 -0.00343214 0.00996256 0.394966 -0.218918 0.320027 -0.171004 
218 0.527721 0.0770727 1.22408 1.26292 -4.606e-05 0.00210216 0.00661957 0.394966 -0.218918 0.320027 -0.171004 
219 0.527363 0.120758 1.71007 1.25512 -1.48823e-05 0.00370307 0.0157738 0.394966 -0.218918 0.320027 -0.171004 
220 0.574239 0.115749 1.22633 0.148419 6.96535e-05 0.0165083 0.00271773 0.394966 -0.218918 0.320027 -0.171004 
221 0.575234 0.137815 1.35176 0.135476 4.46429e-05 0.01835 0.00277026 0.394966 -0.218918 0.320027 -0.171004 
222 0.572634 0.152057 1.40322 0.123384 3.52546e-05 0.0186368 0.0027091 0.394966 -0.218918 0.320027 -0.171004 
223 0.574843 0.164713 1.45682 0.127193 3.04561e-05 0.0204829 0.00276716 0.394966 -0.218918 0.320027 -0.171004 
224 0.574435 0.178354 1.5189 0.125406 2.53154e-05 0.0213401 0.00281322 0.394966 -0.218918 0.320027 -0.171004 
225 0.574579 0.194169 1.59964 0.12252 2.00793e-05 0.0217798 0.00276246 0.394966 -0.218918 0.320027 -0.171004 
226 0.573785 0.214994 1.66983 0.124362 1.64817e-05 0.0231529 0.00288006 0.394966 -0.218918 0.320027 -0.171004 
227 0.573872 0.252498 1.7914 0.133721 1.21196e-05 0.0257238 0.00347506 0.394966 -0.218918 0.320027 -0.171004 
228 0.572518 0.0903816 1.14447 0.327944 0.00015527 0.021657 0.00189047 0.394966 -0.218918 0.320027 -0.171004 
229 0.573455 0.109326 1.2782 0.313099 0.000104471 0.0276565 0.0018239 0.394966 -0.218918 0.320027 -0.171004 
230 0.57346 0.123135 1.3578 0.308774 8.3035e-05 0.032106 0.0018592 0.394966 -0.218918 0.320027 -0.171004 
231 0.574533 0.136382 1.44351 0.303815 6.57952e-05 0.0354215 0.00186187 0.394966 -0.218918 0.320027 -0.171004 
232 0.574406 0.151276 1.50974 0.299966 5.41876e-05 0.0392542 0.00195634 0.394966 -0.218918 0.320027 -0.171004 
233 0.574503 0.168913 1.5684 0.295874 4.46557e-05 0.0431855 0.00207026 0.394966 -0.218918 0.320027 -0.171004 
234 0.573821 0.193318 1.61759 0.290436 3.62112e-05 0.0474492 0.00235274 0.394966 -0.218918 0.320027 -0.171004 
235 0.573951 0.239042 1.75054 0.290209 2.34053e-05 0.0516492 0.00235716 0.394966 -0.218918 0.320027 -0.171004 
236 0.572867 0.0765659 1.11276 0.510524 0.000154667 0.0191744 0.00183968 0.394966 -0.218918 0.320027 -0.171004 
237 0.573742 0.0909577 1.19454 0.502964 0.000119878 0.0275902 0.00188785 0.394966 -0.218918 0.320027 -0.171004 
238 0.57426 0.101895 1.27845 0.496498 9.66061e-05 0.0327011 0.00186492 0.394966 -0.218918 0.320027 -0.171004 
239 0.573769 0.11344 1.3668 0.493876 7.77018e-05 0.037782 0.00191504 0.394966 -0.218918 0.320027 -0.171004 
240 0.574017 0.126396 1.47228 0.492635 6.06843e-05 0.0427782 0.00194987 0.394966 -0.218918 0.320027 -0.171004 
241 0.574335 0.142306 1.52783 0.491706 5.07396e-05 0.0504232 0.00219346 0.394966 -0.218918 0.320027 -0.171004 
242 0.574123 0.1664 1.58086 0.487957 4.11737e-05 0.0603941 0.00281802 0.394966 -0.218918 0.320027 -0.171004 
243 0.573538 0.212076 1.7194 0.483786 2.65957e-05 0.0710956 0.00340653 0.394966 -0.218918 0.320027 -0.171004 
244 0.573994 0.0690364 1.09586 0.695596 8.30325e-05 0.0167876 0.00234414 0.394966 -0.218918 0.320027 -0.171004 
245 0.573879 0.0815781 1.16192 0.690574 6.75254e-05 0.0265906 0.00242279 0.394966 -0.218918 0.320027 -0.171004 
246 0.574557 0.0915092 1.24092 0.689696 5.49332e-05 0.0327208 0.00247579 0.394966 -0.218918 0.320027 -0.171004 
247 0.573819 0.101921 1.32888 0.687023 4.51555e-05 0.0384503 0.00259103 0.394966 -0.218918 0.320027 -0.171004 
248 0.574062 0.113914 1.42598 0.68808 3.58356e-05 0.0449186 0.00273959 0.394966 -0.218918 0.320027 -0.171004 
249 0.574638 0.128518 1.51133 0.686336 2.90978e-05 0.0532827 0.00282317 0.394966 -0.218918 0.320027 -0.171004 
250 0.574135 0.150373 1.55545 0.683674 2.41105e-05 0.0673284 0.00311321 0.394966 -0.218918 0.320027 -0.171004 
251 0.572655 0.190247 1.71 0.677966 1.61178e-05 0.0823137 0.00410316 0.394966 -0.218918 0.320027 -0.171004 
252 0.573373 0.065461 1.07875 0.896088 4.96284e-07 0.750477 0.00340102 0.394966 -0.218918 0.320027 -0.171004 
253 0.57447 0.0761007 1.15769 0.893575 1.79033e-06 0.258296 0.00365666 0.394966 -0.218918 0.320027 -0.171004 
254 0.574595 0.0849482 1.20785 0.892604 1.82517e-06 0.286812 0.00351666 0.394966 -0.218918 0.320027 -0.171004 
255 0.574501 0.0943489 1.29188 0.891111 2.52239e-06 0.208344 0.00362713 0.394966 -0.218918 0.320027 -0.171004 
256 0.574119 0.105296 1.36777 0.890051 2.57561e-06 0.207401 0.00357349 0.394966 -0.218918 0.320027 -0.171004 
257 0.5743 0.118574 1.45679 0.889284 2.50194e-06 0.209493 0.00350078 0.394966 -0.218918 0.320027 -0.171004 
258 0.573768 0.137035 1.55088 0.887325 2.23108e-06 0.230411 0.00353946 0.394966 -0.218918 0.320027 -0.171004 
259 0.57275 0.168845 1.71537 0.877676 2.26335e-06 0.207322 0.00481631 0.394966 -0.218918 0.320027 -0.171004 
260 0.57489 0.0627 1.06595 1.08713 -4.37891e-05 -0.00036663 0.00514613 0.394966 -0.218918 0.320027 -0.171004 
261 0.574905 0.0715445 1.13977 1.08257 -3.37108e-05 -0.00082975 0.00528393 0.394966 -0.218918 0.320027 -0.171004 
262 0.574673 0.0794824 1.19169 1.08276 -2.85313e-05 -0.00111327 0.00519264 0.394966 -0.218918 0.320027 -0.171004 
263 0.575282 0.0878822 1.25933 1.08246 -2.31248e-05 -0.00164488 0.00512766 0.394966 -0.218918 0.320027 -0.171004 
264 0.575402 0.0972806 1.33983 1.08041 -1.82148e-05 -0.00255992 0.00539456 0.394966 -0.218918 0.320027 -0.171004 
265 0.575029 0.108668 1.45143 1.07979 -1.35101e-05 -0.004014 0.00535027 0.394966 -0.218918 0.320027 -0.171004 
266 0.574028 0.124449 1.59728 1.07684 -9.3013e-06 -0.0066832 0.00551801 0.394966 -0.218918 0.320027 -0.171004 
267 0.573448 0.148875 1.75925 1.06498 -5.93055e-06 -0.0125523 0.00797314 0.394966 -0.218918 0.320027 -0.171004 
268 0.575889 0.0707135 1.13995 1.28001 -4.48339e-05 0.0016102 0.00597536 0.394966 -0.218918 0.320027 -0.171004 
269 0.575231 0.104474 1.50908 1.26807 -1.73987e-05 0.00260786 0.00707077 0.394966 -0.218918 0.320027 -0.171004 
270 0.623057 0.117258 1.22343 0.144784 5.14484e-05 0.0144638 0.00315858 0.394966 -0.218918 0.320027 -0.171004 
271 0.623324 0.138115 1.34825 0.13221 3.32933e-05 0.0158253 0.00309822 0.394966 -0.218918 0.320027 -0.171004 
272 0.623035 0.152063 1.41287 0.130443 2.7215e-05 0.0172116 0.00316853 0.394966 -0.218918 0.320027 -0.171004 
273 0.623002 0.165588 1.44646 0.129435 2.37047e-05 0.0186044 0.00311749 0.394966 -0.218918 0.320027 -0.171004 
274 0.622563 0.179476 1.51736 0.129221 1.95947e-05 0.0196399 0.00324215 0.394966 -0.218918 0.320027 -0.171004 
275 0.62435 0.195247 1.61056 0.12162 1.46025e-05 0.0192635 0.00322246 0.394966 -0.218918 0.320027 -0.171004 
276 0.624223 0.215293 1.70178 0.121929 1.15086e-05 0.0202093 0.00333661 0.394966 -0.218918 0.320027 -0.171004 
277 0.62329 0.247832 1.79764 0.129911 9.01019e-06 0.0226871 0.00424552 0.394966 -0.218918 0.320027 -0.171004 
278 0.623084 0.0924638 1.14738 0.326058 0.00011651 0.0202102 0.00225434 0.394966 -0.218918 0.320027 -0.171004 
279 0.624246 0.111261 1.27382 0.312856 7.93264e-05 0.02553 0.00206671 0.394966 -0.218918 0.320027 -0.171004 
280 0.623429 0.124958 1.35648 0.305824 6.2743e-05 0.0291448 0.00213612 0.394966 -0.218918 0.320027 -0.171004 
281 0.624166 0.137923 1.4263 0.304036 5.13327e-05 0.0325158 0.00219618 0.394966 -0.218918 0.320027 -0.171004 
282 0.623425 0.152029 1.50747 0.300597 4.15255e-05 0.035501 0.00220019 0.394966 -0.218918 0.320027 -0.171004 
283 0.62376 0.167997 1.56802 0.296645 3.43619e-05 0.0386635 0.00237807 0.394966 -0.218918 0.320027 -0.171004 
284 0.624009 0.19048 1.64186 0.289792 2.69371e-05 0.0419141 0.00254693 0.394966 -0.218918 0.320027 -0.171004 
285 0.623202 0.230384 1.76332 0.285953 1.82888e-05 0.0459896 0.00275918 0.394966 -0.218918 0.320027 -0.171004 
286 0.623231 0.0779909 1.10791 0.510264 0.000123703 0.0189596 0.0021026 0.394966 -0.218918 0.320027 -0.171004 
287 0.622836 0.0920279 1.20194 0.503809 9.41055e-05 0.0259643 0.00212888 0.394966 -0.218918 0.320027 -0.171004 
288 0.624102 0.103827 1.28464 0.499692 7.48481e-05 0.0312913 0.00205222 0.394966 -0.218918 0.320027 -0.171004 
289 0.623485 0.114794 1.36737 0.49729 6.09548e-05 0.0357663 0.00221691 0.394966 -0.218918 0.320027 -0.171004 
290 0.624726 0.126822 1.45479 0.491556 4.93069e-05 0.0400657 0.00221885 0.394966 -0.218918 0.320027 -0.171004 
291 0.624091 0.141771 1.52604 0.492617 4.04848e-05 0.0463631 0.00237743 0.394966 -0.218918 0.320027 -0.171004 
292 0.623638 0.163971 1.60298 0.48789 3.21384e-05 0.0544332 0.0029388 0.394966 -0.218918 0.320027 -0.171004 
293 0.623534 0.204346 1.74098 0.481442 2.14359e-05 0.0642796 0.00409059 0.394966 -0.218918 0.320027 -0.171004 
294 0.623477 0.0706798 1.10142 0.699944 6.91362e-05 0.0174537 0.00258928 0.394966 -0.218918 0.320027 -0.171004 
295 0.624472 0.0830491 1.16017 0.688867 5.86041e-05 0.0266006 0.00270913 0.394966 -0.218918 0.320027 -0.171004 
296 0.624232 0.0919056 1.23258 0.68912 4.83462e-05 0.0316968 0.00273422 0.394966 -0.218918 0.320027 -0.171004 
297 0.624056 0.101293 1.30703 0.686612 4.05556e-05 0.0368159 0.00284736 0.394966 -0.218918 0.320027 -0.171004 
298 0.624506 0.112392 1.39957 0.685027 3.28431e-05 0.0422495 0.00290529 0.394966 -0.218918 0.320027 -0.171004 
299 0.624563 0.125616 1.49918 0.684916 2.61193e-05 0.0487257 0.00312125 0.394966 -0.218918 0.320027 -0.171004 
300 0.624521 0.144388 1.57274 0.682049 2.12293e-05 0.0592432 0.00364467 0.394966 -0.218918 0.320027 -0.171004 
301 0.623232 0.179596 1.71301 0.676649 1.47517e-05 0.0739978 0.00493548 0.394966 -0.218918 0.320027 -0.171004 
302 0.622434 0.0664307 1.08148 0.897781 6.45989e-06 0.0594746 0.00384169 0.394966 -0.218918 0.320027 -0.171004 
303 0.624135 0.077144 1.1517 0.893121 6.55648e-06 0.0742271 0.00393583 0.394966 -0.218918 0.320027 -0.171004 
304 0.62463 0.0855416 1.21296 0.893041 5.91916e-06 0.0872047 0.00420601 0.394966 -0.218918 0.320027 -0.171004 
305 0.624116 0.093896 1.27937 0.891646 5.57367e-06 0.0943155 0.00410863 0.394966 -0.218918 0.320027 -0.171004 
306 0.624113 0.103785 1.35802 0.889933 5.20297e-06 0.100288 0.00408902 0.394966 -0.218918 0.320027 -0.171004 
307 0.623415 0.11566 1.4523 0.888461 4.67151e-06 0.107478 0.00422054 0.394966 -0.218918 0.320027 -0.171004 
308 0.623548 0.131621 1.5733 0.886787 4.02173e-06 0.115674 0.00438329 0.394966 -0.218918 0.320027 -0.171004 
309 0.622054 0.159576 1.71728 0.873887 3.6152e-06 0.125247 0.00583282 0.394966 -0.218918 0.320027 -0.171004 
310 0.622168 0.0632197 1.0626 1.09077 -3.25389e-05 -0.00126243 0.00559432 0.394966 -0.218918 0.320027 -0.171004 
311 0.624154 0.0709626 1.12836 1.08732 -2.52908e-05 -0.00220198 0.00575694 0.394966 -0.218918 0.320027 -0.171004 
312 0.624701 0.0780011 1.17801 1.08624 -2.12848e-05 -0.00306557 0.00562907 0.394966 -0.218918 0.320027 -0.171004 
313 0.624526 0.0849529 1.22403 1.08458 -1.82555e-05 -0.00402069 0.00569337 0.394966 -0.218918 0.320027 -0.171004 
314 0.624383 0.0923389 1.28938 1.08368 -1.49485e-05 -0.00531888 0.00575414 0.394966 -0.218918 0.320027 -0.171004 
315 0.624469 0.101685 1.38678 1.08202 -1.12292e-05 -0.00751114 0.00562099 0.394966 -0.218918 0.320027 -0.171004 
316 0.623369 0.115241 1.53658 1.07833 -7.43646e-06 -0.0118303 0.00573383 0.394966 -0.218918 0.320027 -0.171004 
317 0.622233 0.137162 1.74192 1.07086 -4.27032e-06 -0.0211456 0.00663625 0.394966 -0.218918 0.320027 -0.171004 
318 0.624215 0.0707539 1.13838 1.28456 -3.54755e-05 0.00136559 0.00577115 0.394966 -0.218918 0.320027 -0.171004 
319 0.62368 0.101177 1.49719 1.26694 -1.39114e-05 0.00148512 0.00661362 0.394966 -0.218918 0.320027 -0.171004 
320 0.673969 0.116685 1.22279 0.147404 3.9571e-05 0.0124793 0.00379127 0.394966 -0.218918 0.320027 -0.171004 
321 0.674298 0.136444 1.31488 0.129827 2.64181e-05 0.013354 0.0037331 0.394966 -0.218918 0.320027 -0.171004 
322 0.672703 0.149818 1.3953 0.129497 2.13542e-05 0.0145841 0.00366147 0.394966 -0.218918 0.320027 -0.171004 
323 0.673012 0.161285 1.46385 0.129911 1.78504e-05 0.0155729 0.00377687 0.394966 -0.218918 0.320027 -0.171004 
324 0.673095 0.174031 1.52281 0.130663 1.51919e-05 0.0166996 0.00386634 0.394966 -0.218918 0.320027 -0.171004 
325 0.672939 0.187624 1.61797 0.122909 1.15313e-05 0.0164405 0.00386004 0.394966 -0.218918 0.320027 -0.171004 
326 0.672299 0.204742 1.70659 0.126804 9.53219e-06 0.0178706 0.00392324 0.394966 -0.218918 0.320027 -0.171004 
327 0.670818 0.232888 1.81158 0.12412 7.01481e-06 0.0187784 0.00467182 0.394966 -0.218918 0.320027 -0.171004 
328 0.673893 0.0936584 1.14826 0.32083 8.85253e-05 0.0177991 0.00264958 0.394966 -0.218918 0.320027 -0.171004 
329 0.673412 0.111135 1.26823 0.316514 6.23977e-05 0.0224978 0.00256896 0.394966 -0.218918 0.320027 -0.171004 
330 0.675082 0.12345 1.34393 0.30977 4.95944e-05 0.0252952 0.00255818 0.394966 -0.218918 0.320027 -0.171004 
331 0.67323 0.136161 1.41465 0.303325 4.0812e-05 0.0279895 0.00246942 0.394966 -0.218918 0.320027 -0.171004 
332 0.67343 0.149289 1.48768 0.302768 3.35009e-05 0.0308264 0.00261977 0.394966 -0.218918 0.320027 -0.171004 
333 0.673144 0.163413 1.55655 0.296589 2.75775e-05 0.0330918 0.00271471 0.394966 -0.218918 0.320027 -0.171004 
334 0.673321 0.182343 1.66033 0.293193 2.11492e-05 0.0357408 0.00289172 0.394966 -0.218918 0.320027 -0.171004 
335 0.671795 0.21542 1.78479 0.286722 1.48366e-05 0.0394464 0.00337827 0.394966 -0.218918 0.320027 -0.171004 
336 0.673385 0.0798614 1.10649 0.51004 9.84885e-05 0.0182842 0.0024794 0.394966 -0.218918 0.320027 -0.171004 
337 0.673939 0.0945835 1.20556 0.503503 7.34175e-05 0.0246891 0.0024081 0.394966 -0.218918 0.320027 -0.171004 
338 0.673953 0.106199 1.28476 0.499359 5.9103e-05 0.0293797 0.0023974 0.394966 -0.218918 0.320027 -0.171004 
339 0.674686 0.117009 1.36707 0.498888 4.77066e-05 0.0333168 0.00247891 0.394966 -0.218918 0.320027 -0.171004 
340 0.674309 0.128362 1.44191 0.491128 3.98574e-05 0.03706 0.00257762 0.394966 -0.218918 0.320027 -0.171004 
341 0.673371 0.141971 1.53516 0.490605 3.19652e-05 0.0414402 0.00268224 0.394966 -0.218918 0.320027 -0.171004 
342 0.673275 0.160927 1.62276 0.487274 2.53264e-05 0.0475021 0.00315017 0.394966 -0.218918 0.320027 -0.171004 
343 0.671851 0.192952 1.75249 0.47934 1.80086e-05 0.0553787 0.00525554 0.394966 -0.218918 0.320027 -0.171004 
344 0.672749 0.0736422 1.09375 0.699533 5.94341e-05 0.0191792 0.00307703 0.394966 -0.218918 0.320027 -0.171004 
345 0.673123 0.085302 1.16128 0.695111 4.84635e-05 0.0266825 0.00304634 0.394966 -0.218918 0.320027 -0.171004 
346 0.673403 0.0939388 1.23034 0.691014 4.09876e-05 0.031065 0.00312994 0.394966 -0.218918 0.320027 -0.171004 
347 0.67339 0.103446 1.31722 0.69008 3.33756e-05 0.0353725 0.00316007 0.394966 -0.218918 0.320027 -0.171004 
348 0.674538 0.113691 1.40193 0.688241 2.74239e-05 0.0399829 0.00336911 0.394966 -0.218918 0.320027 -0.171004 
349 0.674101 0.12572 1.5053 0.684136 2.22287e-05 0.0447194 0.00356647 0.394966 -0.218918 0.320027 -0.171004 
350 0.673806 0.142502 1.61053 0.681032 1.75569e-05 0.052132 0.00401455 0.394966 -0.218918 0.320027 -0.171004 
351 0.672004 0.171973 1.73824 0.670586 1.30779e-05 0.0639885 0.00736198 0.394966 -0.218918 0.320027 -0.171004 
352 0.670995 0.0700091 1.07735 0.894295 1.03556e-05 0.0439681 0.00458964 0.394966 -0.218918 0.320027 -0.171004 
353 0.673775 0.0797034 1.1453 0.889425 9.74707e-06 0.0530901 0.00459614 0.394966 -0.218918 0.320027 -0.171004 
354 0.673078 0.0869735 1.20296 0.889389 8.63885e-06 0.060977 0.00499869 0.394966 -0.218918 0.320027 -0.171004 
355 0.67351 0.0944035 1.27066 0.892655 7.28723e-06 0.0689586 0.00496222 0.394966 -0.218918 0.320027 -0.171004 
356 0.673574 0.102851 1.35519 0.887169 7.01069e-06 0.0692133 0.0050501 0.394966 -0.218918 0.320027 -0.171004 
357 0.673382 0.112751 1.46175 0.884289 6.24662e-06 0.0711632 0.00535038 0.394966 -0.218918 0.320027 -0.171004 
358 0.673032 0.126473 1.60177 0.882599 5.1655e-06 0.0758723 0.00554062 0.394966 -0.218918 0.320027 -0.171004 
359 0.671267 0.149888 1.75608 0.873845 4.20682e-06 0.0879661 0.00861885 0.394966 -0.218918 0.320027 -0.171004 
360 0.671005 0.0693216 1.08415 1.09144 -2.14566e-05 -0.00378418 0.0054385 0.394966 -0.218918 0.320027 -0.171004 
361 0.673167 0.0800552 1.16723 1.08865 -1.5704e-05 -0.00623267 0.00579186 0.394966 -0.218918 0.320027 -0.171004 
362 0.672347 0.0896656 1.26897 1.08062 -1.09368e-05 -0.0101234 0.00569816 0.394966 -0.218918 0.320027 -0.171004 
363 0.672386 0.103233 1.45246 1.07919 -6.29784e-06 -0.0163979 0.00593438 0.394966 -0.218918 0.320027 -0.171004 
364 0.671446 0.125643 1.7266 1.07387 -2.87229e-06 -0.0325101 0.00770942 0.394966 -0.218918 0.320027 -0.171004 
365 0.669972 0.0840329 1.29905 1.26562 -1.7952e-05 0.000660881 0.00592121 0.394966 -0.218918 0.320027 -0.171004 
366 0.322816 0.168062 2.18356 0.143801 6.79281e-05 0.0325828 0.00258385 0.394966 -0.218918 0.320027 -0.171004 
367 0.323121 0.19533 2.28583 0.130409 4.83776e-05 0.035055 0.00265206 0.394966 -0.218918 0.320027 -0.171004 
368 0.323374 0.214268 2.36087 0.125896 3.92191e-05 0.0358312 0.00272865 0.394966 -0.218918 0.320027 -0.171004 
369 0.323811 0.232527 2.40697 0.120183 3.25392e-05 0.035452 0.00278432 0.394966 -0.218918 0.320027 -0.171004 
370 0.324447 0.250869 2.4449 0.115557 2.73241e-05 0.0345129 0.0029467 0.394966 -0.218918 0.320027 -0.171004 
371 0.32386 0.271563 2.44773 0.116384 2.46057e-05 0.0347683 0.00293191 0.394966 -0.218918 0.320027 -0.171004 
372 0.324013 0.29796 2.45333 0.120317 2.17286e-05 0.0346781 0.00298806 0.394966 -0.218918 0.320027 -0.171004 
373 0.324342 0.3379 2.60643 0.13187 1.61975e-05 0.0333345 0.00358963 0.394966 -0.218918 0.320027 -0.171004 
374 0.323403 0.148584 2.11659 0.307774 0.000121382 0.0438893 0.00217644 0.394966 -0.218918 0.320027 -0.171004 
375 0.324338 0.169662 2.22587 0.296307 9.46405e-05 0.0526213 0.00231622 0.394966 -0.218918 0.320027 -0.171004 
376 0.323983 0.187324 2.32495 0.293475 7.76046e-05 0.0578433 0.00253742 0.394966 -0.218918 0.320027 -0.171004 
377 0.324817 0.206067 2.39813 0.291751 6.46887e-05 0.0622601 0.00294916 0.394966 -0.218918 0.320027 -0.171004 
378 0.323974 0.226648 2.44919 0.291957 5.53895e-05 0.0659522 0.00345842 0.394966 -0.218918 0.320027 -0.171004 
379 0.324144 0.25278 2.4292 0.294074 4.88868e-05 0.0693749 0.00365657 0.394966 -0.218918 0.320027 -0.171004 
380 0.324891 0.286999 2.43054 0.292422 4.00649e-05 0.0681702 0.00340582 0.394966 -0.218918 0.320027 -0.171004 
381 0.324289 0.33571 2.5734 0.294004 2.66939e-05 0.060407 0.00383191 0.394966 -0.218918 0.320027 -0.171004 
382 0.32405 0.145462 2.10912 0.487918 9.45219e-05 0.0425044 0.00316408 0.394966 -0.218918 0.320027 -0.171004 
383 0.323938 0.16757 2.22469 0.489945 7.29688e-05 0.0531887 0.00342 0.394966 -0.218918 0.320027 -0.171004 
384 0.32376 0.188565 2.32077 0.494121 5.79944e-05 0.0606401 0.00319538 0.394966 -0.218918 0.320027 -0.171004 
385 0.32384 0.209938 2.3897 0.492584 4.82381e-05 0.066464 0.00324209 0.394966 -0.218918 0.320027 -0.171004 
386 0.323528 0.231669 2.41882 0.494524 4.11827e-05 0.0705051 0.0032669 0.394966 -0.218918 0.320027 -0.171004 
387 0.32401 0.257535 2.40873 0.495911 3.5388e-05 0.0730721 0.00358888 0.394966 -0.218918 0.320027 -0.171004 
388 0.324234 0.290062 2.43051 0.494779 2.86523e-05 0.0719421 0.00412481 0.394966 -0.218918 0.320027 -0.171004 
389 0.323711 0.334908 2.56161 0.494307 1.95963e-05 0.0653405 0.00558662 0.394966 -0.218918 0.320027 -0.171004 
390 0.32526 0.144857 2.10384 0.678224 3.27556e-05 0.0367452 0.0045422 0.394966 -0.218918 0.320027 -0.171004 
391 0.32493 0.163923 2.20944 0.676025 2.6603e-05 0.0447784 0.00495413 0.394966 -0.218918 0.320027 -0.171004 
392 0.325563 0.181045 2.29815 0.67317 2.2496e-05 0.0505514 0.00536223 0.394966 -0.218918 0.320027 -0.171004 
393 0.325627 0.197962 2.36598 0.671052 1.93241e-05 0.0553175 0.00596017 0.394966 -0.218918 0.320027 -0.171004 
394 0.325826 0.215916 2.45743 0.670877 1.6008e-05 0.0583896 0.00664391 0.394966 -0.218918 0.320027 -0.171004 
395 0.326133 0.236371 2.50846 0.665647 1.40193e-05 0.061578 0.00756067 0.394966 -0.218918 0.320027 -0.171004 
396 0.327158 0.26502 2.52816 0.65882 1.19822e-05 0.0645422 0.00983386 0.394966 -0.218918 0.320027 -0.171004 
397 0.328114 0.312926 2.65055 0.649043 8.6065e-06 0.0633161 0.0143156 0.394966 -0.218918 0.320027 -0.171004 
398 0.333559 0.180394 2.38247 0.838321 -2.54243e-06 -0.0412413 0.0143577 0.394966 -0.218918 0.320027 -0.171004 
399 0.37369 0.172199 2.20017 0.141703 4.42108e-05 0.0281767 0.00285881 0.394966 -0.218918 0.320027 -0.171004 
400 0.374069 0.200438 2.29859 0.128758 3.14876e-05 0.0301625 0.00293744 0.394966 -0.218918 0.320027 -0.171004 
401 0.37465 0.218456 2.34497 0.123713 2.62463e-05 0.0307546 0.00310176 0.394966 -0.218918 0.320027 -0.171004 
402 0.374137 0.234995 2.39991 0.1197 2.21887e-05 0.0305872 0.00312767 0.394966 -0.218918 0.320027 -0.171004 
403 0.373803 0.252236 2.41902 0.116378 1.94285e-05 0.0303682 0.00319494 0.394966 -0.218918 0.320027 -0.171004 
404 0.374193 0.27211 2.44604 0.118874 1.72697e-05 0.0308847 0.00321803 0.394966 -0.218918 0.320027 -0.171004 
405 0.373839 0.296547 2.46574 0.12593 1.56233e-05 0.0318948 0.0032757 0.394966 -0.218918 0.320027 -0.171004 
406 0.373608 0.335233 2.59345 0.13452 1.18195e-05 0.0310439 0.00386119 0.394966 -0.218918 0.320027 -0.171004 
407 0.373651 0.150878 2.12744 0.31028 8.35011e-05 0.0402068 0.00237461 0.394966 -0.218918 0.320027 -0.171004 
408 0.3747 0.173329 2.24153 0.299409 6.42232e-05 0.048207 0.00245065 0.394966 -0.218918 0.320027 -0.171004 
409 0.374148 0.19148 2.33605 0.290535 5.26357e-05 0.0523802 0.00260908 0.394966 -0.218918 0.320027 -0.171004 
410 0.374412 0.209884 2.40762 0.289241 4.4245e-05 0.0561074 0.00298798 0.394966 -0.218918 0.320027 -0.171004 
411 0.374161 0.229472 2.44973 0.29133 3.83556e-05 0.059509 0.00348416 0.394966 -0.218918 0.320027 -0.171004 
412 0.374735 0.254209 2.44083 0.291875 3.37187e-05 0.0623024 0.00370194 0.394966 -0.218918 0.320027 -0.171004 
413 0.374126 0.287359 2.4473 0.292079 2.8047e-05 0.062275 0.00347042 0.394966 -0.218918 0.320027 -0.171004 
414 0.374903 0.335118 2.56675 0.289422 1.90162e-05 0.0565992 0.00371101 0.394966 -0.218918 0.320027 -0.171004 
415 0.374872 0.146087 2.11252 0.485546 6.98596e-05 0.0412252 0.00323585 0.394966 -0.218918 0.320027 -0.171004 
416 0.374052 0.16652 2.22377 0.484612 5.5497e-05 0.0508611 0.00414969 0.394966 -0.218918 0.320027 -0.171004 
417 0.374042 0.18525 2.30849 0.48841 4.53045e-05 0.0579382 0.00463899 0.394966 -0.218918 0.320027 -0.171004 
418 0.374453 0.205963 2.37568 0.488822 3.7609e-05 0.064106 0.0044384 0.394966 -0.218918 0.320027 -0.171004 
419 0.374259 0.227789 2.42914 0.492309 3.13368e-05 0.0684118 0.00418538 0.394966 -0.218918 0.320027 -0.171004 
420 0.373255 0.253534 2.41994 0.490324 2.75804e-05 0.0722014 0.0041967 0.394966 -0.218918 0.320027 -0.171004 
421 0.374083 0.285718 2.42726 0.491556 2.25235e-05 0.0726787 0.00450981 0.394966 -0.218918 0.320027 -0.171004 
422 0.37377 0.332693 2.55372 0.493035 1.52182e-05 0.0676441 0.00601156 0.394966 -0.218918 0.320027 -0.171004 
423 0.374035 0.146282 2.11132 0.686109 2.63857e-05 0.0395993 0.00445932 0.394966 -0.218918 0.320027 -0.171004 
424 0.374381 0.167949 2.21974 0.685645 2.06604e-05 0.0496901 0.00457166 0.394966 -0.218918 0.320027 -0.171004 
425 0.373628 0.186897 2.30094 0.685462 1.70364e-05 0.0567245 0.00477952 0.394966 -0.218918 0.320027 -0.171004 
426 0.374357 0.205574 2.36229 0.685092 1.43097e-05 0.0624131 0.00521172 0.394966 -0.218918 0.320027 -0.171004 
427 0.373991 0.2244 2.42214 0.684036 1.21651e-05 0.066348 0.00552639 0.394966 -0.218918 0.320027 -0.171004 
428 0.374591 0.245261 2.41331 0.68095 1.08394e-05 0.0708868 0.00643397 0.394966 -0.218918 0.320027 -0.171004 
429 0.375349 0.27366 2.46083 0.678438 8.79395e-06 0.073056 0.00753645 0.394966 -0.218918 0.320027 -0.171004 
430 0.374125 0.315021 2.59587 0.663629 6.85691e-06 0.0706464 0.0105715 0.394966 -0.218918 0.320027 -0.171004 
431 0.376913 0.154224 2.15896 0.873788 -3.63233e-06 -0.0369875 0.00777721 0.394966 -0.218918 0.320027 -0.171004 
432 0.377788 0.192005 2.39102 0.865227 -1.69684e-06 -0.0779223 0.00993442 0.394966 -0.218918 0.320027 -0.171004 
433 0.379353 0.244007 2.64259 0.853841 -6.18716e-07 -0.185057 0.0151637 0.394966 -0.218918 0.320027 -0.171004 
434 0.388474 0.170127 2.35693 1.02715 -9.37508e-06 0.00490841 0.0709677 0.394966 -0.218918 0.320027 -0.171004 
435 0.423579 0.173444 2.19095 0.142487 3.14086e-05 0.0247526 0.003199 0.394966 -0.218918 0.320027 -0.171004 
436 0.423896 0.201463 2.2854 0.131263 2.27529e-05 0.0267705 0.00328719 0.394966 -0.218918 0.320027 -0.171004 
437 0.423129 0.220174 2.35176 0.124514 1.84822e-05 0.0269437 0.00338453 0.394966 -0.218918 0.320027 -0.171004 
438 0.423927 0.236857 2.39816 0.12293 1.58801e-05 0.0273762 0.00339481 0.394966 -0.218918 0.320027 -0.171004 
439 0.424011 0.254551 2.41178 0.123276 1.4296e-05 0.0281028 0.00343331 0.394966 -0.218918 0.320027 -0.171004 
440 0.424678 0.273759 2.43475 0.123206 1.25488e-05 0.0281788 0.00355392 0.394966 -0.218918 0.320027 -0.171004 
441 0.424575 0.297337 2.46483 0.128439 1.11257e-05 0.0289016 0.00364355 0.394966 -0.218918 0.320027 -0.171004 
442 0.4233 0.335712 2.61062 0.135693 8.28279e-06 0.0284593 0.0045142 0.394966 -0.218918 0.320027 -0.171004 
443 0.423881 0.153923 2.13713 0.312541 5.83921e-05 0.0373898 0.00252247 0.394966 -0.218918 0.320027 -0.171004 
444 0.424183 0.177015 2.24156 0.304255 4.55307e-05 0.0450118 0.00264845 0.394966 -0.218918 0.320027 -0.171004 
445 0.424036 0.195382 2.34519 0.295093 3.67922e-05 0.0482201 0.00277178 0.394966 -0.218918 0.320027 -0.171004 
446 0.424244 0.213779 2.41795 0.294964 3.09554e-05 0.0515563 0.00310585 0.394966 -0.218918 0.320027 -0.171004 
447 0.424775 0.233974 2.45273 0.29387 2.67534e-05 0.0544437 0.00366124 0.394966 -0.218918 0.320027 -0.171004 
448 0.424787 0.259232 2.42204 0.292067 2.40487e-05 0.0571958 0.00392136 0.394966 -0.218918 0.320027 -0.171004 
449 0.423666 0.29066 2.44004 0.2894 2.00131e-05 0.0570525 0.00340073 0.394966 -0.218918 0.320027 -0.171004 
450 0.425019 0.33588 2.5699 0.292024 1.36598e-05 0.0536797 0.00386203 0.394966 -0.218918 0.320027 -0.171004 
451 0.423564 0.145722 2.1094 0.490608 5.26584e-05 0.0392447 0.00332309 0.394966 -0.218918 0.320027 -0.171004 
452 0.424408 0.165159 2.21798 0.487147 4.20215e-05 0.0480304 0.00384259 0.394966 -0.218918 0.320027 -0.171004 
453 0.424769 0.182786 2.31094 0.48591 3.4638e-05 0.0543375 0.00461572 0.394966 -0.218918 0.320027 -0.171004 
454 0.423849 0.202761 2.39158 0.485505 2.88185e-05 0.060252 0.00545814 0.394966 -0.218918 0.320027 -0.171004 
455 0.424262 0.22457 2.431 0.490176 2.42506e-05 0.065707 0.00520284 0.394966 -0.218918 0.320027 -0.171004 
456 0.424253 0.249562 2.43079 0.490266 2.10794e-05 0.0700706 0.0049918 0.394966 -0.218918 0.320027 -0.171004 
457 0.424846 0.281224 2.42589 0.489407 1.76673e-05 0.0720922 0.0051307 0.394966 -0.218918 0.320027 -0.171004 
458 0.423662 0.328846 2.54258 0.488428 1.21838e-05 0.0689591 0.00663171 0.394966 -0.218918 0.320027 -0.171004 
459 0.424273 0.145574 2.10682 0.68418 2.30657e-05 0.040457 0.00569538 0.394966 -0.218918 0.320027 -0.171004 
460 0.423896 0.167155 2.21685 0.686916 1.77404e-05 0.0511316 0.00562595 0.394966 -0.218918 0.320027 -0.171004 
461 0.423941 0.186049 2.29594 0.689339 1.43991e-05 0.0589597 0.00547749 0.394966 -0.218918 0.320027 -0.171004 
462 0.424134 0.204952 2.36457 0.689918 1.19847e-05 0.0651071 0.00554188 0.394966 -0.218918 0.320027 -0.171004 
463 0.423636 0.224294 2.41203 0.691067 1.01128e-05 0.0702874 0.0056344 0.394966 -0.218918 0.320027 -0.171004 
464 0.42386 0.245591 2.40537 0.689289 8.92676e-06 0.0755783 0.00626554 0.394966 -0.218918 0.320027 -0.171004 
465 0.423932 0.271322 2.42782 0.686911 7.53115e-06 0.0786959 0.00723318 0.394966 -0.218918 0.320027 -0.171004 
466 0.423181 0.309308 2.59771 0.669727 5.8969e-06 0.0757309 0.00989828 0.394966 -0.218918 0.320027 -0.171004 
467 0.425303 0.151557 2.14016 0.883972 -1.0541e-06 -0.175898 0.00623798 0.394966 -0.218918 0.320027 -0.171004 
468 0.424903 0.181292 2.29224 0.88155 -7.31081e-07 -0.240077 0.0073291 0.394966 -0.218918 0.320027 -0.171004 
469 0.425845 0.210962 2.42752 0.879018 -4.91146e-07 -0.317227 0.00860692 0.394966 -0.218918 0.320027 -0.171004 
470 0.425435 0.251426 2.57697 0.867774 -1.29759e-07 -1.05071 0.0112209 0.394966 -0.218918 0.320027 -0.171004 
471 0.423966 0.304033 2.86379 0.837549 5.22519e-07 0.220766 0.0627267 0.394966 -0.218918 0.320027 -0.171004 
472 0.429467 0.181016 2.36737 1.0546 -6.62576e-06 0.00254483 0.0152979 0.394966 -0.218918 0.320027 -0.171004 
473 0.47326 0.176834 2.20055 0.141793 2.16356e-05 0.0220956 0.00360431 0.394966 -0.218918 0.320027 -0.171004 
474 0.473502 0.204667 2.29662 0.126353 1.52248e-05 0.0229359 0.00373373 0.394966 -0.218918 0.320027 -0.171004 
475 0.473824 0.223005 2.33424 0.124684 1.3118e-05 0.0241024 0.00379985 0.394966 -0.218918 0.320027 -0.171004 
476 0.473379 0.239011 2.38825 0.121955 1.1223e-05 0.0242518 0.00389255 0.394966 -0.218918 0.320027 -0.171004 
477 0.474153 0.254639 2.41434 0.128735 1.05041e-05 0.0260094 0.00395566 0.394966 -0.218918 0.320027 -0.171004 
478 0.474162 0.273512 2.45068 0.125309 8.95385e-06 0.025563 0.0040214 0.394966 -0.218918 0.320027 -0.171004 
479 0.472894 0.296387 2.48996 0.124007 7.61603e-06 0.0252375 0.00407572 0.394966 -0.218918 0.320027 -0.171004 
480 0.47404 0.333565 2.59738 0.135747 6.01631e-06 0.0264039 0.00471278 0.394966 -0.218918 0.320027 -0.171004 
481 0.473521 0.155622 2.14942 0.311308 4.14583e-05 0.0341164 0.00279151 0.394966 -0.218918 0.320027 -0.171004 
482 0.474181 0.180818 2.26118 0.301529 3.15799e-05 0.0412993 0.0028473 0.394966 -0.218918 0.320027 -0.171004 
483 0.475018 0.199554 2.34332 0.295447 2.59284e-05 0.0447666 0.00309527 0.394966 -0.218918 0.320027 -0.171004 
484 0.473623 0.217958 2.42351 0.29485 2.18686e-05 0.0475723 0.00330656 0.394966 -0.218918 0.320027 -0.171004 
485 0.474738 0.237698 2.44592 0.291077 1.90689e-05 0.0499448 0.00377963 0.394966 -0.218918 0.320027 -0.171004 
486 0.474521 0.261857 2.42214 0.289598 1.71777e-05 0.0524077 0.00385316 0.394966 -0.218918 0.320027 -0.171004 
487 0.474408 0.292512 2.41006 0.289468 1.47425e-05 0.0533741 0.00335108 0.394966 -0.218918 0.320027 -0.171004 
488 0.474522 0.336695 2.55964 0.28917 9.9836e-06 0.0508039 0.0039013 0.394966 -0.218918 0.320027 -0.171004 
489 0.474154 0.146004 2.10294 0.495088 3.9606e-05 0.0379665 0.00353049 0.394966 -0.218918 0.320027 -0.171004 
490 0.474433 0.164831 2.21526 0.487923 3.19173e-05 0.04579 0.00377914 0.394966 -0.218918 0.320027 -0.171004 
491 0.474859 0.181878 2.30931 0.487737 2.62879e-05 0.0516891 0.0044543 0.394966 -0.218918 0.320027 -0.171004 
492 0.475252 0.199607 2.38013 0.486208 2.22449e-05 0.057049 0.00533579 0.394966 -0.218918 0.320027 -0.171004 
493 0.4742 0.220122 2.42699 0.489231 1.89905e-05 0.0625063 0.00620157 0.394966 -0.218918 0.320027 -0.171004 
494 0.474597 0.244324 2.4164 0.488609 1.6776e-05 0.0677805 0.00567902 0.394966 -0.218918 0.320027 -0.171004 
495 0.473838 0.276254 2.4335 0.489177 1.38605e-05 0.070654 0.00543553 0.394966 -0.218918 0.320027 -0.171004 
496 0.473661 0.325184 2.54672 0.479512 9.67798e-06 0.0687974 0.00649738 0.394966 -0.218918 0.320027 -0.171004 
497 0.474954 0.143706 2.09938 0.680776 2.0105e-05 0.0397521 0.00647355 0.394966 -0.218918 0.320027 -0.171004 
498 0.474804 0.163436 2.20228 0.683153 1.58226e-05 0.050012 0.00821583 0.394966 -0.218918 0.320027 -0.171004 
499 0.474029 0.181505 2.29256 0.686915 1.27792e-05 0.0576997 0.007759 0.394966 -0.218918 0.320027 -0.171004 
500 0.474613 0.199597 2.35288 0.683761 1.10078e-05 0.0643899 0.00699626 0.394966 -0.218918 0.320027 -0.171004 
501 0.474332 0.218121 2.39366 0.685758 9.38109e-06 0.0704189 0.00690916 0.394966 -0.218918 0.320027 -0.171004 
502 0.474395 0.238188 2.41129 0.688789 8.00585e-06 0.0760563 0.00698679 0.394966 -0.218918 0.320027 -0.171004 
503 0.474357 0.262391 2.41848 0.683874 7.0417e-06 0.0802847 0.00779891 0.394966 -0.218918 0.320027 -0.171004 
504 0.472508 0.30092 2.6034 0.670979 5.22803e-06 0.0786303 0.0104088 0.394966 -0.218918 0.320027 -0.171004 
505 0.47386 0.153265 2.14548 0.888724 7.32984e-07 0.286854 0.00589398 0.394966 -0.218918 0.320027 -0.171004 
506 0.4742 0.185629 2.29526 0.89038 3.64166e-07 0.532859 0.00645658 0.394966 -0.218918 0.320027 -0.171004 
507 0.474232 0.216372 2.39426 0.885615 3.03896e-07 0.588577 0.00730179 0.394966 -0.218918 0.320027 -0.171004 
508 0.473537 0.255562 2.58761 0.871288 5.31394e-07 0.284442 0.010267 0.394966 -0.218918 0.320027 -0.171004 
509 0.476392 0.176508 2.30353 1.08314 -5.27271e-06 -0.00103503 0.00818626 0.394966 -0.218918 0.320027 -0.171004 
510 0.474738 0.242011 2.79964 1.05234 -2.00017e-06 -0.0101535 0.0418023 0.394966 -0.218918 0.320027 -0.171004 
511 0.523927 0.178834 2.20244 0.137775 1.4985e-05 0.01927 0.00413172 0.394966 -0.218918 0.320027 -0.171004 
512 0.523372 0.206438 2.30292 0.132206 1.12536e-05 0.0213501 0.00416056 0.394966 -0.218918 0.320027 -0.171004 
513 0.524513 0.22263 2.34049 0.130018 9.72996e-06 0.0222005 0.00421895 0.394966 -0.218918 0.320027 -0.171004 
514 0.522982 0.23802 2.35186 0.12194 8.47524e-06 0.021876 0.00433051 0.394966 -0.218918 0.320027 -0.171004 
515 0.524296 0.253915 2.389 0.124063 7.55839e-06 0.0226889 0.004399 0.394966 -0.218918 0.320027 -0.171004 
516 0.523503 0.270922 2.46081 0.126667 6.57762e-06 0.0232449 0.0044498 0.394966 -0.218918 0.320027 -0.171004 
517 0.523156 0.293281 2.45533 0.134394 6.20155e-06 0.025019 0.00455609 0.394966 -0.218918 0.320027 -0.171004 
518 0.523053 0.330604 2.5944 0.139347 4.56604e-06 0.0251923 0.00533778 0.394966 -0.218918 0.320027 -0.171004 
519 0.52359 0.156697 2.14918 0.310545 3.03358e-05 0.0312894 0.00314865 0.394966 -0.218918 0.320027 -0.171004 
520 0.523907 0.182311 2.25371 0.304965 2.33557e-05 0.0384233 0.00319364 0.394966 -0.218918 0.320027 -0.171004 
521 0.523414 0.201164 2.33748 0.299806 1.92954e-05 0.0417375 0.00331972 0.394966 -0.218918 0.320027 -0.171004 
522 0.523957 0.218934 2.41056 0.29776 1.62177e-05 0.0441101 0.00363012 0.394966 -0.218918 0.320027 -0.171004 
523 0.524793 0.238303 2.44307 0.296424 1.4096e-05 0.0465246 0.00402016 0.394966 -0.218918 0.320027 -0.171004 
524 0.523932 0.263292 2.4165 0.288988 1.26513e-05 0.0484803 0.0039783 0.394966 -0.218918 0.320027 -0.171004 
525 0.523965 0.294733 2.43379 0.291089 1.05343e-05 0.0498048 0.0036938 0.394966 -0.218918 0.320027 -0.171004 
526 0.524628 0.339338 2.58767 0.292008 7.08627e-06 0.0484678 0.00434151 0.394966 -0.218918 0.320027 -0.171004 
527 0.523476 0.147433 2.11104 0.497855 2.98775e-05 0.0367962 0.00381746 0.394966 -0.218918 0.320027 -0.171004 
528 0.523767 0.167315 2.2214 0.487705 2.408e-05 0.0446529 0.00399213 0.394966 -0.218918 0.320027 -0.171004 
529 0.524258 0.183858 2.3124 0.490683 1.98394e-05 0.0501783 0.00440502 0.394966 -0.218918 0.320027 -0.171004 
530 0.524819 0.201796 2.38115 0.486925 1.68603e-05 0.0552891 0.00530594 0.394966 -0.218918 0.320027 -0.171004 
531 0.52405 0.221897 2.42145 0.48664 1.46067e-05 0.0604696 0.00621248 0.394966 -0.218918 0.320027 -0.171004 
532 0.523696 0.245885 2.43463 0.487097 1.26792e-05 0.0652619 0.0067869 0.394966 -0.218918 0.320027 -0.171004 
533 0.524772 0.276771 2.43681 0.488233 1.06006e-05 0.0688889 0.00597585 0.394966 -0.218918 0.320027 -0.171004 
534 0.521884 0.320036 2.5536 0.474131 7.77875e-06 0.0676463 0.00712341 0.394966 -0.218918 0.320027 -0.171004 
535 0.52497 0.144213 2.10455 0.685002 1.63303e-05 0.0399694 0.00606178 0.394966 -0.218918 0.320027 -0.171004 
536 0.524731 0.16313 2.21134 0.683167 1.31862e-05 0.0494129 0.00820439 0.394966 -0.218918 0.320027 -0.171004 
537 0.52498 0.180372 2.28303 0.685363 1.09631e-05 0.0575191 0.00935724 0.394966 -0.218918 0.320027 -0.171004 
538 0.524447 0.199297 2.3704 0.688235 8.93929e-06 0.0642859 0.00919781 0.394966 -0.218918 0.320027 -0.171004 
539 0.52451 0.219489 2.41573 0.685824 7.70594e-06 0.070858 0.00830355 0.394966 -0.218918 0.320027 -0.171004 
540 0.523922 0.240963 2.43193 0.68551 6.70234e-06 0.0768856 0.00819082 0.394966 -0.218918 0.320027 -0.171004 
541 0.523914 0.271418 2.50166 0.675643 5.54612e-06 0.0802002 0.00904613 0.394966 -0.218918 0.320027 -0.171004 
542 0.522567 0.311728 2.73992 0.659132 3.94077e-06 0.0777221 0.0212658 0.394966 -0.218918 0.320027 -0.171004 
543 0.524058 0.156354 2.16241 0.892961 1.6677e-06 0.128474 0.00641581 0.394966 -0.218918 0.320027 -0.171004 
544 0.523725 0.195368 2.32543 0.892573 1.05318e-06 0.189236 0.00639836 0.394966 -0.218918 0.320027 -0.171004 
545 0.522569 0.238709 2.53285 0.87732 9.92838e-07 0.170709 0.00809251 0.394966 -0.218918 0.320027 -0.171004 
546 0.524645 0.169418 2.24918 1.10042 -4.09703e-06 -0.00569172 0.0066169 0.394966 -0.218918 0.320027 -0.171004 
547 0.523378 0.224513 2.69523 1.06133 -1.54104e-06 -0.0222182 0.0189645 0.394966 -0.218918 0.320027 -0.171004 
548 0.573376 0.181315 2.22135 0.137225 1.06154e-05 0.0171295 0.00460974 0.394966 -0.218918 0.320027 -0.171004 
549 0.573926 0.20654 2.2708 0.132602 8.5338e-06 0.0192609 0.00468126 0.394966 -0.218918 0.320027 -0.171004 
550 0.573891 0.222475 2.32609 0.131586 7.35565e-06 0.0201359 0.00488306 0.394966 -0.218918 0.320027 -0.171004 
551 0.573389 0.236208 2.37751 0.12697 6.30716e-06 0.0200549 0.00496863 0.394966 -0.218918 0.320027 -0.171004 
552 0.573124 0.25138 2.40996 0.123366 5.50469e-06 0.0200962 0.00492219 0.394966 -0.218918 0.320027 -0.171004 
553 0.574388 0.269432 2.43706 0.121571 4.77399e-06 0.0203386 0.00500934 0.394966 -0.218918 0.320027 -0.171004 
554 0.574333 0.291273 2.51371 0.125029 4.04147e-06 0.0210465 0.00509789 0.394966 -0.218918 0.320027 -0.171004 
555 0.573689 0.328471 2.58331 0.137655 3.38018e-06 0.0232576 0.00616504 0.394966 -0.218918 0.320027 -0.171004 
556 0.573734 0.159023 2.15953 0.313082 2.21673e-05 0.0290114 0.00347326 0.394966 -0.218918 0.320027 -0.171004 
557 0.573352 0.185587 2.26709 0.303969 1.69325e-05 0.0353121 0.00349832 0.394966 -0.218918 0.320027 -0.171004 
558 0.574158 0.205148 2.33389 0.297341 1.40518e-05 0.0385159 0.00373807 0.394966 -0.218918 0.320027 -0.171004 
559 0.573794 0.221859 2.40616 0.294247 1.19267e-05 0.0403483 0.00405034 0.394966 -0.218918 0.320027 -0.171004 
560 0.575135 0.240763 2.42783 0.291462 1.04575e-05 0.0425824 0.00411542 0.394966 -0.218918 0.320027 -0.171004 
561 0.574461 0.263114 2.43607 0.2916 9.26974e-06 0.0447929 0.00429097 0.394966 -0.218918 0.320027 -0.171004 
562 0.573923 0.291266 2.43026 0.292943 8.07277e-06 0.0467084 0.00401784 0.394966 -0.218918 0.320027 -0.171004 
563 0.572712 0.332096 2.58 0.288661 5.59401e-06 0.0457197 0.00457599 0.394966 -0.218918 0.320027 -0.171004 
564 0.572708 0.148269 2.11158 0.506615 2.28759e-05 0.0352623 0.00423917 0.394966 -0.218918 0.320027 -0.171004 
565 0.574405 0.167571 2.19987 0.489911 1.8973e-05 0.0426979 0.00431518 0.394966 -0.218918 0.320027 -0.171004 
566 0.574742 0.183435 2.2973 0.491074 1.56389e-05 0.0474332 0.00471983 0.394966 -0.218918 0.320027 -0.171004 
567 0.574872 0.199638 2.3849 0.484965 1.32239e-05 0.0511626 0.00528056 0.394966 -0.218918 0.320027 -0.171004 
568 0.574632 0.217899 2.43218 0.488564 1.14002e-05 0.0561179 0.00609113 0.394966 -0.218918 0.320027 -0.171004 
569 0.574815 0.239192 2.43049 0.487645 1.01974e-05 0.0612347 0.00760628 0.394966 -0.218918 0.320027 -0.171004 
570 0.573538 0.265687 2.43513 0.487042 8.86724e-06 0.0652577 0.00685778 0.394966 -0.218918 0.320027 -0.171004 
571 0.572515 0.307498 2.59831 0.477532 6.17727e-06 0.0652686 0.00704147 0.394966 -0.218918 0.320027 -0.171004 
572 0.574265 0.145118 2.10262 0.683178 1.3796e-05 0.0396774 0.00570237 0.394966 -0.218918 0.320027 -0.171004 
573 0.574222 0.165822 2.22167 0.681486 1.08688e-05 0.0495705 0.00727929 0.394966 -0.218918 0.320027 -0.171004 
574 0.574156 0.186069 2.3275 0.68323 8.65973e-06 0.0577638 0.00958736 0.394966 -0.218918 0.320027 -0.171004 
575 0.574779 0.209213 2.39787 0.685177 7.02032e-06 0.0665447 0.00955068 0.394966 -0.218918 0.320027 -0.171004 
576 0.57433 0.23427 2.43459 0.684577 5.89835e-06 0.0743291 0.00863567 0.394966 -0.218918 0.320027 -0.171004 
577 0.573272 0.271284 2.57566 0.670919 4.50507e-06 0.0779329 0.0100546 0.394966 -0.218918 0.320027 -0.171004 
578 0.574166 0.150028 2.13293 0.980835 -6.07e-07 -0.192874 0.00612257 0.394966 -0.218918 0.320027 -0.171004 
579 0.573966 0.179917 2.2843 0.959459 2.30427e-08 5.73731 0.00615673 0.394966 -0.218918 0.320027 -0.171004 
580 0.572909 0.217979 2.51613 0.916037 7.68459e-07 0.182576 0.00698987 0.394966 -0.218918 0.320027 -0.171004 
581 0.570453 0.269632 2.8035 0.846484 1.27611e-06 0.109264 0.041524 0.394966 -0.218918 0.320027 -0.171004 
582 0.622925 0.181591 2.20901 0.136996 7.995e-06 0.0153772 0.00551178 0.394966 -0.218918 0.320027 -0.171004 
583 0.625271 0.207491 2.29228 0.128599 5.94349e-06 0.0166804 0.00557266 0.394966 -0.218918 0.320027 -0.171004 
584 0.624243 0.224182 2.33507 0.125768 5.13906e-06 0.0174767 0.00557568 0.394966 -0.218918 0.320027 -0.171004 
585 0.62605 0.238076 2.3764 0.128712 4.62454e-06 0.0185514 0.00574125 0.394966 -0.218918 0.320027 -0.171004 
586 0.623796 0.252712 2.38292 0.129761 4.3519e-06 0.0195657 0.00580529 0.394966 -0.218918 0.320027 -0.171004 
587 0.62254 0.267664 2.4363 0.129541 3.8327e-06 0.0199645 0.00601691 0.394966 -0.218918 0.320027 -0.171004 
588 0.623706 0.28819 2.4839 0.128417 3.23288e-06 0.0202945 0.00599036 0.394966 -0.218918 0.320027 -0.171004 
589 0.621272 0.32234 2.61788 0.135962 2.52259e-06 0.0217977 0.0067784 0.394966 -0.218918 0.320027 -0.171004 
590 0.623068 0.160998 2.15726 0.315803 1.67552e-05 0.0271197 0.00408346 0.394966 -0.218918 0.320027 -0.171004 
591 0.624326 0.187166 2.27588 0.307516 1.25546e-05 0.0325657 0.00416796 0.394966 -0.218918 0.320027 -0.171004 
592 0.623766 0.205256 2.33972 0.30406 1.06566e-05 0.035728 0.00427699 0.394966 -0.218918 0.320027 -0.171004 
593 0.624654 0.220539 2.40464 0.298333 9.08202e-06 0.0372238 0.0045428 0.394966 -0.218918 0.320027 -0.171004 
594 0.623997 0.238078 2.44255 0.290272 7.91742e-06 0.0387004 0.00464953 0.394966 -0.218918 0.320027 -0.171004 
595 0.624073 0.258049 2.43682 0.292305 7.20478e-06 0.0414937 0.00479463 0.394966 -0.218918 0.320027 -0.171004 
596 0.623319 0.281483 2.43444 0.291984 6.4147e-06 0.0436117 0.00452047 0.394966 -0.218918 0.320027 -0.171004 
597 0.621109 0.314848 2.61661 0.283362 4.48541e-06 0.0428112 0.00502921 0.394966 -0.218918 0.320027 -0.171004 
598 0.623601 0.149107 2.11471 0.501095 1.79339e-05 0.0328923 0.00485406 0.394966 -0.218918 0.320027 -0.171004 
599 0.624265 0.168969 2.21607 0.498626 1.43449e-05 0.0403682 0.00502859 0.394966 -0.218918 0.320027 -0.171004 
600 0.624508 0.183527 2.29186 0.490987 1.2338e-05 0.0444747 0.00529994 0.394966 -0.218918 0.320027 -0.171004 
601 0.623878 0.197948 2.36619 0.489431 1.0633e-05 0.0481687 0.00573457 0.394966 -0.218918 0.320027 -0.171004 
602 0.624618 0.213448 2.43015 0.489718 9.1485e-06 0.0518462 0.00631473 0.394966 -0.218918 0.320027 -0.171004 
603 0.623707 0.231186 2.46309 0.483917 8.1623e-06 0.0556096 0.00726472 0.394966 -0.218918 0.320027 -0.171004 
604 0.623423 0.253145 2.44621 0.485128 7.38791e-06 0.0606968 0.00858467 0.394966 -0.218918 0.320027 -0.171004 
605 0.621623 0.289277 2.61534 0.476147 5.2929e-06 0.0622713 0.00799738 0.394966 -0.218918 0.320027 -0.171004 
606 0.623826 0.148111 2.11972 0.687114 1.10119e-05 0.0396558 0.00572479 0.394966 -0.218918 0.320027 -0.171004 
607 0.623619 0.171167 2.25094 0.684529 8.4962e-06 0.0500528 0.0067889 0.394966 -0.218918 0.320027 -0.171004 
608 0.624209 0.195689 2.35282 0.68609 6.63461e-06 0.0600841 0.00912363 0.394966 -0.218918 0.320027 -0.171004 
609 0.624018 0.224657 2.4535 0.683041 5.2008e-06 0.0689639 0.0098467 0.394966 -0.218918 0.320027 -0.171004 
610 0.621564 0.26351 2.65028 0.668893 3.75856e-06 0.073864 0.0128635 0.394966 -0.218918 0.320027 -0.171004 
611 0.624231 0.152548 2.1481 0.968413 5.22289e-07 0.242666 0.00652006 0.394966 -0.218918 0.320027 -0.171004 
612 0.623189 0.195767 2.41242 0.923077 1.10232e-06 0.129521 0.00753063 0.394966 -0.218918 0.320027 -0.171004 
613 0.621481 0.24257 2.76988 0.867716 1.27806e-06 0.0991916 0.0257547 0.394966 -0.218918 0.320027 -0.171004 
614 0.675494 0.185127 2.21746 0.135076 5.66426e-06 0.0136433 0.00570013 0.394966 -0.218918 0.320027 -0.171004 
615 0.673557 0.213738 2.30715 0.12897 4.29567e-06 0.015352 0.00575572 0.394966 -0.218918 0.320027 -0.171004 
616 0.674578 0.232954 2.37381 0.130001 3.62767e-06 0.0166333 0.0058289 0.394966 -0.218918 0.320027 -0.171004 
617 0.674749 0.252024 2.41573 0.128214 3.10682e-06 0.0174467 0.00593658 0.394966 -0.218918 0.320027 -0.171004 
618 0.674367 0.273327 2.47475 0.127217 2.60775e-06 0.0181697 0.00601127 0.394966 -0.218918 0.320027 -0.171004 
619 0.66893 0.306752 2.68794 0.126652 1.82522e-06 0.0184896 0.00779321 0.394966 -0.218918 0.320027 -0.171004 
620 0.673139 0.160395 2.15386 0.313827 1.28372e-05 0.0236644 0.00496712 0.394966 -0.218918 0.320027 -0.171004 
621 0.673764 0.185162 2.25386 0.306498 9.91714e-06 0.0288168 0.00498994 0.394966 -0.218918 0.320027 -0.171004 
622 0.673886 0.201937 2.30594 0.302054 8.52637e-06 0.0317196 0.00516799 0.394966 -0.218918 0.320027 -0.171004 
623 0.673989 0.216263 2.35825 0.300373 7.46467e-06 0.0338087 0.00525419 0.394966 -0.218918 0.320027 -0.171004 
624 0.672803 0.231092 2.42606 0.294861 6.43069e-06 0.0349836 0.00550271 0.394966 -0.218918 0.320027 -0.171004 
625 0.674147 0.246863 2.43839 0.293754 5.80348e-06 0.0371719 0.00569426 0.394966 -0.218918 0.320027 -0.171004 
626 0.672335 0.265832 2.48239 0.288245 5.03816e-06 0.0383571 0.00570405 0.394966 -0.218918 0.320027 -0.171004 
627 0.669956 0.296552 2.67809 0.283176 3.56212e-06 0.0388136 0.00621804 0.394966 -0.218918 0.320027 -0.171004 
628 0.673672 0.150453 2.12496 0.501347 1.38873e-05 0.03018 0.00547686 0.394966 -0.218918 0.320027 -0.171004 
629 0.67405 0.169592 2.2114 0.496606 1.13756e-05 0.0370677 0.00554533 0.394966 -0.218918 0.320027 -0.171004 
630 0.674099 0.184509 2.27919 0.49467 9.77351e-06 0.0416553 0.00570842 0.394966 -0.218918 0.320027 -0.171004 
631 0.674094 0.199057 2.36063 0.490638 8.34406e-06 0.0449686 0.00624893 0.394966 -0.218918 0.320027 -0.171004 
632 0.67346 0.214675 2.43981 0.491338 7.11064e-06 0.0484392 0.00711353 0.394966 -0.218918 0.320027 -0.171004 
633 0.672835 0.233756 2.4695 0.485637 6.30635e-06 0.0527057 0.0082184 0.394966 -0.218918 0.320027 -0.171004 
634 0.671678 0.263992 2.6178 0.476864 4.73685e-06 0.0558649 0.00953286 0.394966 -0.218918 0.320027 -0.171004 
635 0.663654 0.307429 2.86758 0.453457 3.17681e-06 0.0571313 0.0370004 0.394966 -0.218918 0.320027 -0.171004 
636 0.673985 0.152713 2.14403 0.688661 8.69916e-06 0.0392809 0.00561378 0.394966 -0.218918 0.320027 -0.171004 
637 0.674477 0.182379 2.30173 0.682144 6.37179e-06 0.0514813 0.00703375 0.394966 -0.218918 0.320027 -0.171004 
638 0.673189 0.215645 2.47561 0.680424 4.54206e-06 0.0618032 0.0102066 0.394966 -0.218918 0.320027 -0.171004 
639 0.669782 0.254699 2.73889 0.660072 3.15399e-06 0.0666829 0.0229302 0.394966 -0.218918 0.320027 -0.171004 
640 0.673552 0.157084 2.18233 0.941516 1.4668e-06 0.0924228 0.00713153 0.394966 -0.218918 0.320027 -0.171004 
641 0.670876 0.203591 2.52982 0.883076 1.62267e-06 0.084817 0.0154001 0.394966 -0.218918 0.320027 -0.171004 
642 0.323911 0.251741 3.18417 0.128338 1.58422e-05 0.0287487 0.00551811 0.394966 -0.218918 0.320027 -0.171004 
643 0.324901 0.275181 3.31898 0.127015 1.24254e-05 0.0283525 0.00591771 0.394966 -0.218918 0.320027 -0.171004 
644 0.32461 0.293638 3.381 0.119949 1.02591e-05 0.0267741 0.00587372 0.394966 -0.218918 0.320027 -0.171004 
645 0.323996 0.313487 3.34314 0.117477 9.33636e-06 0.0264294 0.00592984 0.394966 -0.218918 0.320027 -0.171004 
646 0.324808 0.333936 3.34841 0.11575 8.14259e-06 0.0253169 0.0060448 0.394966 -0.218918 0.320027 -0.171004 
647 0.324756 0.355579 3.42818 0.116957 6.86502e-06 0.0240947 0.00609338 0.394966 -0.218918 0.320027 -0.171004 
648 0.323953 0.382434 3.51907 0.125006 5.87057e-06 0.0236977 0.00611984 0.394966 -0.218918 0.320027 -0.171004 
649 0.323964 0.419843 3.62808 0.134605 4.62499e-06 0.0228235 0.0069772 0.394966 -0.218918 0.320027 -0.171004 
650 0.324331 0.246811 3.21347 0.28897 2.61048e-05 0.0502749 0.00585568 0.394966 -0.218918 0.320027 -0.171004 
651 0.324726 0.270397 3.38099 0.288777 2.02766e-05 0.0501514 0.0068024 0.394966 -0.218918 0.320027 -0.171004 
652 0.324879 0.288203 3.46567 0.288711 1.73151e-05 0.0499234 0.00758122 0.394966 -0.218918 0.320027 -0.171004 
653 0.324193 0.308683 3.36379 0.291936 1.67199e-05 0.0521113 0.00862887 0.394966 -0.218918 0.320027 -0.171004 
654 0.324725 0.333889 3.34651 0.292241 1.46238e-05 0.0509823 0.00787367 0.394966 -0.218918 0.320027 -0.171004 
655 0.325232 0.360723 3.4263 0.293823 1.18055e-05 0.0478605 0.00777435 0.394966 -0.218918 0.320027 -0.171004 
656 0.324481 0.390446 3.48558 0.290162 9.52117e-06 0.0441948 0.00729633 0.394966 -0.218918 0.320027 -0.171004 
657 0.324233 0.428605 3.65979 0.289888 6.70307e-06 0.0396979 0.00870666 0.394966 -0.218918 0.320027 -0.171004 
658 0.323848 0.247902 3.20875 0.489296 2.06316e-05 0.0539369 0.00903568 0.394966 -0.218918 0.320027 -0.171004 
659 0.323721 0.273415 3.36687 0.490864 1.59412e-05 0.0544547 0.00878424 0.394966 -0.218918 0.320027 -0.171004 
660 0.3241 0.293996 3.4042 0.489605 1.38186e-05 0.0553299 0.00885816 0.394966 -0.218918 0.320027 -0.171004 
661 0.324232 0.31825 3.34303 0.492988 1.2322e-05 0.0562547 0.00887584 0.394966 -0.218918 0.320027 -0.171004 
662 0.323474 0.344257 3.35856 0.493113 1.04665e-05 0.0546407 0.0100536 0.394966 -0.218918 0.320027 -0.171004 
663 0.323475 0.372467 3.45148 0.49422 8.24842e-06 0.0514905 0.010434 0.394966 -0.218918 0.320027 -0.171004 
664 0.323775 0.40671 3.53408 0.49253 6.31339e-06 0.0482594 0.0116661 0.394966 -0.218918 0.320027 -0.171004 
665 0.323941 0.444467 3.76778 0.493169 4.25255e-06 0.0445998 0.0250765 0.394966 -0.218918 0.320027 -0.171004 
666 0.324418 0.259848 3.27721 0.680283 6.8533e-06 0.0490959 0.00792335 0.394966 -0.218918 0.320027 -0.171004 
667 0.324544 0.302938 3.37963 0.678526 4.88324e-06 0.0524419 0.00992552 0.394966 -0.218918 0.320027 -0.171004 
668 0.32547 0.3527 3.42215 0.670873 3.57137e-06 0.0533935 0.0135298 0.394966 -0.218918 0.320027 -0.171004 
669 0.324502 0.402919 3.6429 0.654326 2.56352e-06 0.0502313 0.0256079 0.394966 -0.218918 0.320027 -0.171004 
670 0.332202 0.285616 3.45799 0.843372 -3.39895e-07 -0.13361 0.0330439 0.394966 -0.218918 0.320027 -0.171004 
671 0.375162 0.254181 3.20384 0.125569 1.02337e-05 0.0243689 0.00610758 0.394966 -0.218918 0.320027 -0.171004 
672 0.374466 0.278926 3.31567 0.123468 8.1741e-06 0.0244041 0.0062985 0.394966 -0.218918 0.320027 -0.171004 
673 0.374097 0.297612 3.36377 0.122192 7.09697e-06 0.0242515 0.00638829 0.394966 -0.218918 0.320027 -0.171004 
674 0.373942 0.316557 3.34742 0.119923 6.38821e-06 0.0239657 0.00668369 0.394966 -0.218918 0.320027 -0.171004 
675 0.374462 0.336374 3.35593 0.120681 5.70284e-06 0.0236838 0.00657542 0.394966 -0.218918 0.320027 -0.171004 
676 0.374004 0.357313 3.41739 0.123893 4.9787e-06 0.0233582 0.00667288 0.394966 -0.218918 0.320027 -0.171004 
677 0.373484 0.381615 3.51388 0.125272 4.0986e-06 0.0223826 0.00670984 0.394966 -0.218918 0.320027 -0.171004 
678 0.374103 0.420099 3.64728 0.138532 3.22274e-06 0.0227791 0.00783076 0.394966 -0.218918 0.320027 -0.171004 
679 0.374408 0.245941 3.19704 0.291541 1.85448e-05 0.0457142 0.00590644 0.394966 -0.218918 0.320027 -0.171004 
680 0.373268 0.269215 3.35512 0.293049 1.47049e-05 0.0464304 0.00676455 0.394966 -0.218918 0.320027 -0.171004 
681 0.37335 0.287549 3.44232 0.290522 1.24821e-05 0.0463605 0.00719986 0.394966 -0.218918 0.320027 -0.171004 
682 0.37474 0.309689 3.35966 0.290267 1.16164e-05 0.0481961 0.00857421 0.394966 -0.218918 0.320027 -0.171004 
683 0.373773 0.334126 3.35191 0.288151 1.02524e-05 0.0476022 0.00795007 0.394966 -0.218918 0.320027 -0.171004 
684 0.374304 0.359508 3.40719 0.293393 8.53401e-06 0.0462384 0.00708567 0.394966 -0.218918 0.320027 -0.171004 
685 0.374914 0.388667 3.47473 0.288241 6.80343e-06 0.043506 0.00707546 0.394966 -0.218918 0.320027 -0.171004 
686 0.374899 0.427019 3.64994 0.287639 4.78293e-06 0.0404082 0.00801572 0.394966 -0.218918 0.320027 -0.171004 
687 0.374326 0.251829 3.24207 0.488518 1.45274e-05 0.0530049 0.0109836 0.394966 -0.218918 0.320027 -0.171004 
688 0.374723 0.281929 3.41323 0.486609 1.09291e-05 0.054086 0.0105617 0.394966 -0.218918 0.320027 -0.171004 
689 0.373787 0.308709 3.35271 0.488339 9.77939e-06 0.0568203 0.00977171 0.394966 -0.218918 0.320027 -0.171004 
690 0.374146 0.341696 3.36104 0.491467 7.93161e-06 0.0563907 0.0103179 0.394966 -0.218918 0.320027 -0.171004 
691 0.374252 0.37782 3.46986 0.489999 5.95471e-06 0.0536682 0.0109762 0.394966 -0.218918 0.320027 -0.171004 
692 0.374022 0.421099 3.60548 0.48865 4.17828e-06 0.0508607 0.0147683 0.394966 -0.218918 0.320027 -0.171004 
693 0.373784 0.265906 3.29957 0.688893 5.25898e-06 0.053607 0.00733286 0.394966 -0.218918 0.320027 -0.171004 
694 0.373484 0.321864 3.34316 0.689187 3.51611e-06 0.0595635 0.00906175 0.394966 -0.218918 0.320027 -0.171004 
695 0.373077 0.381371 3.52998 0.672898 2.39064e-06 0.0579809 0.0141285 0.394966 -0.218918 0.320027 -0.171004 
696 0.376892 0.289282 3.40305 0.875528 -2.77575e-07 -0.17725 0.0136826 0.394966 -0.218918 0.320027 -0.171004 
697 0.423731 0.254899 3.19812 0.132106 7.54555e-06 0.0225836 0.00657574 0.394966 -0.218918 0.320027 -0.171004 
698 0.424105 0.281549 3.31476 0.126246 5.75611e-06 0.0221955 0.00654485 0.394966 -0.218918 0.320027 -0.171004 
699 0.424989 0.301816 3.3408 0.128281 5.11115e-06 0.022875 0.0067051 0.394966 -0.218918 0.320027 -0.171004 
700 0.42451 0.321319 3.32565 0.121072 4.44409e-06 0.0219294 0.0068734 0.394966 -0.218918 0.320027 -0.171004 
701 0.424514 0.342428 3.38584 0.125175 3.89955e-06 0.0221774 0.00701496 0.394966 -0.218918 0.320027 -0.171004 
702 0.423041 0.366677 3.47381 0.120432 3.12124e-06 0.0207417 0.00710041 0.394966 -0.218918 0.320027 -0.171004 
703 0.423916 0.40394 3.59159 0.132909 2.50799e-06 0.0217369 0.00734263 0.394966 -0.218918 0.320027 -0.171004 
704 0.422079 0.450684 3.8271 0.144768 1.75327e-06 0.0224168 0.0280546 0.394966 -0.218918 0.320027 -0.171004 
705 0.424152 0.247196 3.20772 0.29974 1.31232e-05 0.0421786 0.00615042 0.394966 -0.218918 0.320027 -0.171004 
706 0.423375 0.270539 3.36051 0.293185 1.03363e-05 0.0425144 0.0069143 0.394966 -0.218918 0.320027 -0.171004 
707 0.424319 0.288415 3.43888 0.290287 8.79664e-06 0.0427343 0.0074545 0.394966 -0.218918 0.320027 -0.171004 
708 0.423816 0.310115 3.36353 0.289989 8.29507e-06 0.044859 0.00882989 0.394966 -0.218918 0.320027 -0.171004 
709 0.424685 0.334948 3.34152 0.292823 7.33592e-06 0.0454921 0.00752117 0.394966 -0.218918 0.320027 -0.171004 
710 0.42403 0.361908 3.415 0.289561 5.9848e-06 0.0439544 0.00718035 0.394966 -0.218918 0.320027 -0.171004 
711 0.424202 0.390175 3.4886 0.289073 4.81609e-06 0.04262 0.00707666 0.394966 -0.218918 0.320027 -0.171004 
712 0.424078 0.427692 3.64141 0.289899 3.46719e-06 0.0410669 0.00828748 0.394966 -0.218918 0.320027 -0.171004 
713 0.424518 0.254188 3.26775 0.486744 1.05516e-05 0.051585 0.0110076 0.394966 -0.218918 0.320027 -0.171004 
714 0.423941 0.287185 3.41857 0.489553 7.89189e-06 0.0539148 0.0111274 0.394966 -0.218918 0.320027 -0.171004 
715 0.424253 0.320884 3.34267 0.487216 6.89841e-06 0.0573248 0.0103725 0.394966 -0.218918 0.320027 -0.171004 
716 0.424067 0.360241 3.41757 0.489886 5.18791e-06 0.0565658 0.0103872 0.394966 -0.218918 0.320027 -0.171004 
717 0.424427 0.410175 3.57979 0.484632 3.47739e-06 0.0543885 0.0122473 0.394966 -0.218918 0.320027 -0.171004 
718 0.424424 0.260318 3.28758 0.775836 2.40652e-06 0.0642842 0.00664486 0.394966 -0.218918 0.320027 -0.171004 
719 0.423924 0.306406 3.38841 0.757554 1.95415e-06 0.0695002 0.00777902 0.394966 -0.218918 0.320027 -0.171004 
720 0.423054 0.367073 3.50318 0.692245 2.0181e-06 0.0643399 0.0121334 0.394966 -0.218918 0.320027 -0.171004 
721 0.473828 0.262489 3.23456 0.12837 4.84141e-06 0.0198619 0.00625941 0.394966 -0.218918 0.320027 -0.171004 
722 0.474107 0.294165 3.34921 0.127318 3.72658e-06 0.0204195 0.00657421 0.394966 -0.218918 0.320027 -0.171004 
723 0.473796 0.32012 3.33276 0.119713 3.12345e-06 0.0198817 0.0067738 0.394966 -0.218918 0.320027 -0.171004 
724 0.47304 0.347333 3.3692 0.124468 2.72925e-06 0.0206126 0.00679006 0.394966 -0.218918 0.320027 -0.171004 
725 0.473365 0.383718 3.51515 0.131821 2.09927e-06 0.0211057 0.0069818 0.394966 -0.218918 0.320027 -0.171004 
726 0.474448 0.427473 3.68676 0.142083 1.5252e-06 0.0221326 0.0127639 0.394966 -0.218918 0.320027 -0.171004 
727 0.474302 0.24811 3.18271 0.300218 9.56275e-06 0.039382 0.00634931 0.394966 -0.218918 0.320027 -0.171004 
728 0.474372 0.271486 3.34533 0.291062 7.39543e-06 0.0393878 0.00709543 0.394966 -0.218918 0.320027 -0.171004 
729 0.47351 0.29023 3.43083 0.293538 6.34596e-06 0.0403813 0.00758294 0.394966 -0.218918 0.320027 -0.171004 
730 0.473847 0.312459 3.35702 0.287904 5.90097e-06 0.0420894 0.00842109 0.394966 -0.218918 0.320027 -0.171004 
731 0.474142 0.337496 3.35498 0.285605 5.13526e-06 0.0424441 0.0074646 0.394966 -0.218918 0.320027 -0.171004 
732 0.474572 0.363763 3.42217 0.288741 4.22872e-06 0.0423172 0.00725855 0.394966 -0.218918 0.320027 -0.171004 
733 0.474095 0.393567 3.49471 0.289808 3.39872e-06 0.0419351 0.00734915 0.394966 -0.218918 0.320027 -0.171004 
734 0.473855 0.430491 3.66193 0.29737 2.45284e-06 0.0419878 0.00954785 0.394966 -0.218918 0.320027 -0.171004 
735 0.474207 0.256859 3.28205 0.483855 7.78067e-06 0.0504135 0.00967678 0.394966 -0.218918 0.320027 -0.171004 
736 0.474052 0.295991 3.40841 0.48952 5.69149e-06 0.0544135 0.0109147 0.394966 -0.218918 0.320027 -0.171004 
737 0.474283 0.340492 3.36664 0.490381 4.55237e-06 0.0579223 0.010048 0.394966 -0.218918 0.320027 -0.171004 
738 0.473581 0.393583 3.51505 0.483444 3.0669e-06 0.0569788 0.0102763 0.394966 -0.218918 0.320027 -0.171004 
739 0.472543 0.449914 3.81313 0.461576 1.86497e-06 0.0549111 0.043452 0.394966 -0.218918 0.320027 -0.171004 
740 0.474348 0.264085 3.311 0.78817 1.9448e-06 0.0677096 0.00683566 0.394966 -0.218918 0.320027 -0.171004 
741 0.473853 0.325508 3.40398 0.726153 1.93395e-06 0.0696133 0.0087052 0.394966 -0.218918 0.320027 -0.171004 
742 0.472676 0.390392 3.66822 0.657028 1.61789e-06 0.0645321 0.0316954 0.394966 -0.218918 0.320027 -0.171004 
743 0.523169 0.266436 3.24704 0.126837 3.34516e-06 0.0179065 0.00623472 0.394966 -0.218918 0.320027 -0.171004 
744 0.523904 0.305757 3.34514 0.127653 2.53245e-06 0.0191149 0.00656112 0.394966 -0.218918 0.320027 -0.171004 
745 0.523874 0.34249 3.38135 0.12309 1.96324e-06 0.0189753 0.00665715 0.394966 -0.218918 0.320027 -0.171004 
746 0.52356 0.393133 3.57586 0.13229 1.3721e-06 0.0201016 0.00722191 0.394966 -0.218918 0.320027 -0.171004 
747 0.523771 0.252063 3.20727 0.304833 6.77034e-06 0.0370509 0.00631421 0.394966 -0.218918 0.320027 -0.171004 
748 0.523736 0.280209 3.39267 0.292765 5.0052e-06 0.037119 0.00679644 0.394966 -0.218918 0.320027 -0.171004 
749 0.52394 0.306379 3.38635 0.289545 4.36063e-06 0.0391518 0.00766507 0.394966 -0.218918 0.320027 -0.171004 
750 0.524232 0.336112 3.34311 0.28955 3.83503e-06 0.0409742 0.00727132 0.394966 -0.218918 0.320027 -0.171004 
751 0.524493 0.368103 3.43382 0.2928 3.01338e-06 0.0413652 0.0069095 0.394966 -0.218918 0.320027 -0.171004 
752 0.523975 0.409548 3.57654 0.295396 2.15844e-06 0.0416368 0.00724721 0.394966 -0.218918 0.320027 -0.171004 
753 0.522572 0.455873 3.84848 0.298278 1.37216e-06 0.0420152 0.0318409 0.394966 -0.218918 0.320027 -0.171004 
754 0.524047 0.259353 3.2965 0.486402 5.75416e-06 0.0492031 0.00822912 0.394966 -0.218918 0.320027 -0.171004 
755 0.524678 0.305755 3.37853 0.488066 4.19731e-06 0.0550768 0.00996 0.394966 -0.218918 0.320027 -0.171004 
756 0.523411 0.361271 3.42692 0.487359 2.99765e-06 0.0581315 0.00949993 0.394966 -0.218918 0.320027 -0.171004 
757 0.52142 0.415436 3.64936 0.469708 1.94608e-06 0.0570649 0.0172358 0.394966 -0.218918 0.320027 -0.171004 
758 0.523893 0.270921 3.33992 0.777817 1.79181e-06 0.0679362 0.00761584 0.394966 -0.218918 0.320027 -0.171004 
759 0.522999 0.340368 3.44595 0.69322 1.76274e-06 0.0698309 0.0131248 0.394966 -0.218918 0.320027 -0.171004 
760 0.574462 0.273049 3.25791 0.131692 2.39504e-06 0.0171755 0.00623538 0.394966 -0.218918 0.320027 -0.171004 
761 0.573002 0.321428 3.33618 0.124237 1.68148e-06 0.0176867 0.00646108 0.394966 -0.218918 0.320027 -0.171004 
762 0.57388 0.377877 3.51604 0.129031 1.11369e-06 0.0188659 0.006669 0.394966 -0.218918 0.320027 -0.171004 
763 0.573719 0.451932 3.85464 0.142867 6.24941e-07 0.021548 0.0530009 0.394966 -0.218918 0.320027 -0.171004 
764 0.574052 0.257312 3.23268 0.298642 4.74639e-06 0.0341105 0.00623209 0.394966 -0.218918 0.320027 -0.171004 
765 0.574686 0.291318 3.36968 0.293374 3.54416e-06 0.0361571 0.00679634 0.394966 -0.218918 0.320027 -0.171004 
766 0.574104 0.326486 3.34324 0.290862 3.00619e-06 0.0387948 0.00701603 0.394966 -0.218918 0.320027 -0.171004 
767 0.574388 0.366715 3.43209 0.294815 2.26913e-06 0.0404283 0.00662999 0.394966 -0.218918 0.320027 -0.171004 
768 0.572172 0.413316 3.62424 0.292608 1.53076e-06 0.0406254 0.00893001 0.394966 -0.218918 0.320027 -0.171004 
769 0.573771 0.253131 3.25328 0.601357 3.76462e-06 0.0524413 0.00748457 0.394966 -0.218918 0.320027 -0.171004 
770 0.573795 0.287365 3.43326 0.589912 2.83727e-06 0.0561113 0.00899395 0.394966 -0.218918 0.320027 -0.171004 
771 0.573726 0.329493 3.37104 0.543738 2.61363e-06 0.060502 0.00924914 0.394966 -0.218918 0.320027 -0.171004 
772 0.571512 0.378202 3.56041 0.496148 1.91519e-06 0.0584693 0.011221 0.394966 -0.218918 0.320027 -0.171004 
773 0.62381 0.256896 3.21609 0.244082 3.2444e-06 0.0269082 0.00607885 0.394966 -0.218918 0.320027 -0.171004 
774 0.624245 0.2868 3.37829 0.234916 2.38759e-06 0.0278069 0.00631221 0.394966 -0.218918 0.320027 -0.171004 
775 0.624141 0.311952 3.32809 0.221815 2.09948e-06 0.02886 0.00634588 0.394966 -0.218918 0.320027 -0.171004 
776 0.62356 0.339304 3.35201 0.221518 1.79e-06 0.0303415 0.00640274 0.394966 -0.218918 0.320027 -0.171004 
777 0.622813 0.372669 3.49102 0.228778 1.3818e-06 0.0321646 0.00648493 0.394966 -0.218918 0.320027 -0.171004 
778 0.620143 0.409851 3.72409 0.214979 9.23085e-07 0.0309181 0.012235 0.394966 -0.218918 0.320027 -0.171004 
779 0.623305 0.256444 3.28278 0.588857 2.99504e-06 0.0511139 0.00721889 0.394966 -0.218918 0.320027 -0.171004 
780 0.623484 0.298564 3.41021 0.561146 2.30861e-06 0.0568755 0.0091107 0.394966 -0.218918 0.320027 -0.171004 
781 0.620847 0.351439 3.48894 0.491715 1.84782e-06 0.0580914 0.0110329 0.394966 -0.218918 0.320027 -0.171004 
782 0.673415 0.25065 3.20561 0.417022 3.11933e-06 0.038124 0.00607718 0.394966 -0.218918 0.320027 -0.171004 
783 0.673651 0.276243 3.35761 0.36883 2.39955e-06 0.0374675 0.00630066 0.394966 -0.218918 0.320027 -0.171004 
784 0.673318 0.297326 3.39021 0.326005 2.02916e-06 0.036543 0.00646569 0.394966 -0.218918 0.320027 -0.171004 
785 0.672757 0.322841 3.35012 0.285048 1.73088e-06 0.035663 0.00653482 0.394966 -0.218918 0.320027 -0.171004 
786 0.669993 0.359798 3.54479 0.237005 1.11682e-06 0.0315063 0.00651383 0.394966 -0.218918 0.320027 -0.171004 
787 0.324129 0.318465 4.24863 0.130761 5.51873e-06 0.0215208 0.00712663 0.394966 -0.218918 0.320027 -0.171004 
788 0.324477 0.354519 4.55248 0.124681 3.63663e-06 0.0188987 0.00751425 0.394966 -0.218918 0.320027 -0.171004 
789 0.323851 0.396251 4.56173 0.119642 2.7538e-06 0.0176823 0.00760434 0.394966 -0.218918 0.320027 -0.171004 
790 0.323113 0.45992 4.42025 0.129076 2.15231e-06 0.0179964 0.00902852 0.394966 -0.218918 0.320027 -0.171004 
791 0.324644 0.31036 4.19307 0.288617 9.70082e-06 0.0388839 0.0082185 0.394966 -0.218918 0.320027 -0.171004 
792 0.324604 0.340349 4.4731 0.286965 6.99183e-06 0.0361788 0.00974927 0.394966 -0.218918 0.320027 -0.171004 
793 0.324508 0.375133 4.63471 0.292342 5.26647e-06 0.0348224 0.0117849 0.394966 -0.218918 0.320027 -0.171004 
794 0.324223 0.437648 4.39724 0.289074 4.08049e-06 0.0344105 0.00895959 0.394966 -0.218918 0.320027 -0.171004 
795 0.324615 0.491517 4.50629 0.289915 2.67853e-06 0.0326247 0.020292 0.394966 -0.218918 0.320027 -0.171004 
796 0.324427 0.313236 4.21471 0.577761 5.57462e-06 0.0405466 0.00738698 0.394966 -0.218918 0.320027 -0.171004 
797 0.324501 0.347829 4.52293 0.579191 3.83897e-06 0.0386273 0.00761253 0.394966 -0.218918 0.320027 -0.171004 
798 0.324152 0.393789 4.57724 0.575019 2.83774e-06 0.0392819 0.00816552 0.394966 -0.218918 0.320027 -0.171004 
799 0.323731 0.460031 4.39928 0.526053 2.42241e-06 0.0404252 0.0145329 0.394966 -0.218918 0.320027 -0.171004 
800 0.373283 0.325017 4.30022 0.127995 3.46857e-06 0.0188094 0.00708881 0.394966 -0.218918 0.320027 -0.171004 
801 0.373893 0.371009 4.59788 0.124958 2.21002e-06 0.0173503 0.00730923 0.394966 -0.218918 0.320027 -0.171004 
802 0.37342 0.441219 4.451 0.126563 1.60635e-06 0.0179177 0.00795026 0.394966 -0.218918 0.320027 -0.171004 
803 0.374066 0.313722 4.22318 0.292243 6.53795e-06 0.0361825 0.00749516 0.394966 -0.218918 0.320027 -0.171004 
804 0.373931 0.349376 4.54545 0.290327 4.46475e-06 0.0339641 0.00907474 0.394966 -0.218918 0.320027 -0.171004 
805 0.374401 0.405477 4.516 0.289229 3.26063e-06 0.0347646 0.00890133 0.394966 -0.218918 0.320027 -0.171004 
806 0.374297 0.47274 4.38596 0.289279 2.29634e-06 0.0354745 0.0117243 0.394966 -0.218918 0.320027 -0.171004 
807 0.374456 0.316968 4.24863 0.599191 3.76845e-06 0.0422182 0.00768431 0.394966 -0.218918 0.320027 -0.171004 
808 0.374377 0.358373 4.58006 0.603769 2.43523e-06 0.0412438 0.00781813 0.394966 -0.218918 0.320027 -0.171004 
809 0.373823 0.431368 4.47075 0.550397 1.98637e-06 0.0446707 0.00989738 0.394966 -0.218918 0.320027 -0.171004 
810 0.423888 0.309563 4.17986 0.23729 4.42979e-06 0.0293154 0.00682192 0.394966 -0.218918 0.320027 -0.171004 
811 0.423534 0.336721 4.40668 0.226659 3.26601e-06 0.0277294 0.00720759 0.394966 -0.218918 0.320027 -0.171004 
812 0.424063 0.361153 4.60704 0.220392 2.496e-06 0.0264258 0.00730144 0.394966 -0.218918 0.320027 -0.171004 
813 0.423716 0.395152 4.5796 0.208851 2.02424e-06 0.0263887 0.00756876 0.394966 -0.218918 0.320027 -0.171004 
814 0.424172 0.447578 4.36861 0.223114 1.73097e-06 0.0299059 0.00744177 0.394966 -0.218918 0.320027 -0.171004 
815 0.423698 0.494668 4.56352 0.239468 1.1931e-06 0.031942 0.0179544 0.394966 -0.218918 0.320027 -0.171004 
816 0.424018 0.320343 4.27771 0.612951 2.69969e-06 0.0441125 0.00809898 0.394966 -0.218918 0.320027 -0.171004 
817 0.424173 0.375254 4.59393 0.594356 1.76942e-06 0.0449993 0.00856953 0.394966 -0.218918 0.320027 -0.171004 
818 0.423882 0.453796 4.41072 0.517694 1.49989e-06 0.0494115 0.0172019 0.394966 -0.218918 0.320027 -0.171004 
819 0.474396 0.306488 4.15626 0.383159 3.72056e-06 0.0379429 0.00695261 0.394966 -0.218918 0.320027 -0.171004 
820 0.473614 0.329781 4.34416 0.368426 2.95633e-06 0.0372069 0.00718467 0.394966 -0.218918 0.320027 -0.171004 
821 0.474023 0.349236 4.53913 0.357573 2.3711e-06 0.0359172 0.00731349 0.394966 -0.218918 0.320027 -0.171004 
822 0.47386 0.37274 4.63196 0.334388 1.96236e-06 0.0351697 0.00768207 0.394966 -0.218918 0.320027 -0.171004 
823 0.474252 0.407624 4.53302 0.315324 1.67094e-06 0.0365134 0.00747455 0.394966 -0.218918 0.320027 -0.171004 
824 0.473736 0.460014 4.39411 0.300922 1.30147e-06 0.0385612 0.00751523 0.394966 -0.218918 0.320027 -0.171004 
825 0.474073 0.516818 4.8524 0.255196 6.47487e-07 0.0345472 0.057306 0.394966 -0.218918 0.320027 -0.171004 
826 0.523805 0.310212 4.19037 0.39138 2.64273e-06 0.0370091 0.00690054 0.394966 -0.218918 0.320027 -0.171004 
827 0.523723 0.337838 4.42243 0.367586 1.98741e-06 0.0358721 0.00717501 0.394966 -0.218918 0.320027 -0.171004 
828 0.524233 0.364361 4.61498 0.348732 1.52685e-06 0.0350109 0.00737239 0.394966 -0.218918 0.320027 -0.171004 
829 0.523639 0.404854 4.53974 0.319974 1.24647e-06 0.0364744 0.00728086 0.394966 -0.218918 0.320027 -0.171004 
830 0.52347 0.462647 4.40005 0.287499 9.19133e-07 0.0378065 0.00868178 0.394966 -0.218918 0.320027 -0.171004 
831 0.574156 0.314393 4.22508 0.391023 1.89363e-06 0.0357485 0.0067494 0.394966 -0.218918 0.320027 -0.171004 
832 0.57372 0.348067 4.51923 0.362147 1.32466e-06 0.0345225 0.00704996 0.394966 -0.218918 0.320027 -0.171004 
833 0.573504 0.389534 4.59025 0.328759 9.90605e-07 0.035338 0.00712968 0.394966 -0.218918 0.320027 -0.171004 
834 0.572247 0.45137 4.42745 0.269223 7.01858e-07 0.0350669 0.00930112 0.394966 -0.218918 0.320027 -0.171004 
835 0.623965 0.320346 4.27175 0.39242 1.35517e-06 0.0355678 0.00664275 0.394966 -0.218918 0.320027 -0.171004 
836 0.623761 0.366883 4.59348 0.348216 8.57337e-07 0.0351115 0.00687251 0.394966 -0.218918 0.320027 -0.171004 
837 0.622008 0.426226 4.52499 0.270016 5.7894e-07 0.0340856 0.0100519 0.394966 -0.218918 0.320027 -0.171004 
838 0.673602 0.32728 4.33385 0.380689 9.59339e-07 0.0345827 0.0065413 0.394966 -0.218918 0.320027 -0.171004 
839 0.672668 0.387058 4.65592 0.301054 5.34164e-07 0.0331262 0.00844163 0.394966 -0.218918 0.320027 -0.171004 
840 0.324107 0.38285 5.19098 0.33683 3.88175e-06 0.031198 0.00784791 0.394966 -0.218918 0.320027 -0.171004 
841 0.324153 0.410104 5.37557 0.320325 3.01598e-06 0.0293084 0.0080061 0.394966 -0.218918 0.320027 -0.171004 
842 0.323986 0.432123 5.46796 0.317421 2.52185e-06 0.0286562 0.00814898 0.394966 -0.218918 0.320027 -0.171004 
843 0.3238 0.456541 5.49245 0.302995 2.12234e-06 0.027984 0.00824679 0.394966 -0.218918 0.320027 -0.171004 
844 0.323635 0.493639 5.53564 0.301346 1.62093e-06 0.0280648 0.00838534 0.394966 -0.218918 0.320027 -0.171004 
845 0.324053 0.539377 5.62205 0.289524 1.10702e-06 0.0282753 0.0155546 0.394966 -0.218918 0.320027 -0.171004 
846 0.373957 0.385824 5.20751 0.340397 2.64923e-06 0.0310873 0.00775307 0.394966 -0.218918 0.320027 -0.171004 
847 0.374132 0.417181 5.41402 0.324306 1.9834e-06 0.0297684 0.00789167 0.394966 -0.218918 0.320027 -0.171004 
848 0.37387 0.444488 5.48167 0.312657 1.61751e-06 0.0295996 0.00818984 0.394966 -0.218918 0.320027 -0.171004 
849 0.373739 0.484083 5.5277 0.300532 1.21533e-06 0.030003 0.00808521 0.394966 -0.218918 0.320027 -0.171004 
850 0.373938 0.535103 5.61303 0.292203 8.09421e-07 0.0314531 0.01432 0.394966 -0.218918 0.320027 -0.171004 
851 0.423906 0.390134 5.24086 0.349299 1.8155e-06 0.0313222 0.00772263 0.394966 -0.218918 0.320027 -0.171004 
852 0.42443 0.426423 5.44882 0.322921 1.3092e-06 0.0303419 0.00795006 0.394966 -0.218918 0.320027 -0.171004 
853 0.424251 0.465812 5.50448 0.30568 9.86669e-07 0.0310907 0.00790655 0.394966 -0.218918 0.320027 -0.171004 
854 0.423934 0.521559 5.58293 0.296665 6.49387e-07 0.0334559 0.0111167 0.394966 -0.218918 0.320027 -0.171004 
855 0.473969 0.39476 5.26173 0.34922 1.25876e-06 0.0314568 0.00755302 0.394966 -0.218918 0.320027 -0.171004 
856 0.474423 0.440111 5.47049 0.320789 8.54058e-07 0.0314694 0.00773237 0.394966 -0.218918 0.320027 -0.171004 
857 0.473883 0.499883 5.54621 0.300827 5.53711e-07 0.0339547 0.0086148 0.394966 -0.218918 0.320027 -0.171004 
858 0.523951 0.399717 5.29191 0.351582 8.82714e-07 0.031681 0.00733588 0.394966 -0.218918 0.320027 -0.171004 
859 0.523769 0.462348 5.50402 0.312224 5.31974e-07 0.0328391 0.00733325 0.394966 -0.218918 0.320027 -0.171004 
860 0.522431 0.532612 5.61976 0.276786 3.03146e-07 0.0349904 0.0187832 0.394966 -0.218918 0.320027 -0.171004 
861 0.573699 0.409507 5.34431 0.347736 6.0387e-07 0.0319825 0.00717506 0.394966 -0.218918 0.320027 -0.171004 
862 0.572829 0.480478 5.53847 0.288216 3.36057e-07 0.0326072 0.00913031 0.394966 -0.218918 0.320027 -0.171004 
863 0.623657 0.421421 5.38491 0.332126 4.10352e-07 0.0330479 0.00694022 0.394966 -0.218918 0.320027 -0.171004 
864 0.619811 0.500688 5.62768 0.228905 1.87665e-07 0.0292713 0.021464 0.394966 -0.218918 0.320027 -0.171004 
865 0.672519 0.420144 5.39434 0.30812 3.04156e-07 0.0317431 0.00819165 0.394966 -0.218918 0.320027 -0.171004 
866 0.324215 0.475893 6.32719 0.314405 1.31809e-06 0.0237259 0.00845553 0.394966 -0.218918 0.320027 -0.171004 
867 0.323944 0.539895 6.66783 0.292475 7.23874e-07 0.023727 0.00861807 0.394966 -0.218918 0.320027 -0.171004 
868 0.3241 0.597546 7.20307 0.282049 3.70739e-07 0.0243953 0.0170383 0.394966 -0.218918 0.320027 -0.171004 
869 0.374143 0.483889 6.37701 0.314662 8.54855e-07 0.0255782 0.00829108 0.394966 -0.218918 0.320027 -0.171004 
870 0.374244 0.562107 6.83825 0.290181 3.98247e-07 0.0271168 0.00928564 0.394966 -0.218918 0.320027 -0.171004 
871 0.423943 0.492801 6.4225 0.314699 5.62543e-07 0.0274687 0.00808277 0.394966 -0.218918 0.320027 -0.171004 
872 0.424142 0.57421 6.94479 0.291088 2.4783e-07 0.0300987 0.0121649 0.394966 -0.218918 0.320027 -0.171004 
873 0.474334 0.50696 6.50203 0.31124 3.52426e-07 0.0293037 0.00773017 0.394966 -0.218918 0.320027 -0.171004 
874 0.473211 0.596373 7.20079 0.27584 1.32707e-07 0.0314926 0.021173 0.394966 -0.218918 0.320027 -0.171004 
875 0.523614 0.514699 6.56723 0.306547 2.36622e-07 0.0302518 0.00802908 0.394966 -0.218918 0.320027 -0.171004 
876 0.573084 0.509747 6.55262 0.300541 1.80975e-07 0.0301359 0.00931391 0.394966 -0.218918 0.320027 -0.171004 
877 0.622465 0.500392 6.51509 0.288174 1.44079e-07 0.0301687 0.0112788 0.394966 -0.218918 0.320027 -0.171004 
878 0.671128 0.484874 6.44132 0.262861 1.18451e-07 0.0277064 0.0156351 0.394966 -0.218918 0.320027 -0.171004 
