0 0.327536 0.0774958 1.10314 0.128725 0.000692108 0.00494937 0.00681184 0.394966 -0.218918 0.306152 -0.162692 
1 0.32918 0.0918359 1.16917 0.122644 0.00053364 0.00661683 0.0064517 0.394966 -0.218918 0.306152 -0.162692 
2 0.326853 0.103451 1.2478 0.126355 0.000453585 0.00802477 0.00655191 0.394966 -0.218918 0.306152 -0.162692 
3 0.327091 0.115949 1.39102 0.127048 0.000336691 0.00879431 0.00653891 0.394966 -0.218918 0.306152 -0.162692 
4 0.326432 0.12862 1.48228 0.118528 0.000261528 0.00925849 0.00678403 0.394966 -0.218918 0.306152 -0.162692 
5 0.325699 0.143762 1.60072 0.127041 0.000220122 0.0108997 0.0067945 0.394966 -0.218918 0.306152 -0.162692 
6 0.326113 0.164808 1.66337 0.121954 0.000179248 0.0122795 0.00694021 0.394966 -0.218918 0.306152 -0.162692 
7 0.325411 0.215818 1.73215 0.148307 0.000159062 0.0186787 0.00949552 0.394966 -0.218918 0.306152 -0.162692 
8 0.324175 0.0738482 1.12061 0.305744 0.00111674 0.00762314 0.00513004 0.394966 -0.218918 0.306152 -0.162692 
9 0.32644 0.0882884 1.21872 0.293624 0.000839025 0.010769 0.0053902 0.394966 -0.218918 0.306152 -0.162692 
10 0.324915 0.102641 1.37051 0.29568 0.000608352 0.0129039 0.00546598 0.394966 -0.218918 0.306152 -0.162692 
11 0.325352 0.117863 1.46933 0.294617 0.000484207 0.0157794 0.0055585 0.394966 -0.218918 0.306152 -0.162692 
12 0.325061 0.134459 1.57972 0.299853 0.000385153 0.0186474 0.00555407 0.394966 -0.218918 0.306152 -0.162692 
13 0.324217 0.159296 1.55229 0.31233 0.000364341 0.0247963 0.00557851 0.394966 -0.218918 0.306152 -0.162692 
14 0.325104 0.192324 1.56366 0.308322 0.000312612 0.0300192 0.00556463 0.394966 -0.218918 0.306152 -0.162692 
15 0.323197 0.246492 1.72711 0.305145 0.000205087 0.0344885 0.00679002 0.394966 -0.218918 0.306152 -0.162692 
16 0.325179 0.0711795 1.14028 0.487554 0.000788098 0.00681387 0.00576148 0.394966 -0.218918 0.306152 -0.162692 
17 0.325328 0.0880678 1.26662 0.493708 0.000554655 0.0109585 0.00585536 0.394966 -0.218918 0.306152 -0.162692 
18 0.325308 0.101965 1.36337 0.494418 0.000439811 0.0141728 0.00590175 0.394966 -0.218918 0.306152 -0.162692 
19 0.324935 0.115243 1.46632 0.492264 0.000357458 0.016773 0.00571707 0.394966 -0.218918 0.306152 -0.162692 
20 0.324904 0.130663 1.53125 0.49254 0.000303325 0.0203152 0.00595168 0.394966 -0.218918 0.306152 -0.162692 
21 0.32386 0.150328 1.58173 0.489945 0.000263345 0.0246109 0.00596823 0.394966 -0.218918 0.306152 -0.162692 
22 0.326012 0.180867 1.56562 0.484445 0.000237049 0.0313316 0.00610422 0.394966 -0.218918 0.306152 -0.162692 
23 0.324214 0.237272 1.68796 0.482348 0.000161849 0.0385259 0.00763676 0.394966 -0.218918 0.306152 -0.162692 
24 0.326387 0.0694764 1.14614 0.678144 0.000223455 0.00701745 0.00922274 0.394966 -0.218918 0.306152 -0.162692 
25 0.325579 0.0850844 1.25513 0.676779 0.000172061 0.0116412 0.00940184 0.394966 -0.218918 0.306152 -0.162692 
26 0.326264 0.0979463 1.36098 0.675224 0.000141159 0.014679 0.00915418 0.394966 -0.218918 0.306152 -0.162692 
27 0.325926 0.110652 1.46658 0.676764 0.000114217 0.0175176 0.00956691 0.394966 -0.218918 0.306152 -0.162692 
28 0.324389 0.125115 1.48345 0.677509 0.000100425 0.0225929 0.00934246 0.394966 -0.218918 0.306152 -0.162692 
29 0.326387 0.142269 1.50482 0.680671 8.41518e-05 0.0285538 0.009563 0.394966 -0.218918 0.306152 -0.162692 
30 0.324056 0.167544 1.48094 0.676887 7.54289e-05 0.0366544 0.00958119 0.394966 -0.218918 0.306152 -0.162692 
31 0.324486 0.215634 1.65816 0.667351 5.45648e-05 0.0444351 0.0114561 0.394966 -0.218918 0.306152 -0.162692 
32 0.328116 0.086658 1.25211 0.8777 -0.000110209 -0.00202631 0.0111895 0.394966 -0.218918 0.306152 -0.162692 
33 0.327767 0.147283 1.57797 0.86348 -4.28862e-05 -0.00807597 0.0146146 0.394966 -0.218918 0.306152 -0.162692 
34 0.374141 0.0836345 1.10915 0.129262 0.000489578 0.00586638 0.00614902 0.394966 -0.218918 0.306152 -0.162692 
35 0.377967 0.0986609 1.20237 0.120465 0.000347861 0.00706028 0.00651714 0.394966 -0.218918 0.306152 -0.162692 
36 0.372837 0.109098 1.27704 0.122007 0.000302276 0.00810138 0.00658485 0.394966 -0.218918 0.306152 -0.162692 
37 0.375737 0.120995 1.36729 0.117216 0.000232922 0.00871031 0.00629513 0.394966 -0.218918 0.306152 -0.162692 
38 0.3769 0.133636 1.45363 0.128393 0.000206407 0.0104834 0.00649587 0.394966 -0.218918 0.306152 -0.162692 
39 0.377379 0.147173 1.52443 0.1172 0.000161865 0.0106663 0.00649232 0.394966 -0.218918 0.306152 -0.162692 
40 0.375872 0.166743 1.63963 0.124589 0.000135334 0.0125911 0.00655001 0.394966 -0.218918 0.306152 -0.162692 
41 0.378404 0.2087 1.75683 0.133978 0.000103662 0.0164613 0.00832184 0.394966 -0.218918 0.306152 -0.162692 
42 0.372259 0.0751708 1.10805 0.30912 0.00084781 0.00849767 0.00534571 0.394966 -0.218918 0.306152 -0.162692 
43 0.375329 0.0890887 1.19057 0.293189 0.000651999 0.011561 0.00543967 0.394966 -0.218918 0.306152 -0.162692 
44 0.374313 0.101331 1.31137 0.299496 0.000499462 0.0136174 0.00551733 0.394966 -0.218918 0.306152 -0.162692 
45 0.374891 0.115304 1.42534 0.292515 0.000386066 0.0157559 0.00550436 0.394966 -0.218918 0.306152 -0.162692 
46 0.376673 0.131766 1.52373 0.292478 0.000306666 0.0186871 0.00555277 0.394966 -0.218918 0.306152 -0.162692 
47 0.375107 0.15209 1.59804 0.298976 0.000257493 0.0226882 0.00574333 0.394966 -0.218918 0.306152 -0.162692 
48 0.37492 0.184104 1.59348 0.302605 0.000230004 0.0290387 0.00554185 0.394966 -0.218918 0.306152 -0.162692 
49 0.375244 0.234226 1.69123 0.30201 0.000165785 0.0352558 0.00634757 0.394966 -0.218918 0.306152 -0.162692 
50 0.374337 0.0724143 1.12458 0.497359 0.000604099 0.0083159 0.00589976 0.394966 -0.218918 0.306152 -0.162692 
51 0.374646 0.0886611 1.24136 0.494411 0.000447995 0.0126379 0.00596568 0.394966 -0.218918 0.306152 -0.162692 
52 0.374428 0.101232 1.31327 0.494906 0.000371802 0.0160305 0.00598381 0.394966 -0.218918 0.306152 -0.162692 
53 0.374201 0.114719 1.43205 0.500088 0.000286011 0.0186271 0.00585792 0.394966 -0.218918 0.306152 -0.162692 
54 0.374795 0.129396 1.49006 0.499362 0.000245737 0.0223967 0.00590628 0.394966 -0.218918 0.306152 -0.162692 
55 0.374125 0.147384 1.56317 0.492745 0.000210777 0.0263501 0.00596006 0.394966 -0.218918 0.306152 -0.162692 
56 0.374505 0.173415 1.57078 0.491127 0.000187443 0.0326824 0.00618528 0.394966 -0.218918 0.306152 -0.162692 
57 0.373854 0.226487 1.66335 0.49122 0.000133665 0.0417728 0.00723273 0.394966 -0.218918 0.306152 -0.162692 
58 0.374436 0.0700339 1.14567 0.684204 0.000194161 0.00812901 0.00861052 0.394966 -0.218918 0.306152 -0.162692 
59 0.375478 0.0859165 1.25336 0.680895 0.000151734 0.0133679 0.00891324 0.394966 -0.218918 0.306152 -0.162692 
60 0.37544 0.0968327 1.32545 0.679685 0.000129888 0.0166833 0.00895475 0.394966 -0.218918 0.306152 -0.162692 
61 0.375151 0.108077 1.41282 0.677153 0.000111906 0.0194142 0.00860112 0.394966 -0.218918 0.306152 -0.162692 
62 0.376766 0.121422 1.48452 0.67814 9.41001e-05 0.0234036 0.00894206 0.394966 -0.218918 0.306152 -0.162692 
63 0.37574 0.137491 1.52832 0.679891 8.04391e-05 0.0287398 0.00886415 0.394966 -0.218918 0.306152 -0.162692 
64 0.374986 0.160213 1.55238 0.682663 6.6898e-05 0.0366088 0.0090047 0.394966 -0.218918 0.306152 -0.162692 
65 0.375384 0.204299 1.65229 0.673171 5.20563e-05 0.0469192 0.00998549 0.394966 -0.218918 0.306152 -0.162692 
66 0.376819 0.0784594 1.21055 0.876897 -6.77201e-05 -0.00523349 0.0109019 0.394966 -0.218918 0.306152 -0.162692 
67 0.377316 0.109757 1.39037 0.873316 -3.86274e-05 -0.0124772 0.0111496 0.394966 -0.218918 0.306152 -0.162692 
68 0.376921 0.15514 1.56732 0.868345 -2.37746e-05 -0.0226123 0.0124816 0.394966 -0.218918 0.306152 -0.162692 
69 0.379146 0.102252 1.37541 1.05737 -9.83816e-05 0.000292401 0.0196152 0.394966 -0.218918 0.306152 -0.162692 
70 0.424912 0.0876023 1.14076 0.139934 0.000349226 0.00654277 0.00599405 0.394966 -0.218918 0.306152 -0.162692 
71 0.422175 0.104925 1.19935 0.124173 0.00026429 0.00796464 0.00627176 0.394966 -0.218918 0.306152 -0.162692 
72 0.423344 0.116027 1.2734 0.128502 0.000224432 0.00921316 0.00601464 0.394966 -0.218918 0.306152 -0.162692 
73 0.425959 0.126504 1.324 0.12179 0.000184587 0.00971257 0.00631651 0.394966 -0.218918 0.306152 -0.162692 
74 0.426409 0.137659 1.42458 0.124921 0.000151969 0.0106077 0.00607696 0.394966 -0.218918 0.306152 -0.162692 
75 0.424734 0.150598 1.52228 0.124936 0.000125387 0.0114327 0.00624726 0.394966 -0.218918 0.306152 -0.162692 
76 0.424701 0.172695 1.66941 0.126384 9.41992e-05 0.0129149 0.00610058 0.394966 -0.218918 0.306152 -0.162692 
77 0.424365 0.210593 1.74566 0.130116 7.62072e-05 0.0161548 0.00763675 0.394966 -0.218918 0.306152 -0.162692 
78 0.424706 0.0784905 1.11785 0.306147 0.000598205 0.00958154 0.00529232 0.394966 -0.218918 0.306152 -0.162692 
79 0.425066 0.0938821 1.2025 0.294916 0.000464397 0.0129859 0.00550617 0.394966 -0.218918 0.306152 -0.162692 
80 0.424604 0.104668 1.25967 0.290503 0.000397486 0.0151898 0.00547647 0.394966 -0.218918 0.306152 -0.162692 
81 0.425224 0.116701 1.36843 0.291201 0.00031159 0.0169808 0.00566642 0.394966 -0.218918 0.306152 -0.162692 
82 0.424059 0.131655 1.48138 0.294124 0.000246914 0.019407 0.00552982 0.394966 -0.218918 0.306152 -0.162692 
83 0.424759 0.151841 1.6032 0.290602 0.000189305 0.0223939 0.00565824 0.394966 -0.218918 0.306152 -0.162692 
84 0.425868 0.180316 1.5827 0.298971 0.000175415 0.0288696 0.00541472 0.394966 -0.218918 0.306152 -0.162692 
85 0.428449 0.231975 1.72961 0.300236 0.000116587 0.0358322 0.00606957 0.394966 -0.218918 0.306152 -0.162692 
86 0.423131 0.0740383 1.11454 0.498207 0.00047875 0.00995681 0.00601497 0.394966 -0.218918 0.306152 -0.162692 
87 0.425219 0.0893773 1.22469 0.498416 0.0003544 0.0142813 0.00629153 0.394966 -0.218918 0.306152 -0.162692 
88 0.424606 0.102022 1.31506 0.495358 0.000289037 0.017479 0.00626995 0.394966 -0.218918 0.306152 -0.162692 
89 0.425035 0.116298 1.38808 0.497896 0.000238485 0.0214198 0.00594068 0.394966 -0.218918 0.306152 -0.162692 
90 0.424053 0.131727 1.49158 0.502829 0.00018938 0.0248411 0.00632623 0.394966 -0.218918 0.306152 -0.162692 
91 0.425306 0.150058 1.56065 0.495571 0.000161711 0.0292717 0.00616458 0.394966 -0.218918 0.306152 -0.162692 
92 0.424028 0.176052 1.54921 0.493942 0.000149325 0.0363554 0.00634267 0.394966 -0.218918 0.306152 -0.162692 
93 0.424055 0.224779 1.68818 0.489648 0.000103627 0.0450365 0.00755166 0.394966 -0.218918 0.306152 -0.162692 
94 0.424683 0.0712131 1.1386 0.686793 0.000171636 0.00986637 0.00836094 0.394966 -0.218918 0.306152 -0.162692 
95 0.42541 0.0873797 1.22908 0.681264 0.000138829 0.0160847 0.0084291 0.394966 -0.218918 0.306152 -0.162692 
96 0.423465 0.0996406 1.32153 0.686655 0.000109281 0.0199902 0.00857651 0.394966 -0.218918 0.306152 -0.162692 
97 0.425148 0.11127 1.39504 0.682024 9.62938e-05 0.0234193 0.00844638 0.394966 -0.218918 0.306152 -0.162692 
98 0.42525 0.123478 1.46395 0.679197 8.46998e-05 0.0269639 0.00867791 0.394966 -0.218918 0.306152 -0.162692 
99 0.424306 0.138394 1.53379 0.679017 7.25034e-05 0.0314136 0.00857252 0.394966 -0.218918 0.306152 -0.162692 
100 0.424904 0.159574 1.55949 0.679329 6.27205e-05 0.039009 0.00866129 0.394966 -0.218918 0.306152 -0.162692 
101 0.426032 0.204109 1.69487 0.674762 4.509e-05 0.050447 0.00939023 0.394966 -0.218918 0.306152 -0.162692 
102 0.425709 0.0741455 1.17929 0.885823 -4.23883e-05 -0.00921323 0.0107492 0.394966 -0.218918 0.306152 -0.162692 
103 0.425875 0.0963729 1.33119 0.880676 -2.34752e-05 -0.0222558 0.0112039 0.394966 -0.218918 0.306152 -0.162692 
104 0.426592 0.117703 1.46642 0.880087 -1.50702e-05 -0.0372214 0.0113139 0.394966 -0.218918 0.306152 -0.162692 
105 0.424868 0.155132 1.60065 0.876063 -1.0644e-05 -0.057772 0.0115642 0.394966 -0.218918 0.306152 -0.162692 
106 0.422766 0.217874 1.87176 0.848715 -1.88875e-06 -0.335028 0.0704159 0.394966 -0.218918 0.306152 -0.162692 
107 0.428215 0.100412 1.36687 1.07376 -7.12596e-05 -0.000671446 0.0123615 0.394966 -0.218918 0.306152 -0.162692 
108 0.472249 0.0903534 1.12961 0.132084 0.000248897 0.00657474 0.00651104 0.394966 -0.218918 0.306152 -0.162692 
109 0.473895 0.107489 1.19805 0.134012 0.000201534 0.00869958 0.00673009 0.394966 -0.218918 0.306152 -0.162692 
110 0.474622 0.119853 1.301 0.133185 0.000156456 0.00959925 0.00672755 0.394966 -0.218918 0.306152 -0.162692 
111 0.475148 0.132673 1.37752 0.123973 0.000121971 0.0100117 0.00658425 0.394966 -0.218918 0.306152 -0.162692 
112 0.474652 0.142686 1.40531 0.131246 0.000118144 0.011568 0.00678881 0.394966 -0.218918 0.306152 -0.162692 
113 0.475708 0.156915 1.51975 0.122901 8.75127e-05 0.0116827 0.00652741 0.394966 -0.218918 0.306152 -0.162692 
114 0.476141 0.178456 1.64096 0.123388 6.76717e-05 0.0131119 0.00675854 0.394966 -0.218918 0.306152 -0.162692 
115 0.476725 0.220237 1.71657 0.133325 5.59519e-05 0.0173725 0.0078432 0.394966 -0.218918 0.306152 -0.162692 
116 0.474834 0.0808361 1.11199 0.310064 0.000445597 0.0106793 0.00534226 0.394966 -0.218918 0.306152 -0.162692 
117 0.474761 0.0977681 1.21827 0.296224 0.000329947 0.0140147 0.00535239 0.394966 -0.218918 0.306152 -0.162692 
118 0.473181 0.112298 1.29042 0.287373 0.000271688 0.016756 0.00556724 0.394966 -0.218918 0.306152 -0.162692 
119 0.475194 0.126471 1.40462 0.292863 0.000209529 0.0191701 0.00569473 0.394966 -0.218918 0.306152 -0.162692 
120 0.474543 0.142995 1.50285 0.293252 0.000168905 0.0219309 0.00574 0.394966 -0.218918 0.306152 -0.162692 
121 0.474387 0.162088 1.59531 0.291644 0.00013701 0.0249306 0.00562467 0.394966 -0.218918 0.306152 -0.162692 
122 0.475447 0.19105 1.61706 0.296074 0.000119381 0.0306668 0.00560343 0.394966 -0.218918 0.306152 -0.162692 
123 0.476072 0.235775 1.71719 0.297968 8.80712e-05 0.0372033 0.00643825 0.394966 -0.218918 0.306152 -0.162692 
124 0.474659 0.0758245 1.11975 0.495376 0.000367839 0.0113384 0.00658819 0.394966 -0.218918 0.306152 -0.162692 
125 0.475189 0.092557 1.23564 0.496011 0.000269911 0.0162685 0.00658109 0.394966 -0.218918 0.306152 -0.162692 
126 0.474114 0.106267 1.32774 0.504494 0.000212491 0.0201091 0.0066419 0.394966 -0.218918 0.306152 -0.162692 
127 0.4738 0.120244 1.41342 0.493044 0.00017991 0.0235289 0.00669199 0.394966 -0.218918 0.306152 -0.162692 
128 0.474159 0.134008 1.525 0.494757 0.000143082 0.0263474 0.00705141 0.394966 -0.218918 0.306152 -0.162692 
129 0.475316 0.150962 1.52529 0.496183 0.000132315 0.0319914 0.0068983 0.394966 -0.218918 0.306152 -0.162692 
130 0.47528 0.177495 1.59694 0.497921 0.000107504 0.0385612 0.00688999 0.394966 -0.218918 0.306152 -0.162692 
131 0.474831 0.228311 1.69211 0.492311 7.90382e-05 0.0492728 0.00800996 0.394966 -0.218918 0.306152 -0.162692 
132 0.474225 0.0730382 1.13445 0.690404 0.000147772 0.0120307 0.00822936 0.394966 -0.218918 0.306152 -0.162692 
133 0.474497 0.0893052 1.2252 0.681475 0.000122284 0.0185167 0.00842355 0.394966 -0.218918 0.306152 -0.162692 
134 0.475328 0.102451 1.30162 0.690213 9.52455e-05 0.023801 0.00822933 0.394966 -0.218918 0.306152 -0.162692 
135 0.474507 0.11475 1.40728 0.688973 7.86549e-05 0.0269088 0.008591 0.394966 -0.218918 0.306152 -0.162692 
136 0.475668 0.1285 1.45261 0.685094 7.07513e-05 0.0320162 0.00857294 0.394966 -0.218918 0.306152 -0.162692 
137 0.47491 0.143382 1.51305 0.683411 6.19028e-05 0.0368267 0.00858547 0.394966 -0.218918 0.306152 -0.162692 
138 0.475797 0.165173 1.57368 0.686742 5.06715e-05 0.0445029 0.00869481 0.394966 -0.218918 0.306152 -0.162692 
139 0.475342 0.206183 1.70738 0.676673 3.87386e-05 0.0549372 0.00985534 0.394966 -0.218918 0.306152 -0.162692 
140 0.474693 0.0726673 1.15749 0.889075 -1.97614e-05 -0.0227919 0.0109003 0.394966 -0.218918 0.306152 -0.162692 
141 0.475127 0.0929595 1.30645 0.889645 -1.06269e-05 -0.0522389 0.0110385 0.394966 -0.218918 0.306152 -0.162692 
142 0.475643 0.111344 1.42001 0.879194 -3.43204e-06 -0.188153 0.0110895 0.394966 -0.218918 0.306152 -0.162692 
143 0.474751 0.132275 1.52205 0.877155 -1.85104e-06 -0.368116 0.011135 0.394966 -0.218918 0.306152 -0.162692 
144 0.476577 0.170224 1.68729 0.871462 2.46522e-07 2.79557 0.013162 0.394966 -0.218918 0.306152 -0.162692 
145 0.47699 0.0834913 1.25541 1.09354 -6.82832e-05 -0.00104382 0.0111803 0.394966 -0.218918 0.306152 -0.162692 
146 0.476069 0.12948 1.5952 1.07555 -2.90168e-05 -0.0044947 0.0163718 0.394966 -0.218918 0.306152 -0.162692 
147 0.523888 0.0956608 1.10573 0.136358 0.000191535 0.00757257 0.00672987 0.394966 -0.218918 0.306152 -0.162692 
148 0.522854 0.11211 1.19637 0.124903 0.000138468 0.00849221 0.00692932 0.394966 -0.218918 0.306152 -0.162692 
149 0.523132 0.123528 1.28571 0.113204 0.000102142 0.00847093 0.00678343 0.394966 -0.218918 0.306152 -0.162692 
150 0.524601 0.136197 1.33923 0.127341 9.72679e-05 0.010623 0.00673745 0.394966 -0.218918 0.306152 -0.162692 
151 0.522159 0.147648 1.40398 0.117993 7.91193e-05 0.0106804 0.00697673 0.394966 -0.218918 0.306152 -0.162692 
152 0.52229 0.161953 1.51692 0.127355 6.68526e-05 0.0123193 0.00693612 0.394966 -0.218918 0.306152 -0.162692 
153 0.522543 0.183608 1.60628 0.132889 5.60418e-05 0.0144675 0.00695062 0.394966 -0.218918 0.306152 -0.162692 
154 0.525819 0.228956 1.77304 0.142019 3.92294e-05 0.0186648 0.00801318 0.394966 -0.218918 0.306152 -0.162692 
155 0.526692 0.0850872 1.13456 0.310655 0.000310863 0.0117597 0.0055293 0.394966 -0.218918 0.306152 -0.162692 
156 0.52423 0.101724 1.19687 0.294434 0.000254257 0.0153699 0.0056516 0.394966 -0.218918 0.306152 -0.162692 
157 0.52538 0.115949 1.31884 0.294305 0.000189945 0.0175714 0.00556618 0.394966 -0.218918 0.306152 -0.162692 
158 0.52427 0.1311 1.41363 0.292084 0.000152828 0.0200851 0.00566657 0.394966 -0.218918 0.306152 -0.162692 
159 0.524146 0.147218 1.48357 0.291902 0.000128629 0.0230174 0.00570117 0.394966 -0.218918 0.306152 -0.162692 
160 0.524352 0.168286 1.54286 0.293548 0.000108869 0.0269837 0.00574687 0.394966 -0.218918 0.306152 -0.162692 
161 0.525659 0.194529 1.58867 0.29618 9.21845e-05 0.0318013 0.00561808 0.394966 -0.218918 0.306152 -0.162692 
162 0.526921 0.241721 1.72931 0.292947 6.31134e-05 0.0380364 0.00669429 0.394966 -0.218918 0.306152 -0.162692 
163 0.524701 0.0783464 1.1116 0.493742 0.000292179 0.0132958 0.00661895 0.394966 -0.218918 0.306152 -0.162692 
164 0.523966 0.0942766 1.20621 0.490265 0.000227205 0.0182846 0.00689985 0.394966 -0.218918 0.306152 -0.162692 
165 0.525178 0.106954 1.32092 0.493722 0.000173183 0.0212323 0.00700407 0.394966 -0.218918 0.306152 -0.162692 
166 0.524495 0.121245 1.42524 0.494016 0.000138031 0.0247199 0.00724179 0.394966 -0.218918 0.306152 -0.162692 
167 0.523614 0.135997 1.49006 0.492243 0.000118736 0.0287886 0.00724757 0.394966 -0.218918 0.306152 -0.162692 
168 0.52582 0.154382 1.53196 0.493102 0.000102687 0.0343389 0.00750157 0.394966 -0.218918 0.306152 -0.162692 
169 0.524592 0.181519 1.58059 0.488987 8.77046e-05 0.0414101 0.00726571 0.394966 -0.218918 0.306152 -0.162692 
170 0.526173 0.228799 1.68968 0.480265 6.38933e-05 0.0514563 0.00869697 0.394966 -0.218918 0.306152 -0.162692 
171 0.525178 0.073955 1.11617 0.694002 0.000130849 0.0142471 0.00881365 0.394966 -0.218918 0.306152 -0.162692 
172 0.524164 0.0904021 1.22199 0.692143 0.000100987 0.0209288 0.00907429 0.394966 -0.218918 0.306152 -0.162692 
173 0.524331 0.1039 1.31251 0.690435 8.29609e-05 0.0257303 0.00926495 0.394966 -0.218918 0.306152 -0.162692 
174 0.526078 0.116888 1.37349 0.689485 7.13629e-05 0.0308569 0.00907953 0.394966 -0.218918 0.306152 -0.162692 
175 0.525409 0.130992 1.447 0.689835 6.04785e-05 0.0357392 0.00897817 0.394966 -0.218918 0.306152 -0.162692 
176 0.523672 0.146737 1.51444 0.692042 5.11876e-05 0.0412446 0.00910793 0.394966 -0.218918 0.306152 -0.162692 
177 0.525779 0.169595 1.59561 0.683911 4.36934e-05 0.0483073 0.00942329 0.394966 -0.218918 0.306152 -0.162692 
178 0.5234 0.208515 1.74607 0.676937 3.25562e-05 0.0583411 0.0117208 0.394966 -0.218918 0.306152 -0.162692 
179 0.524348 0.0739463 1.15501 0.893988 -3.9121e-06 -0.134624 0.0108566 0.394966 -0.218918 0.306152 -0.162692 
180 0.524548 0.0943893 1.27619 0.890337 1.1425e-08 59.7885 0.0109945 0.394966 -0.218918 0.306152 -0.162692 
181 0.524772 0.111315 1.39752 0.885396 3.05831e-06 0.232938 0.0110862 0.394966 -0.218918 0.306152 -0.162692 
182 0.525646 0.132774 1.51749 0.88274 3.82891e-06 0.190606 0.0111466 0.394966 -0.218918 0.306152 -0.162692 
183 0.525292 0.169474 1.68077 0.871561 4.63517e-06 0.162013 0.0127786 0.394966 -0.218918 0.306152 -0.162692 
184 0.525597 0.0790833 1.21999 1.11338 -5.49728e-05 -0.00159216 0.0109781 0.394966 -0.218918 0.306152 -0.162692 
185 0.525669 0.121181 1.56514 1.09062 -2.16587e-05 -0.00698486 0.0119366 0.394966 -0.218918 0.306152 -0.162692 
186 0.573003 0.0971219 1.11492 0.134581 0.000139572 0.00738387 0.00735767 0.394966 -0.218918 0.306152 -0.162692 
187 0.571248 0.111812 1.17362 0.122449 0.000108061 0.00812241 0.00761901 0.394966 -0.218918 0.306152 -0.162692 
188 0.575035 0.125158 1.27593 0.135732 9.01443e-05 0.0101035 0.00706719 0.394966 -0.218918 0.306152 -0.162692 
189 0.576464 0.136471 1.29589 0.128768 7.89067e-05 0.0108246 0.00750877 0.394966 -0.218918 0.306152 -0.162692 
190 0.57533 0.148528 1.44819 0.127022 5.7585e-05 0.0110643 0.00737741 0.394966 -0.218918 0.306152 -0.162692 
191 0.574305 0.163648 1.48133 0.129232 5.28374e-05 0.0125817 0.00769445 0.394966 -0.218918 0.306152 -0.162692 
192 0.57638 0.190584 1.63206 0.121798 3.57785e-05 0.0136345 0.00773298 0.394966 -0.218918 0.306152 -0.162692 
193 0.574432 0.229179 1.74845 0.131918 2.88029e-05 0.0173489 0.00882159 0.394966 -0.218918 0.306152 -0.162692 
194 0.574702 0.0862519 1.11427 0.312232 0.000250752 0.0124879 0.00583731 0.394966 -0.218918 0.306152 -0.162692 
195 0.574432 0.104806 1.22411 0.300595 0.000183549 0.0159928 0.00603476 0.394966 -0.218918 0.306152 -0.162692 
196 0.574823 0.119412 1.31726 0.297967 0.000144952 0.0185864 0.00599764 0.394966 -0.218918 0.306152 -0.162692 
197 0.573583 0.134279 1.41328 0.293102 0.000116141 0.02073 0.00616629 0.394966 -0.218918 0.306152 -0.162692 
198 0.573503 0.149641 1.45444 0.291209 0.000102443 0.0236806 0.00613414 0.394966 -0.218918 0.306152 -0.162692 
199 0.574116 0.169455 1.55318 0.288462 8.12224e-05 0.026617 0.00598877 0.394966 -0.218918 0.306152 -0.162692 
200 0.574175 0.193945 1.594 0.289453 7.02094e-05 0.0310306 0.00597822 0.394966 -0.218918 0.306152 -0.162692 
201 0.573852 0.239715 1.74127 0.302893 4.93503e-05 0.0388342 0.0072996 0.394966 -0.218918 0.306152 -0.162692 
202 0.574167 0.0783872 1.10881 0.495596 0.000235854 0.0138428 0.00737727 0.394966 -0.218918 0.306152 -0.162692 
203 0.573818 0.094591 1.21203 0.491306 0.000179937 0.0188344 0.00758957 0.394966 -0.218918 0.306152 -0.162692 
204 0.575436 0.107475 1.30678 0.48287 0.000144645 0.022126 0.00781704 0.394966 -0.218918 0.306152 -0.162692 
205 0.573503 0.120142 1.39773 0.492558 0.000116922 0.0254729 0.00798138 0.394966 -0.218918 0.306152 -0.162692 
206 0.573148 0.13355 1.46146 0.494345 0.000100106 0.0293192 0.0079783 0.394966 -0.218918 0.306152 -0.162692 
207 0.574061 0.149786 1.53636 0.495363 8.36064e-05 0.0337892 0.00806979 0.394966 -0.218918 0.306152 -0.162692 
208 0.574746 0.175191 1.56618 0.483341 7.41987e-05 0.0408957 0.00799961 0.394966 -0.218918 0.306152 -0.162692 
209 0.574663 0.218152 1.72453 0.478738 5.14399e-05 0.0499691 0.0086492 0.394966 -0.218918 0.306152 -0.162692 
210 0.574491 0.0751249 1.11896 0.690994 0.000117586 0.0155992 0.00995977 0.394966 -0.218918 0.306152 -0.162692 
211 0.574165 0.0895852 1.21135 0.682858 9.65284e-05 0.0214539 0.00972964 0.394966 -0.218918 0.306152 -0.162692 
212 0.575185 0.102148 1.29269 0.694347 7.47721e-05 0.026853 0.0100721 0.394966 -0.218918 0.306152 -0.162692 
213 0.574015 0.1146 1.37387 0.69334 6.30691e-05 0.0311893 0.0102017 0.394966 -0.218918 0.306152 -0.162692 
214 0.573912 0.128315 1.43627 0.691416 5.4837e-05 0.0364238 0.00997244 0.394966 -0.218918 0.306152 -0.162692 
215 0.573681 0.143775 1.49158 0.686862 4.86904e-05 0.0420791 0.0100588 0.394966 -0.218918 0.306152 -0.162692 
216 0.574229 0.163885 1.59827 0.685241 3.93392e-05 0.0481621 0.0101682 0.394966 -0.218918 0.306152 -0.162692 
217 0.573663 0.199378 1.76322 0.684839 2.81087e-05 0.0583536 0.0127006 0.394966 -0.218918 0.306152 -0.162692 
218 0.575229 0.0757319 1.15063 0.897092 6.59865e-06 0.0931517 0.0107814 0.394966 -0.218918 0.306152 -0.162692 
219 0.573792 0.0971986 1.28654 0.890545 7.99583e-06 0.0948178 0.0108466 0.394966 -0.218918 0.306152 -0.162692 
220 0.574817 0.116368 1.41235 0.885742 8.39216e-06 0.0932345 0.0108695 0.394966 -0.218918 0.306152 -0.162692 
221 0.575032 0.141731 1.5805 0.884001 7.32722e-06 0.100586 0.0109565 0.394966 -0.218918 0.306152 -0.162692 
222 0.572451 0.177384 1.77976 0.868888 7.00342e-06 0.102057 0.019228 0.394966 -0.218918 0.306152 -0.162692 
223 0.574631 0.0781392 1.20632 1.13045 -4.24163e-05 -0.00245419 0.0110038 0.394966 -0.218918 0.306152 -0.162692 
224 0.57491 0.114268 1.52018 1.09997 -1.67563e-05 -0.0101044 0.0112781 0.394966 -0.218918 0.306152 -0.162692 
225 0.57279 0.160644 1.85985 1.06328 -6.38174e-06 -0.0330182 0.0447611 0.394966 -0.218918 0.306152 -0.162692 
226 0.62253 0.097345 1.11924 0.149214 0.000116678 0.00818854 0.00824081 0.394966 -0.218918 0.306152 -0.162692 
227 0.626962 0.11522 1.14473 0.130197 8.93412e-05 0.00931994 0.00774638 0.394966 -0.218918 0.306152 -0.162692 
228 0.624503 0.126691 1.29091 0.117725 5.93908e-05 0.00887161 0.00843509 0.394966 -0.218918 0.306152 -0.162692 
229 0.623794 0.138648 1.34738 0.124781 5.42714e-05 0.0103813 0.00799368 0.394966 -0.218918 0.306152 -0.162692 
230 0.626267 0.15238 1.43551 0.126636 4.43873e-05 0.0115252 0.00831682 0.394966 -0.218918 0.306152 -0.162692 
231 0.623881 0.168692 1.46232 0.127846 4.09944e-05 0.0131227 0.00840809 0.394966 -0.218918 0.306152 -0.162692 
232 0.6247 0.192157 1.60729 0.126372 2.96956e-05 0.0144423 0.0083064 0.394966 -0.218918 0.306152 -0.162692 
233 0.621434 0.228676 1.75681 0.134357 2.26975e-05 0.0178167 0.0100882 0.394966 -0.218918 0.306152 -0.162692 
234 0.624253 0.0889056 1.11812 0.310743 0.000193374 0.0134574 0.00642281 0.394966 -0.218918 0.306152 -0.162692 
235 0.623257 0.106922 1.19981 0.296157 0.000149792 0.0169682 0.00637266 0.394966 -0.218918 0.306152 -0.162692 
236 0.623804 0.120418 1.28544 0.295986 0.000120362 0.0194372 0.00641084 0.394966 -0.218918 0.306152 -0.162692 
237 0.623865 0.134762 1.33966 0.293885 0.000103151 0.0222362 0.00649621 0.394966 -0.218918 0.306152 -0.162692 
238 0.625117 0.149076 1.43378 0.292312 8.27075e-05 0.024391 0.00662956 0.394966 -0.218918 0.306152 -0.162692 
239 0.623121 0.166516 1.50126 0.291079 7.03192e-05 0.0273275 0.00662217 0.394966 -0.218918 0.306152 -0.162692 
240 0.624372 0.191562 1.57152 0.289533 5.73872e-05 0.0315958 0.00649627 0.394966 -0.218918 0.306152 -0.162692 
241 0.624304 0.229326 1.74179 0.292756 3.96232e-05 0.037205 0.00766581 0.394966 -0.218918 0.306152 -0.162692 
242 0.622954 0.0781077 1.10253 0.497086 0.000196383 0.0145266 0.00778349 0.394966 -0.218918 0.306152 -0.162692 
243 0.625061 0.0919905 1.17382 0.494277 0.000158462 0.0195107 0.00824418 0.394966 -0.218918 0.306152 -0.162692 
244 0.62438 0.10381 1.26234 0.483527 0.000130071 0.0224097 0.00811869 0.394966 -0.218918 0.306152 -0.162692 
245 0.625797 0.118208 1.36895 0.494585 9.96604e-05 0.0265975 0.00812175 0.394966 -0.218918 0.306152 -0.162692 
246 0.625375 0.13285 1.44877 0.495403 8.27985e-05 0.0308048 0.00894692 0.394966 -0.218918 0.306152 -0.162692 
247 0.62286 0.147186 1.54123 0.487321 6.96889e-05 0.0338198 0.00877083 0.394966 -0.218918 0.306152 -0.162692 
248 0.622987 0.170126 1.59221 0.491323 5.91931e-05 0.0410284 0.00871707 0.394966 -0.218918 0.306152 -0.162692 
249 0.622088 0.211032 1.74307 0.473655 4.27648e-05 0.0496123 0.010158 0.394966 -0.218918 0.306152 -0.162692 
250 0.623398 0.07608 1.1034 0.694362 0.000105577 0.0178881 0.0105547 0.394966 -0.218918 0.306152 -0.162692 
251 0.625078 0.0925819 1.22332 0.691765 7.91273e-05 0.0245839 0.0106364 0.394966 -0.218918 0.306152 -0.162692 
252 0.623175 0.105933 1.33174 0.697545 6.12142e-05 0.02935 0.011317 0.394966 -0.218918 0.306152 -0.162692 
253 0.624797 0.119037 1.39396 0.689149 5.44069e-05 0.0345666 0.010893 0.394966 -0.218918 0.306152 -0.162692 
254 0.622906 0.132433 1.47229 0.686628 4.67183e-05 0.0391275 0.0112991 0.394966 -0.218918 0.306152 -0.162692 
255 0.622156 0.148225 1.56046 0.686288 3.90277e-05 0.044451 0.0115357 0.394966 -0.218918 0.306152 -0.162692 
256 0.623279 0.180261 1.7332 0.677707 2.8659e-05 0.0538957 0.0130911 0.394966 -0.218918 0.306152 -0.162692 
257 0.623448 0.0800684 1.14647 0.88916 1.54373e-05 0.0516382 0.0107563 0.394966 -0.218918 0.306152 -0.162692 
258 0.625867 0.103833 1.30946 0.887997 1.27068e-05 0.0669628 0.0109226 0.394966 -0.218918 0.306152 -0.162692 
259 0.623065 0.127298 1.49793 0.884103 1.06225e-05 0.073252 0.0110403 0.394966 -0.218918 0.306152 -0.162692 
260 0.621208 0.160229 1.74067 0.8745 8.60121e-06 0.0801159 0.0174775 0.394966 -0.218918 0.306152 -0.162692 
261 0.623314 0.0843204 1.22885 1.12383 -2.82509e-05 -0.00526356 0.0110388 0.394966 -0.218918 0.306152 -0.162692 
262 0.623669 0.122942 1.65221 1.09518 -7.90293e-06 -0.0224341 0.0141279 0.394966 -0.218918 0.306152 -0.162692 
263 0.668422 0.104224 1.13048 0.125686 7.66303e-05 0.00755071 0.0092817 0.394966 -0.218918 0.306152 -0.162692 
264 0.676064 0.118627 1.20626 0.11936 5.71525e-05 0.00856893 0.0100984 0.394966 -0.218918 0.306152 -0.162692 
265 0.673823 0.12871 1.28397 0.118065 4.74355e-05 0.00904566 0.00920763 0.394966 -0.218918 0.306152 -0.162692 
266 0.671822 0.139473 1.3368 0.138484 4.82412e-05 0.0114304 0.0102816 0.394966 -0.218918 0.306152 -0.162692 
267 0.675186 0.151 1.44246 0.12072 3.35375e-05 0.010787 0.00954924 0.394966 -0.218918 0.306152 -0.162692 
268 0.673649 0.16725 1.51599 0.120723 2.83548e-05 0.011916 0.0097775 0.394966 -0.218918 0.306152 -0.162692 
269 0.674047 0.188522 1.59102 0.12518 2.42321e-05 0.0140235 0.0100056 0.394966 -0.218918 0.306152 -0.162692 
270 0.670462 0.218609 1.76572 0.133778 1.83451e-05 0.0166324 0.0118376 0.394966 -0.218918 0.306152 -0.162692 
271 0.672257 0.0900086 1.12488 0.312491 0.000154063 0.0137313 0.00752071 0.394966 -0.218918 0.306152 -0.162692 
272 0.674141 0.107029 1.1808 0.302452 0.00012535 0.0176778 0.00742589 0.394966 -0.218918 0.306152 -0.162692 
273 0.672833 0.121275 1.28763 0.302264 9.71463e-05 0.0199542 0.00748664 0.394966 -0.218918 0.306152 -0.162692 
274 0.675647 0.132792 1.30387 0.29225 8.79894e-05 0.0223511 0.00774532 0.394966 -0.218918 0.306152 -0.162692 
275 0.672034 0.146157 1.41251 0.299335 7.12154e-05 0.0243262 0.00756063 0.394966 -0.218918 0.306152 -0.162692 
276 0.673193 0.16248 1.50478 0.28765 5.65476e-05 0.0262099 0.00771948 0.394966 -0.218918 0.306152 -0.162692 
277 0.673471 0.182684 1.61335 0.296373 4.5257e-05 0.0301424 0.00764836 0.394966 -0.218918 0.306152 -0.162692 
278 0.670789 0.217844 1.79381 0.285044 3.09423e-05 0.0336647 0.00888011 0.394966 -0.218918 0.306152 -0.162692 
279 0.674099 0.0783854 1.09912 0.494828 0.000164263 0.0152384 0.00937783 0.394966 -0.218918 0.306152 -0.162692 
280 0.675278 0.0931882 1.16031 0.494557 0.0001346 0.0211203 0.00873675 0.394966 -0.218918 0.306152 -0.162692 
281 0.674312 0.105337 1.24211 0.484064 0.000111332 0.0242201 0.00913439 0.394966 -0.218918 0.306152 -0.162692 
282 0.674485 0.118544 1.36906 0.493437 8.34064e-05 0.0274593 0.0088688 0.394966 -0.218918 0.306152 -0.162692 
283 0.673203 0.132721 1.44611 0.488177 7.05072e-05 0.031175 0.00947182 0.394966 -0.218918 0.306152 -0.162692 
284 0.673585 0.147937 1.51332 0.479798 6.05866e-05 0.0352154 0.00994176 0.394966 -0.218918 0.306152 -0.162692 
285 0.673676 0.168093 1.60667 0.485979 4.87908e-05 0.0410186 0.0100377 0.394966 -0.218918 0.306152 -0.162692 
286 0.672552 0.198444 1.76652 0.480678 3.56139e-05 0.0474987 0.0129594 0.394966 -0.218918 0.306152 -0.162692 
287 0.673366 0.0780753 1.11019 0.698576 9.08024e-05 0.0201846 0.0109118 0.394966 -0.218918 0.306152 -0.162692 
288 0.674834 0.0957282 1.2328 0.695829 6.74684e-05 0.0278098 0.0111196 0.394966 -0.218918 0.306152 -0.162692 
289 0.672401 0.108922 1.29115 0.682386 6.1299e-05 0.0330741 0.0114493 0.394966 -0.218918 0.306152 -0.162692 
290 0.673598 0.123869 1.46219 0.684519 4.39838e-05 0.0364656 0.0114093 0.394966 -0.218918 0.306152 -0.162692 
291 0.67313 0.146175 1.62594 0.682677 3.24639e-05 0.0433918 0.0121352 0.394966 -0.218918 0.306152 -0.162692 
292 0.671281 0.175512 1.78075 0.674756 2.47521e-05 0.0525091 0.0194894 0.394966 -0.218918 0.306152 -0.162692 
293 0.672683 0.0781001 1.11938 0.989248 -6.35587e-06 -0.0797318 0.0107503 0.394966 -0.218918 0.306152 -0.162692 
294 0.672577 0.0986788 1.30459 0.954108 3.8092e-06 0.157035 0.0109424 0.394966 -0.218918 0.306152 -0.162692 
295 0.67189 0.124424 1.60982 0.931775 6.38316e-06 0.0788151 0.0112519 0.394966 -0.218918 0.306152 -0.162692 
296 0.672116 0.156047 1.81983 0.889599 7.71862e-06 0.0731251 0.0275498 0.394966 -0.218918 0.306152 -0.162692 
297 0.32418 0.154539 2.15869 0.129793 0.000108529 0.00835894 0.0108676 0.394966 -0.218918 0.306152 -0.162692 
298 0.325109 0.176153 2.23901 0.128664 9.06327e-05 0.0102866 0.011113 0.394966 -0.218918 0.306152 -0.162692 
299 0.326506 0.194218 2.35983 0.120105 7.00988e-05 0.0106324 0.0110286 0.394966 -0.218918 0.306152 -0.162692 
300 0.326303 0.216486 2.48175 0.120022 5.75197e-05 0.0117433 0.011011 0.394966 -0.218918 0.306152 -0.162692 
301 0.325994 0.247427 2.59204 0.131733 5.03342e-05 0.0143964 0.0109922 0.394966 -0.218918 0.306152 -0.162692 
302 0.324815 0.298233 2.55684 0.148338 4.74292e-05 0.0192147 0.012137 0.394966 -0.218918 0.306152 -0.162692 
303 0.320125 0.357624 2.66865 0.14591 3.37298e-05 0.0212506 0.0204573 0.394966 -0.218918 0.306152 -0.162692 
304 0.323192 0.140361 2.18586 0.312736 0.000184345 0.0115558 0.00888527 0.394966 -0.218918 0.306152 -0.162692 
305 0.324583 0.167127 2.30493 0.305802 0.000144669 0.0166391 0.00828435 0.394966 -0.218918 0.306152 -0.162692 
306 0.325 0.188953 2.38944 0.305213 0.000122261 0.0201324 0.00799222 0.394966 -0.218918 0.306152 -0.162692 
307 0.325505 0.210213 2.43924 0.303507 0.000107406 0.0232088 0.00793596 0.394966 -0.218918 0.306152 -0.162692 
308 0.324576 0.232165 2.46663 0.300387 9.69665e-05 0.0259342 0.00791803 0.394966 -0.218918 0.306152 -0.162692 
309 0.326517 0.257404 2.49165 0.298088 8.4982e-05 0.0286953 0.00805374 0.394966 -0.218918 0.306152 -0.162692 
310 0.325969 0.290236 2.5122 0.291276 7.31483e-05 0.0314391 0.00796944 0.394966 -0.218918 0.306152 -0.162692 
311 0.323701 0.338723 2.64113 0.286527 5.34725e-05 0.0343229 0.00897685 0.394966 -0.218918 0.306152 -0.162692 
312 0.32396 0.130941 2.19643 0.498803 0.000143143 0.00929436 0.00864248 0.394966 -0.218918 0.306152 -0.162692 
313 0.324335 0.152826 2.28094 0.492596 0.00012067 0.0148963 0.00872261 0.394966 -0.218918 0.306152 -0.162692 
314 0.325818 0.168098 2.36124 0.497695 0.000102345 0.017962 0.00881788 0.394966 -0.218918 0.306152 -0.162692 
315 0.323151 0.183065 2.40096 0.488287 9.68511e-05 0.0209966 0.00879128 0.394966 -0.218918 0.306152 -0.162692 
316 0.325284 0.200406 2.46872 0.485731 8.46747e-05 0.0239872 0.00862433 0.394966 -0.218918 0.306152 -0.162692 
317 0.325629 0.221779 2.51605 0.48598 7.43705e-05 0.0274995 0.00876807 0.394966 -0.218918 0.306152 -0.162692 
318 0.32572 0.256795 2.52353 0.482413 6.46315e-05 0.0329181 0.00916407 0.394966 -0.218918 0.306152 -0.162692 
319 0.324226 0.316897 2.56907 0.481979 4.80023e-05 0.0400375 0.010173 0.394966 -0.218918 0.306152 -0.162692 
320 0.326752 0.135508 2.22324 0.67296 5.52531e-05 0.0112325 0.010876 0.394966 -0.218918 0.306152 -0.162692 
321 0.327055 0.168004 2.39398 0.670234 4.11586e-05 0.0190544 0.0109502 0.394966 -0.218918 0.306152 -0.162692 
322 0.327219 0.207619 2.49578 0.668571 3.14252e-05 0.0283348 0.0109865 0.394966 -0.218918 0.306152 -0.162692 
323 0.325759 0.275303 2.54943 0.67111 2.05276e-05 0.0433127 0.0133972 0.394966 -0.218918 0.306152 -0.162692 
324 0.32749 0.189228 2.40483 0.8815 -9.85404e-06 -0.0198998 0.0155382 0.394966 -0.218918 0.306152 -0.162692 
325 0.374814 0.156993 2.13045 0.125615 7.65109e-05 0.0084395 0.0113777 0.394966 -0.218918 0.306152 -0.162692 
326 0.375353 0.181964 2.26353 0.12936 6.18854e-05 0.0106558 0.0108582 0.394966 -0.218918 0.306152 -0.162692 
327 0.37718 0.201305 2.36993 0.132566 5.23029e-05 0.0121801 0.0107765 0.394966 -0.218918 0.306152 -0.162692 
328 0.376686 0.219784 2.42731 0.123523 4.37643e-05 0.0126464 0.0110327 0.394966 -0.218918 0.306152 -0.162692 
329 0.375984 0.241141 2.50447 0.127217 3.88125e-05 0.0142104 0.0108931 0.394966 -0.218918 0.306152 -0.162692 
330 0.375756 0.271627 2.57593 0.139184 3.5075e-05 0.0172438 0.0112123 0.394966 -0.218918 0.306152 -0.162692 
331 0.375404 0.32696 2.60916 0.139202 2.73598e-05 0.0204972 0.0116134 0.394966 -0.218918 0.306152 -0.162692 
332 0.373211 0.149004 2.17224 0.316272 0.000131269 0.0145197 0.00888046 0.394966 -0.218918 0.306152 -0.162692 
333 0.374757 0.174105 2.27395 0.299241 0.000105374 0.0188248 0.00869056 0.394966 -0.218918 0.306152 -0.162692 
334 0.374618 0.194144 2.39299 0.303256 8.72766e-05 0.0216699 0.00859245 0.394966 -0.218918 0.306152 -0.162692 
335 0.375273 0.21319 2.46447 0.305756 7.58981e-05 0.0244758 0.00849785 0.394966 -0.218918 0.306152 -0.162692 
336 0.374627 0.232869 2.47615 0.300212 7.00379e-05 0.0272299 0.00846918 0.394966 -0.218918 0.306152 -0.162692 
337 0.375218 0.256422 2.51434 0.298142 6.16568e-05 0.0300668 0.0085596 0.394966 -0.218918 0.306152 -0.162692 
338 0.37513 0.286713 2.51136 0.296514 5.49783e-05 0.033724 0.00834937 0.394966 -0.218918 0.306152 -0.162692 
339 0.37528 0.333664 2.6296 0.293688 4.0467e-05 0.037811 0.00885187 0.394966 -0.218918 0.306152 -0.162692 
340 0.37313 0.135205 2.19107 0.506275 0.000105719 0.0117451 0.00932211 0.394966 -0.218918 0.306152 -0.162692 
341 0.374669 0.158696 2.30042 0.502392 8.57509e-05 0.0177462 0.00901513 0.394966 -0.218918 0.306152 -0.162692 
342 0.375248 0.176057 2.34318 0.497383 7.75362e-05 0.0221211 0.00897322 0.394966 -0.218918 0.306152 -0.162692 
343 0.37382 0.192254 2.40613 0.497165 6.92047e-05 0.0253174 0.00930859 0.394966 -0.218918 0.306152 -0.162692 
344 0.375444 0.210379 2.47536 0.490784 6.11452e-05 0.0285833 0.00921494 0.394966 -0.218918 0.306152 -0.162692 
345 0.374007 0.232667 2.52055 0.488386 5.46375e-05 0.0324819 0.00931561 0.394966 -0.218918 0.306152 -0.162692 
346 0.375421 0.267004 2.53517 0.487247 4.67693e-05 0.0385308 0.0093439 0.394966 -0.218918 0.306152 -0.162692 
347 0.374609 0.324903 2.60493 0.484521 3.46014e-05 0.0466824 0.0114873 0.394966 -0.218918 0.306152 -0.162692 
348 0.375269 0.133792 2.21419 0.682414 4.5675e-05 0.0120404 0.0108536 0.394966 -0.218918 0.306152 -0.162692 
349 0.375573 0.160772 2.34898 0.677272 3.65688e-05 0.0196489 0.0109866 0.394966 -0.218918 0.306152 -0.162692 
350 0.375223 0.184522 2.43094 0.675765 3.0811e-05 0.0260697 0.010868 0.394966 -0.218918 0.306152 -0.162692 
351 0.376775 0.215179 2.4943 0.675786 2.5176e-05 0.034153 0.011061 0.394966 -0.218918 0.306152 -0.162692 
352 0.376674 0.272842 2.58613 0.674316 1.78215e-05 0.0474282 0.0113603 0.394966 -0.218918 0.306152 -0.162692 
353 0.377839 0.180474 2.39518 0.888829 -3.79922e-06 -0.0602551 0.0111156 0.394966 -0.218918 0.306152 -0.162692 
354 0.424387 0.162363 2.14253 0.128064 5.43337e-05 0.00898988 0.0108971 0.394966 -0.218918 0.306152 -0.162692 
355 0.42579 0.184918 2.25726 0.128607 4.4058e-05 0.0108141 0.0109485 0.394966 -0.218918 0.306152 -0.162692 
356 0.423871 0.203386 2.36391 0.128977 3.75754e-05 0.0120367 0.0109015 0.394966 -0.218918 0.306152 -0.162692 
357 0.422924 0.220218 2.3503 0.140835 3.90544e-05 0.0147577 0.0111332 0.394966 -0.218918 0.306152 -0.162692 
358 0.428151 0.239449 2.47925 0.126537 2.82956e-05 0.0142571 0.0109289 0.394966 -0.218918 0.306152 -0.162692 
359 0.425452 0.267709 2.55343 0.136287 2.5858e-05 0.0170642 0.0111591 0.394966 -0.218918 0.306152 -0.162692 
360 0.425353 0.321344 2.61908 0.140047 2.02396e-05 0.0209355 0.0110571 0.394966 -0.218918 0.306152 -0.162692 
361 0.414477 0.390298 2.9577 0.0944809 8.4051e-06 0.0164142 0.098026 0.394966 -0.218918 0.306152 -0.162692 
362 0.423943 0.154594 2.17077 0.312283 9.40463e-05 0.0162062 0.00895275 0.394966 -0.218918 0.306152 -0.162692 
363 0.424429 0.182125 2.28748 0.296011 7.41616e-05 0.020633 0.00881134 0.394966 -0.218918 0.306152 -0.162692 
364 0.423714 0.202176 2.37768 0.305961 6.3867e-05 0.024139 0.00890336 0.394966 -0.218918 0.306152 -0.162692 
365 0.42534 0.221605 2.43884 0.298126 5.53131e-05 0.0266299 0.00858409 0.394966 -0.218918 0.306152 -0.162692 
366 0.424819 0.241811 2.4589 0.300329 5.07804e-05 0.0298733 0.00860927 0.394966 -0.218918 0.306152 -0.162692 
367 0.425333 0.263733 2.47861 0.300006 4.58469e-05 0.0329554 0.00877712 0.394966 -0.218918 0.306152 -0.162692 
368 0.425927 0.293113 2.50269 0.294632 3.97206e-05 0.0363354 0.0085867 0.394966 -0.218918 0.306152 -0.162692 
369 0.425877 0.335915 2.63748 0.290575 2.9295e-05 0.0402433 0.00925415 0.394966 -0.218918 0.306152 -0.162692 
370 0.423884 0.140307 2.18483 0.504114 8.02638e-05 0.0147097 0.0102441 0.394966 -0.218918 0.306152 -0.162692 
371 0.423616 0.164668 2.28092 0.496058 6.72976e-05 0.0213217 0.00992 0.394966 -0.218918 0.306152 -0.162692 
372 0.423868 0.182242 2.35506 0.495228 5.85796e-05 0.0254081 0.0100686 0.394966 -0.218918 0.306152 -0.162692 
373 0.423792 0.197972 2.40341 0.493411 5.30063e-05 0.0289341 0.0101469 0.394966 -0.218918 0.306152 -0.162692 
374 0.425146 0.217094 2.46667 0.492297 4.63432e-05 0.0328213 0.010215 0.394966 -0.218918 0.306152 -0.162692 
375 0.425174 0.239906 2.4837 0.484129 4.26683e-05 0.0374914 0.0103593 0.394966 -0.218918 0.306152 -0.162692 
376 0.424169 0.270617 2.5166 0.487819 3.65855e-05 0.0432616 0.0101018 0.394966 -0.218918 0.306152 -0.162692 
377 0.424951 0.323161 2.59769 0.488338 2.70966e-05 0.0519838 0.0107856 0.394966 -0.218918 0.306152 -0.162692 
378 0.423944 0.135662 2.2019 0.689943 3.74826e-05 0.0144612 0.0110225 0.394966 -0.218918 0.306152 -0.162692 
379 0.424614 0.16435 2.34204 0.686189 2.93991e-05 0.023404 0.0108268 0.394966 -0.218918 0.306152 -0.162692 
380 0.42504 0.188168 2.41661 0.681429 2.54388e-05 0.0304945 0.0110174 0.394966 -0.218918 0.306152 -0.162692 
381 0.42422 0.215797 2.47974 0.679222 2.16716e-05 0.038156 0.0109287 0.394966 -0.218918 0.306152 -0.162692 
382 0.425032 0.261239 2.50098 0.680861 1.69505e-05 0.0512484 0.011175 0.394966 -0.218918 0.306152 -0.162692 
383 0.426457 0.319685 2.71863 0.670604 1.15226e-05 0.0620286 0.0240359 0.394966 -0.218918 0.306152 -0.162692 
384 0.426452 0.152187 2.31789 0.909524 -1.28506e-06 -0.144944 0.0109451 0.394966 -0.218918 0.306152 -0.162692 
385 0.427018 0.225745 2.539 0.889412 -4.32274e-07 -0.614455 0.0148291 0.394966 -0.218918 0.306152 -0.162692 
386 0.473257 0.167271 2.18182 0.126781 3.66867e-05 0.00907653 0.0108767 0.394966 -0.218918 0.306152 -0.162692 
387 0.476433 0.194338 2.29039 0.131435 3.0072e-05 0.0117029 0.011044 0.394966 -0.218918 0.306152 -0.162692 
388 0.474149 0.216989 2.39506 0.122278 2.38244e-05 0.0124052 0.0109918 0.394966 -0.218918 0.306152 -0.162692 
389 0.474717 0.240888 2.46409 0.13682 2.25237e-05 0.0155618 0.010741 0.394966 -0.218918 0.306152 -0.162692 
390 0.476167 0.267786 2.50521 0.132485 1.89706e-05 0.0170171 0.010988 0.394966 -0.218918 0.306152 -0.162692 
391 0.472923 0.317295 2.61989 0.137113 1.48234e-05 0.0206268 0.0111624 0.394966 -0.218918 0.306152 -0.162692 
392 0.46845 0.3809 2.82661 0.130003 9.18374e-06 0.0228386 0.0344996 0.394966 -0.218918 0.306152 -0.162692 
393 0.473267 0.159575 2.1682 0.306511 6.80673e-05 0.0175612 0.00923218 0.394966 -0.218918 0.306152 -0.162692 
394 0.476165 0.187423 2.30589 0.30279 5.21967e-05 0.0222605 0.00941417 0.394966 -0.218918 0.306152 -0.162692 
395 0.474221 0.207976 2.39068 0.302033 4.51383e-05 0.0254564 0.00900101 0.394966 -0.218918 0.306152 -0.162692 
396 0.474927 0.22725 2.40452 0.298924 4.1398e-05 0.0287216 0.00919164 0.394966 -0.218918 0.306152 -0.162692 
397 0.473366 0.24527 2.43101 0.289961 3.78742e-05 0.0307806 0.00902122 0.394966 -0.218918 0.306152 -0.162692 
398 0.475265 0.266176 2.4814 0.298245 3.33497e-05 0.0342912 0.00905722 0.394966 -0.218918 0.306152 -0.162692 
399 0.475901 0.294194 2.54633 0.296201 2.80345e-05 0.0376694 0.00902302 0.394966 -0.218918 0.306152 -0.162692 
400 0.474716 0.336871 2.64985 0.30141 2.16689e-05 0.0432266 0.0101762 0.394966 -0.218918 0.306152 -0.162692 
401 0.472891 0.14599 2.18143 0.503521 6.09813e-05 0.017891 0.0107463 0.394966 -0.218918 0.306152 -0.162692 
402 0.473579 0.170955 2.29705 0.499872 4.94093e-05 0.0245542 0.0111916 0.394966 -0.218918 0.306152 -0.162692 
403 0.473586 0.1892 2.37523 0.494203 4.3314e-05 0.0288033 0.01088 0.394966 -0.218918 0.306152 -0.162692 
404 0.473325 0.207167 2.41352 0.492401 3.93234e-05 0.033239 0.0110082 0.394966 -0.218918 0.306152 -0.162692 
405 0.475317 0.22416 2.45642 0.490641 3.52701e-05 0.0370638 0.0110427 0.394966 -0.218918 0.306152 -0.162692 
406 0.474004 0.24541 2.5027 0.487897 3.16299e-05 0.0413289 0.0112855 0.394966 -0.218918 0.306152 -0.162692 
407 0.474983 0.277686 2.52849 0.486405 2.722e-05 0.0480674 0.0108775 0.394966 -0.218918 0.306152 -0.162692 
408 0.474905 0.330682 2.63176 0.476165 2.03077e-05 0.056841 0.0116051 0.394966 -0.218918 0.306152 -0.162692 
409 0.474335 0.141682 2.21587 0.695402 2.96037e-05 0.0183541 0.0109285 0.394966 -0.218918 0.306152 -0.162692 
410 0.474135 0.173198 2.34946 0.686103 2.39278e-05 0.0288202 0.0112329 0.394966 -0.218918 0.306152 -0.162692 
411 0.474621 0.201214 2.43867 0.686724 1.95713e-05 0.0376583 0.0110342 0.394966 -0.218918 0.306152 -0.162692 
412 0.474499 0.238779 2.48805 0.685981 1.60166e-05 0.0493104 0.0109701 0.394966 -0.218918 0.306152 -0.162692 
413 0.475917 0.291627 2.61362 0.680202 1.17251e-05 0.0624886 0.0149837 0.394966 -0.218918 0.306152 -0.162692 
414 0.475726 0.145415 2.28839 0.93812 -3.52905e-07 -0.447281 0.010941 0.394966 -0.218918 0.306152 -0.162692 
415 0.475863 0.204117 2.46257 0.915196 3.67602e-07 0.673914 0.0111725 0.394966 -0.218918 0.306152 -0.162692 
416 0.474939 0.271021 2.70674 0.864043 1.92355e-06 0.151567 0.0347201 0.394966 -0.218918 0.306152 -0.162692 
417 0.523985 0.171507 2.18238 0.135564 2.77804e-05 0.00998811 0.0110624 0.394966 -0.218918 0.306152 -0.162692 
418 0.525901 0.198368 2.28198 0.128009 2.1415e-05 0.0116847 0.0109761 0.394966 -0.218918 0.306152 -0.162692 
419 0.524605 0.220763 2.37466 0.12942 1.83579e-05 0.0133964 0.010798 0.394966 -0.218918 0.306152 -0.162692 
420 0.525963 0.25007 2.42172 0.129488 1.57294e-05 0.0156334 0.0108816 0.394966 -0.218918 0.306152 -0.162692 
421 0.523729 0.287721 2.56617 0.142696 1.31433e-05 0.0195237 0.0110672 0.394966 -0.218918 0.306152 -0.162692 
422 0.522744 0.341695 2.65876 0.120408 8.44234e-06 0.0197155 0.0163019 0.394966 -0.218918 0.306152 -0.162692 
423 0.523302 0.164612 2.17082 0.311526 4.9836e-05 0.019133 0.00960457 0.394966 -0.218918 0.306152 -0.162692 
424 0.523649 0.191272 2.28359 0.301176 3.97848e-05 0.0234318 0.00985772 0.394966 -0.218918 0.306152 -0.162692 
425 0.525539 0.210145 2.40236 0.299289 3.258e-05 0.0258776 0.00975249 0.394966 -0.218918 0.306152 -0.162692 
426 0.524676 0.23038 2.39361 0.29369 3.06844e-05 0.0293867 0.00967133 0.394966 -0.218918 0.306152 -0.162692 
427 0.523857 0.252147 2.45395 0.296212 2.70021e-05 0.032717 0.00967771 0.394966 -0.218918 0.306152 -0.162692 
428 0.522929 0.275646 2.48274 0.298647 2.43213e-05 0.0364362 0.00973673 0.394966 -0.218918 0.306152 -0.162692 
429 0.524485 0.30326 2.5185 0.295796 2.08963e-05 0.0400795 0.00982577 0.394966 -0.218918 0.306152 -0.162692 
430 0.525172 0.343484 2.67647 0.294534 1.52067e-05 0.0444328 0.0110939 0.394966 -0.218918 0.306152 -0.162692 
431 0.523934 0.14914 2.17058 0.507317 4.68706e-05 0.0203237 0.0110802 0.394966 -0.218918 0.306152 -0.162692 
432 0.525896 0.175909 2.29618 0.495134 3.77287e-05 0.0274268 0.0113798 0.394966 -0.218918 0.306152 -0.162692 
433 0.524325 0.195458 2.36552 0.494253 3.31604e-05 0.032398 0.0118108 0.394966 -0.218918 0.306152 -0.162692 
434 0.524316 0.215639 2.43474 0.494491 2.88691e-05 0.0371718 0.011735 0.394966 -0.218918 0.306152 -0.162692 
435 0.5233 0.236985 2.47995 0.486456 2.61187e-05 0.0417535 0.0116227 0.394966 -0.218918 0.306152 -0.162692 
436 0.524076 0.263708 2.46866 0.48312 2.39575e-05 0.0483037 0.0112248 0.394966 -0.218918 0.306152 -0.162692 
437 0.523334 0.301912 2.55351 0.481853 1.91696e-05 0.0555833 0.0110693 0.394966 -0.218918 0.306152 -0.162692 
438 0.522136 0.347841 2.74583 0.473702 1.3561e-05 0.0621446 0.0197425 0.394966 -0.218918 0.306152 -0.162692 
439 0.524221 0.148872 2.23248 0.694566 2.41564e-05 0.0228121 0.0112487 0.394966 -0.218918 0.306152 -0.162692 
440 0.52435 0.185586 2.37957 0.685598 1.88673e-05 0.0354189 0.0114464 0.394966 -0.218918 0.306152 -0.162692 
441 0.524069 0.221139 2.46022 0.686036 1.52062e-05 0.0472997 0.011389 0.394966 -0.218918 0.306152 -0.162692 
442 0.523886 0.274023 2.56977 0.67891 1.14868e-05 0.0622016 0.0131365 0.394966 -0.218918 0.306152 -0.162692 
443 0.524712 0.144532 2.27026 0.963234 3.34373e-07 0.443929 0.0110338 0.394966 -0.218918 0.306152 -0.162692 
444 0.524686 0.197261 2.44787 0.927822 1.42202e-06 0.168792 0.0109966 0.394966 -0.218918 0.306152 -0.162692 
445 0.524312 0.25065 2.64989 0.872718 2.73363e-06 0.108823 0.022763 0.394966 -0.218918 0.306152 -0.162692 
446 0.573714 0.183107 2.21983 0.133013 1.88162e-05 0.0106816 0.0108306 0.394966 -0.218918 0.306152 -0.162692 
447 0.57497 0.221087 2.3525 0.133243 1.43279e-05 0.0138141 0.0110372 0.394966 -0.218918 0.306152 -0.162692 
448 0.575963 0.252157 2.44178 0.129459 1.14161e-05 0.0157087 0.011047 0.394966 -0.218918 0.306152 -0.162692 
449 0.574863 0.302286 2.56117 0.131995 8.67216e-06 0.0192889 0.0109856 0.394966 -0.218918 0.306152 -0.162692 
450 0.574119 0.367413 2.7698 0.13817 5.70879e-06 0.0240643 0.0333627 0.394966 -0.218918 0.306152 -0.162692 
451 0.572147 0.165329 2.15936 0.308833 3.83985e-05 0.019235 0.0107164 0.394966 -0.218918 0.306152 -0.162692 
452 0.574395 0.193112 2.30402 0.297114 2.90953e-05 0.0234235 0.0108654 0.394966 -0.218918 0.306152 -0.162692 
453 0.574857 0.21402 2.40703 0.303256 2.45301e-05 0.0271037 0.0112346 0.394966 -0.218918 0.306152 -0.162692 
454 0.573549 0.233879 2.40597 0.299668 2.30646e-05 0.0305595 0.0106093 0.394966 -0.218918 0.306152 -0.162692 
455 0.573012 0.251699 2.45611 0.30318 2.07839e-05 0.0334997 0.0108806 0.394966 -0.218918 0.306152 -0.162692 
456 0.575064 0.27117 2.44559 0.302841 1.93917e-05 0.037218 0.0108008 0.394966 -0.218918 0.306152 -0.162692 
457 0.572577 0.297828 2.47429 0.293886 1.70991e-05 0.039874 0.0111255 0.394966 -0.218918 0.306152 -0.162692 
458 0.571959 0.339493 2.67246 0.300206 1.21219e-05 0.0450989 0.0119246 0.394966 -0.218918 0.306152 -0.162692 
459 0.575087 0.157035 2.19513 0.499632 3.54369e-05 0.0235442 0.0111606 0.394966 -0.218918 0.306152 -0.162692 
460 0.574791 0.185637 2.30636 0.489355 2.89913e-05 0.0313224 0.011288 0.394966 -0.218918 0.306152 -0.162692 
461 0.576072 0.208747 2.40216 0.491367 2.41143e-05 0.0372455 0.011159 0.394966 -0.218918 0.306152 -0.162692 
462 0.573944 0.23203 2.43733 0.496075 2.1557e-05 0.0433853 0.0116001 0.394966 -0.218918 0.306152 -0.162692 
463 0.573552 0.2621 2.49042 0.487202 1.86625e-05 0.0498951 0.0115967 0.394966 -0.218918 0.306152 -0.162692 
464 0.573352 0.306031 2.62138 0.470773 1.42871e-05 0.0572532 0.0118392 0.394966 -0.218918 0.306152 -0.162692 
465 0.573685 0.157712 2.26668 0.691935 1.95697e-05 0.0275619 0.0112256 0.394966 -0.218918 0.306152 -0.162692 
466 0.573324 0.202408 2.43447 0.688906 1.42717e-05 0.0433764 0.0120033 0.394966 -0.218918 0.306152 -0.162692 
467 0.574512 0.255862 2.54957 0.679835 1.08114e-05 0.0604545 0.0132037 0.394966 -0.218918 0.306152 -0.162692 
468 0.573969 0.147637 2.27295 0.983176 9.05271e-07 0.163675 0.0110973 0.394966 -0.218918 0.306152 -0.162692 
469 0.573808 0.205088 2.50128 0.92845 2.21431e-06 0.108686 0.0114827 0.394966 -0.218918 0.306152 -0.162692 
470 0.622403 0.191029 2.22016 0.144578 1.52172e-05 0.0126458 0.0108531 0.394966 -0.218918 0.306152 -0.162692 
471 0.623107 0.230087 2.38858 0.138582 1.07376e-05 0.0152416 0.0109487 0.394966 -0.218918 0.306152 -0.162692 
472 0.625252 0.272801 2.47957 0.129103 7.86626e-06 0.0174785 0.010902 0.394966 -0.218918 0.306152 -0.162692 
473 0.623419 0.325199 2.61456 0.130477 5.77618e-06 0.0211129 0.0185527 0.394966 -0.218918 0.306152 -0.162692 
474 0.623684 0.169484 2.17807 0.299214 2.829e-05 0.0201039 0.0110439 0.394966 -0.218918 0.306152 -0.162692 
475 0.623568 0.198538 2.30511 0.297318 2.23402e-05 0.0252487 0.0108528 0.394966 -0.218918 0.306152 -0.162692 
476 0.623023 0.220578 2.36074 0.295955 1.96337e-05 0.0291546 0.0112632 0.394966 -0.218918 0.306152 -0.162692 
477 0.623447 0.238274 2.43865 0.298639 1.71232e-05 0.0320652 0.0111521 0.394966 -0.218918 0.306152 -0.162692 
478 0.622615 0.260929 2.45016 0.297935 1.5725e-05 0.03608 0.0108331 0.394966 -0.218918 0.306152 -0.162692 
479 0.624082 0.291649 2.50538 0.296102 1.32004e-05 0.0408004 0.0110635 0.394966 -0.218918 0.306152 -0.162692 
480 0.62172 0.326927 2.70695 0.288526 9.50667e-06 0.0436089 0.0175689 0.394966 -0.218918 0.306152 -0.162692 
481 0.62453 0.163631 2.193 0.498877 2.81809e-05 0.0273047 0.0107836 0.394966 -0.218918 0.306152 -0.162692 
482 0.624026 0.198208 2.36378 0.494554 2.11244e-05 0.0363607 0.0112194 0.394966 -0.218918 0.306152 -0.162692 
483 0.623862 0.226735 2.41291 0.491809 1.83461e-05 0.0444725 0.0117957 0.394966 -0.218918 0.306152 -0.162692 
484 0.623998 0.255698 2.4624 0.486538 1.589e-05 0.0516969 0.0115335 0.394966 -0.218918 0.306152 -0.162692 
485 0.621896 0.297054 2.6705 0.471144 1.15099e-05 0.0579711 0.0151361 0.394966 -0.218918 0.306152 -0.162692 
486 0.623884 0.145611 2.20909 0.862754 7.87722e-06 0.0342605 0.010986 0.394966 -0.218918 0.306152 -0.162692 
487 0.624702 0.176453 2.34754 0.798235 9.1183e-06 0.043544 0.0115614 0.394966 -0.218918 0.306152 -0.162692 
488 0.624195 0.207306 2.45855 0.757845 8.96766e-06 0.0530593 0.0123743 0.394966 -0.218918 0.306152 -0.162692 
489 0.622005 0.250516 2.61554 0.697644 8.56798e-06 0.0624334 0.0173 0.394966 -0.218918 0.306152 -0.162692 
490 0.673351 0.170894 2.15888 0.258114 2.12249e-05 0.0182756 0.0108188 0.394966 -0.218918 0.306152 -0.162692 
491 0.672409 0.195961 2.26887 0.250273 1.70736e-05 0.0216243 0.01092 0.394966 -0.218918 0.306152 -0.162692 
492 0.673772 0.215472 2.35425 0.238267 1.40896e-05 0.0235317 0.0106799 0.394966 -0.218918 0.306152 -0.162692 
493 0.673928 0.235106 2.38701 0.250318 1.31965e-05 0.0278365 0.0111995 0.394966 -0.218918 0.306152 -0.162692 
494 0.672587 0.253932 2.45491 0.246885 1.15312e-05 0.0297905 0.0109288 0.394966 -0.218918 0.306152 -0.162692 
495 0.671766 0.280064 2.54274 0.238931 9.48141e-06 0.0320248 0.0108333 0.394966 -0.218918 0.306152 -0.162692 
496 0.668971 0.315061 2.77705 0.219703 6.37372e-06 0.0323535 0.0178536 0.394966 -0.218918 0.306152 -0.162692 
497 0.67426 0.170731 2.20201 0.494241 2.262e-05 0.030727 0.0109871 0.394966 -0.218918 0.306152 -0.162692 
498 0.67381 0.20848 2.3971 0.49403 1.63233e-05 0.0406597 0.0114591 0.394966 -0.218918 0.306152 -0.162692 
499 0.671325 0.253748 2.54489 0.480562 1.2405e-05 0.050868 0.0117689 0.394966 -0.218918 0.306152 -0.162692 
500 0.664137 0.310973 2.88265 0.440502 7.78378e-06 0.0573003 0.0764426 0.394966 -0.218918 0.306152 -0.162692 
501 0.673545 0.155593 2.21944 0.826886 8.83756e-06 0.0390872 0.0112229 0.394966 -0.218918 0.306152 -0.162692 
502 0.673641 0.195985 2.44462 0.758103 8.54262e-06 0.0505048 0.0120159 0.394966 -0.218918 0.306152 -0.162692 
503 0.671849 0.238523 2.67504 0.692256 7.63222e-06 0.0590815 0.0228883 0.394966 -0.218918 0.306152 -0.162692 
504 0.325689 0.220672 3.22019 0.259521 5.17197e-05 0.0149401 0.0113675 0.394966 -0.218918 0.306152 -0.162692 
505 0.324979 0.253359 3.33129 0.239749 4.10005e-05 0.0178923 0.0109236 0.394966 -0.218918 0.306152 -0.162692 
506 0.326324 0.276418 3.44676 0.241377 3.44264e-05 0.0198543 0.0107569 0.394966 -0.218918 0.306152 -0.162692 
507 0.326001 0.300278 3.48991 0.244076 3.06457e-05 0.022253 0.0111748 0.394966 -0.218918 0.306152 -0.162692 
508 0.324777 0.329869 3.43544 0.254885 2.88935e-05 0.0261446 0.0110481 0.394966 -0.218918 0.306152 -0.162692 
509 0.32602 0.370835 3.42124 0.253071 2.3992e-05 0.0298281 0.0109718 0.394966 -0.218918 0.306152 -0.162692 
510 0.323148 0.419282 3.56591 0.242534 1.70474e-05 0.0320546 0.0140955 0.394966 -0.218918 0.306152 -0.162692 
511 0.323884 0.211859 3.26321 0.498038 4.30116e-05 0.0159874 0.0112134 0.394966 -0.218918 0.306152 -0.162692 
512 0.325046 0.262258 3.40893 0.490323 3.21258e-05 0.024577 0.0111776 0.394966 -0.218918 0.306152 -0.162692 
513 0.324426 0.319884 3.46196 0.484152 2.46612e-05 0.0328039 0.0113105 0.394966 -0.218918 0.306152 -0.162692 
514 0.325478 0.400451 3.52078 0.484544 1.57486e-05 0.0431331 0.0173411 0.394966 -0.218918 0.306152 -0.162692 
515 0.326482 0.246208 3.38296 0.707625 1.13557e-05 0.0272788 0.0109648 0.394966 -0.218918 0.306152 -0.162692 
516 0.326741 0.355684 3.4971 0.671587 7.65322e-06 0.0476523 0.0219307 0.394966 -0.218918 0.306152 -0.162692 
517 0.373345 0.23013 3.21414 0.250849 3.59972e-05 0.0167479 0.0113618 0.394966 -0.218918 0.306152 -0.162692 
518 0.37413 0.263457 3.36999 0.232557 2.72374e-05 0.0192901 0.0110502 0.394966 -0.218918 0.306152 -0.162692 
519 0.373524 0.285533 3.45217 0.231613 2.36984e-05 0.0213277 0.0108895 0.394966 -0.218918 0.306152 -0.162692 
520 0.376066 0.309142 3.4534 0.24566 2.18868e-05 0.0251673 0.0110734 0.394966 -0.218918 0.306152 -0.162692 
521 0.375425 0.340316 3.4123 0.252162 2.01299e-05 0.0293967 0.0111951 0.394966 -0.218918 0.306152 -0.162692 
522 0.37538 0.381516 3.46018 0.244657 1.59312e-05 0.0326611 0.0109775 0.394966 -0.218918 0.306152 -0.162692 
523 0.374419 0.426659 3.6208 0.23957 1.13209e-05 0.0356403 0.0171412 0.394966 -0.218918 0.306152 -0.162692 
524 0.373428 0.223753 3.25851 0.501778 3.09925e-05 0.02082 0.0114433 0.394966 -0.218918 0.306152 -0.162692 
525 0.374392 0.277795 3.42622 0.492443 2.26721e-05 0.0303989 0.011527 0.394966 -0.218918 0.306152 -0.162692 
526 0.374284 0.345677 3.45803 0.484975 1.68159e-05 0.0416236 0.011417 0.394966 -0.218918 0.306152 -0.162692 
527 0.375868 0.429258 3.63075 0.479766 9.81515e-06 0.0533601 0.0299794 0.394966 -0.218918 0.306152 -0.162692 
528 0.376175 0.23153 3.32854 0.723854 1.00757e-05 0.027295 0.0109822 0.394966 -0.218918 0.306152 -0.162692 
529 0.375642 0.324925 3.50776 0.702998 6.45675e-06 0.049424 0.0133484 0.394966 -0.218918 0.306152 -0.162692 
530 0.422788 0.235563 3.22926 0.246089 2.50948e-05 0.0177045 0.0111185 0.394966 -0.218918 0.306152 -0.162692 
531 0.42347 0.270321 3.38273 0.239145 1.93962e-05 0.0212403 0.0110054 0.394966 -0.218918 0.306152 -0.162692 
532 0.424967 0.295829 3.43975 0.239705 1.67899e-05 0.0242969 0.0109195 0.394966 -0.218918 0.306152 -0.162692 
533 0.424532 0.324358 3.40502 0.241672 1.55139e-05 0.0282517 0.0110212 0.394966 -0.218918 0.306152 -0.162692 
534 0.424617 0.362857 3.43193 0.246684 1.30442e-05 0.0330346 0.0113158 0.394966 -0.218918 0.306152 -0.162692 
535 0.425599 0.411777 3.57384 0.252927 9.40458e-06 0.0384477 0.013143 0.394966 -0.218918 0.306152 -0.162692 
536 0.423062 0.235471 3.28967 0.497135 2.24813e-05 0.0253174 0.0116392 0.394966 -0.218918 0.306152 -0.162692 
537 0.424885 0.298257 3.42624 0.487603 1.61474e-05 0.0377561 0.0116051 0.394966 -0.218918 0.306152 -0.162692 
538 0.425487 0.375674 3.48292 0.489041 1.09017e-05 0.0520111 0.0136084 0.394966 -0.218918 0.306152 -0.162692 
539 0.424702 0.228011 3.30328 0.751992 7.64725e-06 0.0307717 0.0110999 0.394966 -0.218918 0.306152 -0.162692 
540 0.424977 0.318972 3.48568 0.723085 5.26149e-06 0.0552479 0.0119897 0.394966 -0.218918 0.306152 -0.162692 
541 0.474754 0.244058 3.25924 0.2444 1.69247e-05 0.0191332 0.0111373 0.394966 -0.218918 0.306152 -0.162692 
542 0.475587 0.280699 3.44705 0.243025 1.28177e-05 0.0231066 0.0109371 0.394966 -0.218918 0.306152 -0.162692 
543 0.474702 0.311664 3.40358 0.255494 1.21791e-05 0.0289256 0.010902 0.394966 -0.218918 0.306152 -0.162692 
544 0.473569 0.34799 3.38865 0.244606 1.04667e-05 0.0326404 0.0110426 0.394966 -0.218918 0.306152 -0.162692 
545 0.474587 0.397762 3.50003 0.248252 7.71745e-06 0.0384117 0.0110266 0.394966 -0.218918 0.306152 -0.162692 
546 0.473737 0.449066 3.80131 0.228145 4.62282e-06 0.0397205 0.0367469 0.394966 -0.218918 0.306152 -0.162692 
547 0.474115 0.216313 3.24274 0.662751 1.16658e-05 0.0254529 0.011554 0.394966 -0.218918 0.306152 -0.162692 
548 0.474033 0.262714 3.37779 0.623532 1.02533e-05 0.0370929 0.0113512 0.394966 -0.218918 0.306152 -0.162692 
549 0.474468 0.303099 3.45213 0.592541 9.15491e-06 0.0458428 0.0112469 0.394966 -0.218918 0.306152 -0.162692 
550 0.475185 0.369716 3.48284 0.536229 7.78955e-06 0.0583049 0.011145 0.394966 -0.218918 0.306152 -0.162692 
551 0.473895 0.452599 3.85453 0.446231 4.78423e-06 0.0647777 0.0801736 0.394966 -0.218918 0.306152 -0.162692 
552 0.522908 0.249137 3.26996 0.237805 1.20232e-05 0.0195865 0.0110696 0.394966 -0.218918 0.306152 -0.162692 
553 0.523502 0.288282 3.42491 0.24685 9.49908e-06 0.0250734 0.0109976 0.394966 -0.218918 0.306152 -0.162692 
554 0.523177 0.327119 3.39829 0.241129 8.27219e-06 0.0301831 0.0108334 0.394966 -0.218918 0.306152 -0.162692 
555 0.524562 0.376043 3.41298 0.249945 6.73279e-06 0.0375016 0.0109915 0.394966 -0.218918 0.306152 -0.162692 
556 0.524448 0.427506 3.60874 0.241955 4.48239e-06 0.041503 0.0191561 0.394966 -0.218918 0.306152 -0.162692 
557 0.523995 0.223806 3.2574 0.684008 8.52917e-06 0.0307616 0.011443 0.394966 -0.218918 0.306152 -0.162692 
558 0.523738 0.272207 3.386 0.613696 8.23192e-06 0.0424746 0.0117611 0.394966 -0.218918 0.306152 -0.162692 
559 0.523713 0.321043 3.42381 0.565702 7.49997e-06 0.0532734 0.0115398 0.394966 -0.218918 0.306152 -0.162692 
560 0.523305 0.386502 3.50384 0.504791 6.0308e-06 0.0638072 0.0157416 0.394966 -0.218918 0.306152 -0.162692 
561 0.573411 0.226733 3.22486 0.543329 1.04878e-05 0.0298498 0.01115 0.394966 -0.218918 0.306152 -0.162692 
562 0.573337 0.260503 3.35268 0.431549 9.65011e-06 0.0333689 0.0112705 0.394966 -0.218918 0.306152 -0.162692 
563 0.574237 0.284701 3.43427 0.408568 8.36836e-06 0.0370974 0.0112764 0.394966 -0.218918 0.306152 -0.162692 
564 0.57427 0.309367 3.43257 0.364363 7.62359e-06 0.0393275 0.0111858 0.394966 -0.218918 0.306152 -0.162692 
565 0.573658 0.337745 3.38903 0.336363 6.956e-06 0.0425395 0.0109846 0.394966 -0.218918 0.306152 -0.162692 
566 0.574378 0.378311 3.46319 0.306653 5.35256e-06 0.0455154 0.0110254 0.394966 -0.218918 0.306152 -0.162692 
567 0.571886 0.426018 3.65811 0.25232 3.41787e-06 0.0429902 0.0215313 0.394966 -0.218918 0.306152 -0.162692 
568 0.623259 0.23205 3.23027 0.524442 8.56861e-06 0.0329005 0.0110693 0.394966 -0.218918 0.306152 -0.162692 
569 0.623679 0.270625 3.40359 0.414421 7.1248e-06 0.0362591 0.0112169 0.394966 -0.218918 0.306152 -0.162692 
570 0.624534 0.301605 3.42559 0.365731 6.18744e-06 0.0399277 0.011346 0.394966 -0.218918 0.306152 -0.162692 
571 0.623905 0.342608 3.42276 0.327267 5.15129e-06 0.0444251 0.0110664 0.394966 -0.218918 0.306152 -0.162692 
572 0.621087 0.390412 3.58611 0.253609 3.3296e-06 0.0410552 0.0175004 0.394966 -0.218918 0.306152 -0.162692 
573 0.672914 0.244904 3.28458 0.480989 6.76111e-06 0.0356967 0.0112655 0.394966 -0.218918 0.306152 -0.162692 
574 0.67374 0.288912 3.43377 0.357087 5.1589e-06 0.0373842 0.0111972 0.394966 -0.218918 0.306152 -0.162692 
575 0.672059 0.338627 3.48417 0.290436 3.82353e-06 0.0396753 0.0113626 0.394966 -0.218918 0.306152 -0.162692 
576 0.325421 0.312373 4.21825 0.364375 1.97816e-05 0.0227046 0.0109879 0.394966 -0.218918 0.306152 -0.162692 
577 0.326071 0.357415 4.44987 0.346541 1.43154e-05 0.0264475 0.0110149 0.394966 -0.218918 0.306152 -0.162692 
578 0.325416 0.416622 4.50012 0.348643 1.04147e-05 0.0334608 0.010976 0.394966 -0.218918 0.306152 -0.162692 
579 0.323827 0.486473 4.5695 0.306129 6.784e-06 0.0384795 0.0222446 0.394966 -0.218918 0.306152 -0.162692 
580 0.374115 0.314613 4.22553 0.378519 1.42732e-05 0.0257255 0.0109678 0.394966 -0.218918 0.306152 -0.162692 
581 0.374334 0.357263 4.43596 0.348554 1.06425e-05 0.0295099 0.0110218 0.394966 -0.218918 0.306152 -0.162692 
582 0.374936 0.409524 4.49878 0.35113 7.95794e-06 0.0368168 0.0110025 0.394966 -0.218918 0.306152 -0.162692 
583 0.374348 0.47424 4.53063 0.329104 5.48572e-06 0.0439955 0.0178817 0.394966 -0.218918 0.306152 -0.162692 
584 0.424368 0.318277 4.23779 0.385094 1.02704e-05 0.0286828 0.0112053 0.394966 -0.218918 0.306152 -0.162692 
585 0.424621 0.36896 4.48311 0.364499 7.21481e-06 0.034422 0.0110905 0.394966 -0.218918 0.306152 -0.162692 
586 0.424633 0.442766 4.51199 0.343443 4.90941e-06 0.0446828 0.0114055 0.394966 -0.218918 0.306152 -0.162692 
587 0.473932 0.323164 4.26441 0.391418 7.33308e-06 0.0315097 0.0112142 0.394966 -0.218918 0.306152 -0.162692 
588 0.474542 0.380544 4.49953 0.360748 4.99987e-06 0.0383913 0.011054 0.394966 -0.218918 0.306152 -0.162692 
589 0.473795 0.455105 4.49518 0.331724 3.41673e-06 0.0485687 0.0139816 0.394966 -0.218918 0.306152 -0.162692 
590 0.524263 0.327361 4.28027 0.38217 5.34524e-06 0.0331817 0.0112025 0.394966 -0.218918 0.306152 -0.162692 
591 0.524921 0.39663 4.49095 0.355111 3.46351e-06 0.0428001 0.0111193 0.394966 -0.218918 0.306152 -0.162692 
592 0.522766 0.475037 4.52283 0.303954 2.19479e-06 0.0500935 0.0237021 0.394966 -0.218918 0.306152 -0.162692 
593 0.5736 0.33436 4.3257 0.376424 3.87202e-06 0.0348963 0.0113687 0.394966 -0.218918 0.306152 -0.162692 
594 0.57331 0.415658 4.5252 0.32362 2.32381e-06 0.0440065 0.0126646 0.394966 -0.218918 0.306152 -0.162692 
595 0.623655 0.343474 4.34555 0.359736 2.85967e-06 0.0374954 0.0114079 0.394966 -0.218918 0.306152 -0.162692 
596 0.622952 0.422173 4.53174 0.281657 1.64051e-06 0.042342 0.0196107 0.394966 -0.218918 0.306152 -0.162692 
597 0.673357 0.356445 4.40578 0.3489 2.0773e-06 0.0401309 0.0123636 0.394966 -0.218918 0.306152 -0.162692 
598 0.325324 0.432602 5.42144 0.334891 6.10908e-06 0.0283404 0.0110013 0.394966 -0.218918 0.306152 -0.162692 
599 0.326263 0.534422 5.50193 0.334585 3.1077e-06 0.0408604 0.039275 0.394966 -0.218918 0.306152 -0.162692 
600 0.374873 0.433771 5.41557 0.339743 4.4406e-06 0.0323483 0.0109567 0.394966 -0.218918 0.306152 -0.162692 
601 0.375994 0.53274 5.51068 0.336377 2.30353e-06 0.04603 0.034407 0.394966 -0.218918 0.306152 -0.162692 
602 0.424313 0.439658 5.41605 0.330848 3.15671e-06 0.0356067 0.0109911 0.394966 -0.218918 0.306152 -0.162692 
603 0.424564 0.556076 5.7559 0.320463 1.2982e-06 0.0503051 0.0872823 0.394966 -0.218918 0.306152 -0.162692 
604 0.474491 0.442746 5.4214 0.341955 2.27421e-06 0.0392782 0.0119683 0.394966 -0.218918 0.306152 -0.162692 
605 0.524527 0.440483 5.41238 0.33531 1.70671e-06 0.0400835 0.0131884 0.394966 -0.218918 0.306152 -0.162692 
606 0.573608 0.436095 5.42872 0.332136 1.31442e-06 0.0400218 0.0149357 0.394966 -0.218918 0.306152 -0.162692 
607 0.622803 0.427945 5.43566 0.327461 1.0596e-06 0.0401405 0.0175259 0.394966 -0.218918 0.306152 -0.162692 
608 0.67202 0.419427 5.41434 0.308687 8.68316e-07 0.0378388 0.0216123 0.394966 -0.218918 0.306152 -0.162692 
609 0.324998 0.517717 6.62839 0.337543 2.22124e-06 0.0313466 0.0140119 0.394966 -0.218918 0.306152 -0.162692 
610 0.37479 0.519211 6.61509 0.339078 1.61072e-06 0.0358828 0.0144316 0.394966 -0.218918 0.306152 -0.162692 
611 0.424204 0.517353 6.59574 0.339244 1.20873e-06 0.0390439 0.0155941 0.394966 -0.218918 0.306152 -0.162692 
612 0.47407 0.517089 6.60469 0.335462 8.81189e-07 0.041168 0.0168971 0.394966 -0.218918 0.306152 -0.162692 
613 0.523595 0.514878 6.57313 0.328526 6.67445e-07 0.0421524 0.0190291 0.394966 -0.218918 0.306152 -0.162692 
614 0.573356 0.509238 6.53864 0.317684 5.23598e-07 0.0415722 0.022301 0.394966 -0.218918 0.306152 -0.162692 
615 0.622596 0.500485 6.51266 0.306262 4.26987e-07 0.0412369 0.0278677 0.394966 -0.218918 0.306152 -0.162692 
616 0.6716 0.484909 6.38749 0.272488 3.68194e-07 0.0365369 0.0394533 0.394966 -0.218918 0.306152 -0.162692 
