0 0.137 0.092 1.231 0.113 0.00177051
1 0.147 0.085 1.228 0.222 0.00266518
2 0.173 0.082 1.235 0.349 0.00218237
3 0.191 0.078 1.256 0.474 0.00131991
4 0.147 0.139 1.395 0.09 0.00080743
5 0.152 0.138 1.396 0.216 0.00146218
6 0.181 0.135 1.401 0.336 0.00120906
7 0.196 0.124 1.49 0.455 0.000746715
8 0.149 0.186 1.48 0.082 0.000522387
9 0.156 0.186 1.48 0.212 0.00100232
10 0.187 0.186 1.481 0.324 0.000830635
11 0.24 0.101 1.238 0.118 0.000783314
12 0.243 0.09 1.231 0.235 0.00130472
13 0.246 0.084 1.227 0.372 0.00131115
14 0.259 0.083 1.233 0.507 0.000792147
15 0.277 0.08 1.244 0.645 0.000278487
16 0.293 0.076 1.262 0.769 -7.31033e-06
17 0.246 0.141 1.395 0.098 0.000409848
18 0.249 0.137 1.397 0.219 0.000735545
19 0.248 0.138 1.396 0.369 0.000747897
20 0.27 0.135 1.402 0.498 0.000451126
21 0.289 0.128 1.424 0.62 0.000196339
22 0.249 0.186 1.48 0.085 0.000257191
23 0.245 0.187 1.481 0.222 0.000542044
24 0.25 0.186 1.481 0.364 0.000532207
25 0.278 0.186 1.48 0.484 0.000325512
26 0.343 0.106 1.241 0.119 0.000388702
27 0.344 0.095 1.235 0.24 0.000667798
28 0.346 0.088 1.23 0.376 0.000704801
29 0.347 0.084 1.226 0.521 0.000490637
30 0.353 0.083 1.23 0.663 0.000198008
31 0.363 0.081 1.239 0.805 -6.93543e-06
32 0.38 0.078 1.254 0.942 -9.58731e-05
33 0.395 0.075 1.281 1.064 -0.000117019
34 0.347 0.143 1.396 0.102 0.000216881
35 0.35 0.137 1.395 0.22 0.000389867
36 0.348 0.138 1.397 0.372 0.000419114
37 0.348 0.138 1.396 0.518 0.000285672
38 0.36 0.136 1.4 0.655 0.000119105
39 0.381 0.132 1.413 0.784 1.22008e-05
40 0.349 0.186 1.48 0.096 0.000150416
41 0.351 0.186 1.48 0.215 0.000276765
42 0.346 0.186 1.48 0.378 0.000304885
43 0.35 0.187 1.48 0.515 0.000204361
44 0.371 0.187 1.482 0.646 8.62202e-05
45 0.444 0.108 1.244 0.118 0.00019807
46 0.444 0.1 1.236 0.242 0.000350528
47 0.445 0.092 1.233 0.378 0.000388418
48 0.447 0.087 1.229 0.522 0.000296055
49 0.447 0.084 1.226 0.67 0.000146903
50 0.45 0.083 1.228 0.814 2.09995e-05
51 0.454 0.081 1.236 0.96 -5.24326e-05
52 0.465 0.079 1.242 1.101 -7.90418e-05
53 0.483 0.077 1.264 1.239 -7.66603e-05
54 0.495 0.076 1.311 1.36 -6.58511e-05
55 0.447 0.144 1.398 0.102 0.000112535
56 0.448 0.14 1.394 0.226 0.000211895
57 0.451 0.137 1.398 0.366 0.000234248
58 0.449 0.139 1.397 0.52 0.000175497
59 0.448 0.139 1.396 0.668 8.55229e-05
60 0.455 0.137 1.399 0.808 1.38343e-05
61 0.471 0.133 1.403 0.944 -2.45323e-05
62 0.486 0.125 1.422 1.067 -3.77349e-05
63 0.45 0.186 1.48 0.1 8.12426e-05
64 0.45 0.186 1.48 0.219 0.000150777
65 0.451 0.186 1.48 0.365 0.000170869
66 0.448 0.187 1.48 0.524 0.000126321
67 0.45 0.186 1.482 0.664 6.22681e-05
68 0.464 0.187 1.481 0.799 1.15228e-05
69 0.493 0.184 1.481 0.936 -1.41328e-05
70 0.545 0.11 1.24 0.117 0.000104755
71 0.544 0.102 1.238 0.242 0.000190629
72 0.545 0.096 1.234 0.381 0.000219966
73 0.546 0.09 1.232 0.523 0.000183755
74 0.547 0.086 1.227 0.67 0.000109069
75 0.546 0.084 1.226 0.819 3.3362e-05
76 0.548 0.083 1.229 0.963 -1.68252e-05
77 0.551 0.082 1.234 1.11 -4.24248e-05
78 0.554 0.08 1.24 1.256 -5.16962e-05
79 0.566 0.077 1.248 1.404 -5.08333e-05
80 0.548 0.146 1.399 0.098 5.71014e-05
81 0.548 0.142 1.395 0.229 0.000115966
82 0.549 0.138 1.394 0.368 0.000136804
83 0.55 0.138 1.397 0.517 0.000111961
84 0.549 0.14 1.397 0.667 6.48876e-05
85 0.548 0.139 1.395 0.818 1.94911e-05
86 0.552 0.137 1.396 0.96 -9.64804e-06
87 0.56 0.131 1.406 1.102 -2.41986e-05
88 0.571 0.126 1.433 1.225 -2.73953e-05
89 0.549 0.186 1.48 0.096 4.22192e-05
90 0.549 0.186 1.48 0.222 8.39435e-05
91 0.552 0.186 1.479 0.366 9.87825e-05
92 0.547 0.187 1.481 0.521 8.19664e-05
93 0.551 0.186 1.481 0.67 4.63572e-05
94 0.549 0.186 1.48 0.814 1.42239e-05
95 0.546 0.185 1.486 0.919 -3.51852e-06
96 0.618 0.112 1.241 0.115 6.97525e-05
97 0.615 0.106 1.245 0.24 0.000128525
98 0.613 0.103 1.249 0.378 0.000151659
99 0.612 0.1 1.252 0.522 0.000131283
100 0.611 0.098 1.254 0.668 8.38164e-05
101 0.61 0.097 1.261 0.816 3.26515e-05
102 0.611 0.098 1.259 0.967 -5.56915e-06
103 0.61 0.097 1.264 1.111 -2.5981e-05
104 0.609 0.096 1.286 1.257 -3.34545e-05
105 0.606 0.09 1.296 1.389 -3.57498e-05
106 0.629 0.149 1.405 0.096 3.61355e-05
107 0.627 0.145 1.4 0.231 7.75285e-05
108 0.626 0.142 1.398 0.369 9.50372e-05
109 0.626 0.141 1.399 0.517 8.35108e-05
110 0.626 0.142 1.398 0.668 5.33751e-05
111 0.626 0.142 1.397 0.815 2.20695e-05
112 0.624 0.137 1.391 0.963 -2.05052e-06
113 0.62 0.13 1.401 1.104 -1.6222e-05
114 0.614 0.124 1.437 1.224 -2.13896e-05
115 0.637 0.186 1.48 0.096 2.67416e-05
116 0.639 0.186 1.481 0.224 5.37029e-05
117 0.639 0.187 1.48 0.365 6.60413e-05
118 0.639 0.187 1.48 0.521 5.79908e-05
119 0.636 0.186 1.48 0.667 3.86073e-05
120 0.631 0.185 1.478 0.797 1.88531e-05
121 0.133 0.109 1.659 0.12 0.000962726
122 0.145 0.106 1.681 0.225 0.00128372
123 0.169 0.105 1.691 0.353 0.00104044
124 0.189 0.105 1.71 0.478 0.00061101
125 0.145 0.147 1.737 0.097 0.000540358
126 0.149 0.143 1.761 0.219 0.000918098
127 0.174 0.14 1.783 0.347 0.000750276
128 0.191 0.131 1.871 0.471 0.000447773
129 0.15 0.204 1.768 0.082 0.000334099
130 0.153 0.204 1.771 0.216 0.000666787
131 0.182 0.202 1.805 0.332 0.000534249
132 0.157 0.261 1.837 0.089 0.000244621
133 0.16 0.262 1.835 0.216 0.000453225
134 0.187 0.26 1.86 0.322 0.00037872
135 0.164 0.304 1.962 0.097 0.000178812
136 0.166 0.304 1.962 0.216 0.000310266
137 0.19 0.303 1.964 0.317 0.000272825
138 0.234 0.113 1.611 0.128 0.000465678
139 0.242 0.108 1.668 0.24 0.000628945
140 0.246 0.106 1.682 0.373 0.000602627
141 0.255 0.106 1.689 0.511 0.000377513
142 0.273 0.105 1.7 0.65 0.00014077
143 0.29 0.104 1.732 0.773 1.08338e-05
144 0.245 0.152 1.716 0.104 0.000263797
145 0.248 0.144 1.754 0.223 0.000441942
146 0.247 0.143 1.761 0.371 0.000452162
147 0.26 0.141 1.78 0.507 0.000278405
148 0.279 0.135 1.826 0.642 0.000108489
149 0.292 0.126 1.921 0.769 1.25806e-05
150 0.248 0.205 1.765 0.089 0.000170899
151 0.248 0.205 1.763 0.22 0.000339111
152 0.248 0.205 1.764 0.368 0.000344944
153 0.272 0.202 1.801 0.495 0.000203693
154 0.291 0.193 1.904 0.619 8.60501e-05
155 0.248 0.262 1.829 0.098 0.000136721
156 0.248 0.264 1.825 0.219 0.000245771
157 0.251 0.263 1.829 0.364 0.000245828
158 0.28 0.261 1.858 0.483 0.000147941
159 0.245 0.304 1.964 0.106 0.000106865
160 0.248 0.304 1.964 0.22 0.000176506
161 0.252 0.304 1.964 0.366 0.000174379
162 0.284 0.304 1.971 0.484 0.000104818
163 0.336 0.116 1.573 0.131 0.000246372
164 0.34 0.11 1.646 0.249 0.000340619
165 0.345 0.107 1.672 0.377 0.00033116
166 0.347 0.106 1.683 0.521 0.000230539
167 0.351 0.106 1.686 0.665 0.000102981
168 0.358 0.105 1.694 0.808 8.81597e-06
169 0.375 0.105 1.713 0.947 -3.48482e-05
170 0.392 0.105 1.776 1.071 -4.35113e-05
171 0.346 0.156 1.704 0.105 0.000134918
172 0.348 0.147 1.738 0.227 0.000234063
173 0.349 0.142 1.762 0.37 0.000246946
174 0.348 0.143 1.761 0.519 0.000174561
175 0.353 0.141 1.772 0.663 7.67359e-05
176 0.365 0.137 1.809 0.802 8.4713e-06
177 0.382 0.131 1.865 0.939 -2.20776e-05
178 0.39 0.122 1.969 1.062 -3.05427e-05
179 0.348 0.205 1.761 0.098 9.68944e-05
180 0.352 0.205 1.767 0.216 0.000172537
181 0.347 0.205 1.759 0.376 0.000194655
182 0.349 0.205 1.76 0.519 0.000132903
183 0.363 0.203 1.79 0.652 5.74903e-05
184 0.383 0.197 1.864 0.78 1.01713e-05
185 0.398 0.182 1.93 0.905 -1.16542e-05
186 0.346 0.261 1.83 0.108 7.92791e-05
187 0.352 0.264 1.827 0.215 0.000127068
188 0.348 0.263 1.824 0.374 0.000141736
189 0.351 0.263 1.828 0.514 9.63492e-05
190 0.372 0.261 1.859 0.641 4.24414e-05
191 0.389 0.251 1.933 0.765 9.04173e-06
192 0.344 0.304 1.964 0.12 6.29295e-05
193 0.352 0.304 1.964 0.219 9.24782e-05
194 0.351 0.304 1.96 0.376 9.97843e-05
195 0.353 0.304 1.962 0.513 6.88293e-05
196 0.374 0.303 1.961 0.638 3.15201e-05
197 0.438 0.117 1.544 0.136 0.000135344
198 0.441 0.113 1.615 0.253 0.000185746
199 0.444 0.109 1.661 0.383 0.000184407
200 0.446 0.107 1.673 0.523 0.000140378
201 0.447 0.106 1.685 0.669 7.45151e-05
202 0.449 0.105 1.688 0.816 1.8652e-05
203 0.451 0.105 1.692 0.962 -1.59022e-05
204 0.459 0.105 1.703 1.105 -3.03634e-05
205 0.477 0.104 1.714 1.245 -3.19557e-05
206 0.495 0.105 1.788 1.36 -2.62492e-05
207 0.447 0.158 1.696 0.103 6.83115e-05
208 0.447 0.15 1.724 0.231 0.000126472
209 0.449 0.144 1.75 0.37 0.000137912
210 0.449 0.142 1.762 0.518 0.000106583
211 0.448 0.143 1.76 0.668 5.61926e-05
212 0.45 0.142 1.765 0.814 1.3082e-05
213 0.456 0.139 1.796 0.957 -1.16718e-05
214 0.468 0.134 1.845 1.098 -2.05618e-05
215 0.479 0.126 1.895 1.236 -2.21599e-05
216 0.449 0.205 1.761 0.099 5.04478e-05
217 0.45 0.206 1.76 0.221 9.44783e-05
218 0.452 0.205 1.768 0.364 0.00010641
219 0.448 0.206 1.752 0.522 8.30731e-05
220 0.449 0.206 1.757 0.667 4.17635e-05
221 0.457 0.204 1.782 0.806 8.87432e-06
222 0.471 0.197 1.847 0.941 -7.82728e-06
223 0.495 0.192 1.957 1.077 -1.17032e-05
224 0.447 0.259 1.833 0.111 4.24623e-05
225 0.449 0.264 1.826 0.225 7.12028e-05
226 0.453 0.264 1.83 0.36 7.83766e-05
227 0.448 0.263 1.825 0.519 6.08339e-05
228 0.45 0.261 1.835 0.664 3.00887e-05
229 0.459 0.253 1.88 0.79 8.02607e-06
230 0.478 0.248 1.984 0.913 -3.45332e-06
231 0.442 0.304 1.967 0.129 3.5659e-05
232 0.449 0.304 1.963 0.23 5.2e-05
233 0.452 0.304 1.963 0.363 5.70336e-05
234 0.45 0.304 1.966 0.523 4.25037e-05
235 0.447 0.304 1.96 0.645 2.46468e-05
236 0.535 0.118 1.528 0.137 7.5614e-05
237 0.541 0.114 1.593 0.255 0.000104591
238 0.543 0.11 1.644 0.387 0.000107842
239 0.545 0.108 1.667 0.525 8.72348e-05
240 0.546 0.107 1.676 0.671 5.34768e-05
241 0.546 0.106 1.686 0.818 2.09629e-05
242 0.547 0.105 1.687 0.966 -2.0653e-06
243 0.551 0.105 1.687 1.111 -1.43401e-05
244 0.552 0.105 1.696 1.26 -1.97974e-05
245 0.56 0.106 1.725 1.404 -1.98879e-05
246 0.548 0.16 1.69 0.1 3.50814e-05
247 0.547 0.153 1.711 0.233 6.95669e-05
248 0.548 0.147 1.737 0.372 7.95646e-05
249 0.549 0.143 1.754 0.518 6.65057e-05
250 0.549 0.143 1.759 0.667 4.09415e-05
251 0.548 0.144 1.759 0.816 1.56231e-05
252 0.549 0.143 1.762 0.964 -2.21274e-06
253 0.552 0.14 1.784 1.109 -1.1332e-05
254 0.556 0.135 1.825 1.252 -1.45089e-05
255 0.567 0.13 1.861 1.392 -1.45462e-05
256 0.548 0.205 1.758 0.098 2.68944e-05
257 0.549 0.206 1.756 0.224 5.25289e-05
258 0.551 0.206 1.761 0.365 6.16936e-05
259 0.55 0.205 1.76 0.519 5.19963e-05
260 0.549 0.206 1.752 0.668 3.14526e-05
261 0.548 0.204 1.764 0.814 1.10225e-05
262 0.546 0.196 1.816 0.952 -2.26227e-06
263 0.543 0.186 1.895 1.091 -9.04785e-06
264 0.553 0.184 1.999 1.202 -9.54429e-06
265 0.547 0.257 1.841 0.109 2.22666e-05
266 0.547 0.262 1.827 0.231 4.04248e-05
267 0.551 0.264 1.829 0.362 4.5646e-05
268 0.551 0.262 1.826 0.52 3.82479e-05
269 0.545 0.259 1.84 0.657 2.43164e-05
270 0.538 0.249 1.89 0.789 1.00986e-05
271 0.541 0.303 1.963 0.136 2.03554e-05
272 0.548 0.303 1.962 0.235 2.92381e-05
273 0.55 0.304 1.961 0.364 3.32642e-05
274 0.552 0.304 1.962 0.513 2.78272e-05
275 0.543 0.304 1.97 0.625 2.015e-05
276 0.608 0.118 1.527 0.15 5.41326e-05
277 0.612 0.115 1.574 0.256 7.4045e-05
278 0.61 0.113 1.625 0.387 7.91369e-05
279 0.609 0.111 1.656 0.526 6.69099e-05
280 0.609 0.11 1.66 0.671 4.45946e-05
281 0.608 0.109 1.677 0.817 2.04144e-05
282 0.607 0.109 1.691 0.965 2.03181e-06
283 0.608 0.108 1.678 1.111 -9.12132e-06
284 0.608 0.109 1.678 1.264 -1.47424e-05
285 0.608 0.109 1.683 1.404 -1.64427e-05
286 0.628 0.162 1.679 0.099 2.31401e-05
287 0.626 0.158 1.696 0.232 4.6924e-05
288 0.625 0.153 1.717 0.373 5.63895e-05
289 0.623 0.149 1.734 0.519 5.01921e-05
290 0.623 0.148 1.738 0.667 3.37518e-05
291 0.622 0.148 1.738 0.817 1.54655e-05
292 0.622 0.148 1.748 0.966 1.28449e-06
293 0.619 0.143 1.774 1.11 -6.8296e-06
294 0.618 0.134 1.781 1.252 -1.10272e-05
295 0.613 0.128 1.847 1.409 -1.18784e-05
296 0.639 0.206 1.756 0.096 1.62927e-05
297 0.639 0.207 1.752 0.226 3.35902e-05
298 0.64 0.208 1.756 0.368 4.08691e-05
299 0.64 0.207 1.76 0.518 3.65769e-05
300 0.638 0.206 1.763 0.665 2.50113e-05
301 0.632 0.2 1.783 0.806 1.23556e-05
302 0.629 0.191 1.848 0.948 1.93183e-06
303 0.62 0.186 1.941 1.069 -3.44812e-06
304 0.646 0.256 1.845 0.11 1.31516e-05
305 0.646 0.262 1.829 0.234 2.43848e-05
306 0.648 0.263 1.829 0.366 2.89472e-05
307 0.644 0.26 1.841 0.506 2.70654e-05
308 0.631 0.252 1.874 0.648 2.00234e-05
309 0.62 0.245 1.94 0.771 1.10984e-05
310 0.646 0.305 1.98 0.137 1.12502e-05
311 0.64 0.304 1.962 0.237 1.84537e-05
312 0.642 0.304 1.963 0.364 2.17511e-05
313 0.623 0.304 1.968 0.49 2.21429e-05
314 0.703 0.269 1.867 0.117 9.90408e-06
315 0.704 0.276 1.85 0.236 1.75926e-05
316 0.703 0.273 1.856 0.357 2.14964e-05
317 0.702 0.265 1.913 0.485 2.00638e-05
318 0.708 0.303 1.964 0.225 1.33041e-05
319 0.706 0.302 1.981 0.31 1.57559e-05
320 0.127 0.118 2.033 0.127 0.000676656
321 0.142 0.118 2.034 0.229 0.000847893
322 0.167 0.118 2.035 0.354 0.000678786
323 0.187 0.118 2.037 0.482 0.000404383
324 0.139 0.157 2.306 0.111 0.000339354
325 0.146 0.152 2.348 0.224 0.000503164
326 0.167 0.152 2.366 0.355 0.000414709
327 0.187 0.151 2.411 0.481 0.000242579
328 0.147 0.207 2.469 0.092 0.000186052
329 0.148 0.205 2.516 0.221 0.000335918
330 0.171 0.203 2.565 0.352 0.000270527
331 0.189 0.198 2.736 0.475 0.000151656
332 0.15 0.266 2.509 0.083 0.000124306
333 0.15 0.266 2.503 0.219 0.000256185
334 0.176 0.264 2.582 0.343 0.000199758
335 0.194 0.256 2.866 0.466 0.000106441
336 0.152 0.323 2.585 0.09 9.51728e-05
337 0.153 0.324 2.568 0.217 0.000180219
338 0.18 0.324 2.634 0.336 0.000141998
339 0.195 0.306 2.909 0.453 8.50543e-05
340 0.153 0.374 2.823 0.096 6.40824e-05
341 0.153 0.374 2.82 0.217 0.000114582
342 0.182 0.374 2.824 0.335 9.36325e-05
343 0.209 0.119 2.011 0.142 0.000367931
344 0.237 0.118 2.035 0.251 0.000411738
345 0.244 0.118 2.035 0.377 0.000384131
346 0.254 0.118 2.035 0.513 0.000246039
347 0.269 0.118 2.035 0.654 9.61493e-05
348 0.288 0.118 2.033 0.787 6.04594e-06
349 0.241 0.163 2.241 0.115 0.00015565
350 0.245 0.155 2.326 0.233 0.000235172
351 0.247 0.152 2.352 0.372 0.000234354
352 0.253 0.152 2.359 0.513 0.000153047
353 0.271 0.151 2.387 0.652 6.0917e-05
354 0.288 0.151 2.461 0.78 8.54524e-06
355 0.246 0.21 2.421 0.099 9.19757e-05
356 0.249 0.205 2.521 0.22 0.000151851
357 0.247 0.204 2.516 0.372 0.000162222
358 0.256 0.204 2.554 0.51 0.000102004
359 0.275 0.201 2.658 0.647 3.9574e-05
360 0.29 0.193 2.832 0.774 7.026e-06
361 0.248 0.266 2.502 0.092 6.3394e-05
362 0.249 0.267 2.492 0.218 0.000121813
363 0.246 0.267 2.484 0.372 0.000129449
364 0.262 0.265 2.565 0.505 7.63308e-05
365 0.283 0.261 2.729 0.635 2.96405e-05
366 0.297 0.247 2.893 0.761 5.85005e-06
367 0.246 0.323 2.565 0.101 5.19231e-05
368 0.25 0.325 2.539 0.217 9.00888e-05
369 0.248 0.324 2.543 0.37 9.41889e-05
370 0.268 0.324 2.618 0.499 5.49119e-05
371 0.289 0.324 2.834 0.623 2.11837e-05
372 0.244 0.374 2.819 0.111 3.63048e-05
373 0.251 0.374 2.815 0.218 5.63166e-05
374 0.246 0.374 2.811 0.37 5.9894e-05
375 0.268 0.375 2.829 0.499 3.58329e-05
376 0.292 0.374 2.879 0.616 1.599e-05
377 0.327 0.118 2.031 0.273 0.000230907
378 0.344 0.118 2.034 0.381 0.000205851
379 0.345 0.118 2.034 0.524 0.000148004
380 0.351 0.118 2.035 0.667 6.9743e-05
381 0.355 0.118 2.037 0.813 9.49732e-06
382 0.373 0.118 2.037 0.95 -1.91349e-05
383 0.389 0.117 2.04 1.067 -2.84359e-05
384 0.344 0.167 2.195 0.114 7.78992e-05
385 0.344 0.159 2.291 0.239 0.000124044
386 0.347 0.154 2.34 0.374 0.000125756
387 0.348 0.152 2.355 0.52 9.16901e-05
388 0.35 0.152 2.355 0.667 4.43897e-05
389 0.356 0.151 2.373 0.81 7.93409e-06
390 0.372 0.151 2.415 0.951 -1.01003e-05
391 0.388 0.152 2.517 1.078 -1.44117e-05
392 0.347 0.212 2.391 0.101 4.76649e-05
393 0.348 0.207 2.479 0.224 8.14794e-05
394 0.35 0.204 2.543 0.368 8.45205e-05
395 0.348 0.204 2.517 0.519 6.3987e-05
396 0.35 0.204 2.529 0.666 3.00632e-05
397 0.361 0.202 2.609 0.805 5.52086e-06
398 0.377 0.197 2.732 0.946 -5.61621e-06
399 0.391 0.189 2.861 1.077 -8.78547e-06
400 0.348 0.266 2.509 0.099 3.41272e-05
401 0.351 0.267 2.489 0.218 6.27019e-05
402 0.349 0.267 2.49 0.371 7.01206e-05
403 0.349 0.267 2.478 0.519 5.06143e-05
404 0.355 0.266 2.52 0.661 2.25301e-05
405 0.372 0.263 2.66 0.797 3.8459e-06
406 0.387 0.258 2.851 0.928 -3.60858e-06
407 0.346 0.322 2.593 0.109 2.79131e-05
408 0.351 0.325 2.542 0.22 4.74003e-05
409 0.351 0.325 2.538 0.368 5.20998e-05
410 0.349 0.324 2.545 0.518 3.69802e-05
411 0.357 0.324 2.618 0.656 1.58708e-05
412 0.376 0.32 2.779 0.789 2.68185e-06
413 0.391 0.306 2.932 0.904 -2.30048e-06
414 0.343 0.373 2.83 0.119 1.98983e-05
415 0.35 0.374 2.813 0.223 3.03354e-05
416 0.352 0.374 2.811 0.362 3.28466e-05
417 0.348 0.374 2.816 0.515 2.36327e-05
418 0.358 0.374 2.825 0.654 1.05028e-05
419 0.376 0.366 2.876 0.768 2.72789e-06
420 0.422 0.119 2.02 0.297 0.000129747
421 0.44 0.118 2.034 0.394 0.000114537
422 0.442 0.118 2.034 0.526 8.94778e-05
423 0.445 0.118 2.034 0.673 4.90669e-05
424 0.448 0.118 2.033 0.819 1.47505e-05
425 0.453 0.118 2.035 0.962 -6.41598e-06
426 0.451 0.118 2.035 1.104 -1.79524e-05
427 0.473 0.118 2.041 1.273 -1.98412e-05
428 0.495 0.117 2.007 1.373 -1.85929e-05
429 0.444 0.169 2.17 0.112 3.98869e-05
430 0.444 0.162 2.258 0.241 6.63315e-05
431 0.446 0.157 2.315 0.377 6.96836e-05
432 0.447 0.154 2.343 0.521 5.47409e-05
433 0.448 0.152 2.358 0.668 3.13516e-05
434 0.448 0.151 2.355 0.817 1.02902e-05
435 0.452 0.151 2.368 0.963 -3.22735e-06
436 0.457 0.15 2.387 1.107 -9.73222e-06
437 0.472 0.151 2.438 1.249 -1.07802e-05
438 0.489 0.149 2.488 1.38 -9.88785e-06
439 0.448 0.213 2.375 0.1 2.41887e-05
440 0.448 0.209 2.438 0.228 4.42168e-05
441 0.45 0.205 2.514 0.368 4.71572e-05
442 0.449 0.204 2.532 0.518 3.77356e-05
443 0.449 0.205 2.509 0.667 2.18303e-05
444 0.448 0.205 2.512 0.816 6.6592e-06
445 0.454 0.203 2.571 0.958 -2.3179e-06
446 0.462 0.201 2.685 1.102 -5.87182e-06
447 0.478 0.196 2.761 1.243 -6.46495e-06
448 0.492 0.196 2.972 1.375 -5.22359e-06
449 0.448 0.266 2.511 0.098 1.72665e-05
450 0.45 0.267 2.476 0.223 3.38952e-05
451 0.452 0.267 2.489 0.364 3.83688e-05
452 0.448 0.267 2.47 0.521 3.12072e-05
453 0.449 0.267 2.471 0.667 1.69821e-05
454 0.45 0.266 2.513 0.811 4.54135e-06
455 0.459 0.261 2.666 0.951 -1.99007e-06
456 0.472 0.252 2.784 1.091 -4.36792e-06
457 0.447 0.321 2.629 0.108 1.3774e-05
458 0.449 0.324 2.544 0.229 2.60081e-05
459 0.453 0.325 2.554 0.36 2.8515e-05
460 0.448 0.324 2.551 0.52 2.28173e-05
461 0.449 0.323 2.579 0.663 1.21541e-05
462 0.446 0.319 2.708 0.803 3.1991e-06
463 0.454 0.312 2.859 0.924 -1.01525e-06
464 0.445 0.371 2.843 0.125 1.05966e-05
465 0.447 0.374 2.816 0.233 1.67424e-05
466 0.452 0.374 2.816 0.359 1.82825e-05
467 0.449 0.374 2.809 0.521 1.44249e-05
468 0.448 0.373 2.823 0.656 8.18434e-06
469 0.435 0.367 2.915 0.77 3.20795e-06
470 0.534 0.118 2.03 0.421 6.66765e-05
471 0.54 0.118 2.036 0.529 5.48767e-05
472 0.544 0.118 2.034 0.673 3.46887e-05
473 0.546 0.118 2.035 0.825 1.44468e-05
474 0.544 0.118 2.037 0.969 5.4264e-07
475 0.546 0.118 2.033 1.105 -7.23567e-06
476 0.549 0.118 2.035 1.249 -1.10963e-05
477 0.553 0.117 2.026 1.407 -1.2756e-05
478 0.546 0.17 2.149 0.11 2.07345e-05
479 0.545 0.165 2.231 0.241 3.60549e-05
480 0.545 0.159 2.293 0.38 4.0025e-05
481 0.547 0.156 2.325 0.522 3.35066e-05
482 0.547 0.153 2.346 0.669 2.19011e-05
483 0.547 0.152 2.36 0.816 1.00834e-05
484 0.547 0.151 2.351 0.967 1.09439e-06
485 0.549 0.152 2.355 1.112 -4.0271e-06
486 0.551 0.152 2.389 1.259 -6.28696e-06
487 0.555 0.15 2.409 1.403 -7.07584e-06
488 0.548 0.214 2.352 0.099 1.28365e-05
489 0.547 0.211 2.408 0.229 2.45259e-05
490 0.549 0.207 2.473 0.37 2.75422e-05
491 0.55 0.205 2.514 0.517 2.31895e-05
492 0.55 0.205 2.515 0.666 1.52545e-05
493 0.548 0.205 2.5 0.816 6.94636e-06
494 0.548 0.205 2.502 0.965 5.07272e-07
495 0.549 0.202 2.578 1.109 -2.81512e-06
496 0.55 0.197 2.691 1.251 -3.98145e-06
497 0.544 0.193 2.799 1.393 -4.43582e-06
498 0.548 0.266 2.508 0.098 9.10174e-06
499 0.549 0.268 2.471 0.226 1.8558e-05
500 0.55 0.268 2.469 0.366 2.22522e-05
501 0.551 0.267 2.49 0.517 1.88868e-05
502 0.549 0.267 2.479 0.668 1.21781e-05
503 0.548 0.264 2.52 0.812 5.17868e-06
504 0.544 0.259 2.644 0.956 2.47191e-07
505 0.544 0.251 2.832 1.097 -1.94206e-06
506 0.521 0.244 2.948 1.211 -3.31092e-06
507 0.548 0.319 2.667 0.107 6.95789e-06
508 0.547 0.323 2.567 0.232 1.41448e-05
509 0.55 0.325 2.552 0.365 1.64616e-05
510 0.552 0.324 2.578 0.513 1.39038e-05
511 0.546 0.322 2.611 0.662 8.88105e-06
512 0.543 0.315 2.75 0.798 3.8502e-06
513 0.53 0.306 2.888 0.928 4.8611e-07
514 0.541 0.37 2.869 0.131 5.90767e-06
515 0.547 0.374 2.82 0.235 9.08891e-06
516 0.55 0.374 2.817 0.368 1.04729e-05
517 0.553 0.374 2.815 0.506 9.14337e-06
518 0.537 0.37 2.825 0.644 6.65643e-06
519 0.525 0.363 2.955 0.756 3.62242e-06
520 0.603 0.12 2.026 0.442 4.58515e-05
521 0.606 0.118 2.035 0.545 3.98726e-05
522 0.606 0.118 2.034 0.667 2.89523e-05
523 0.606 0.118 2.042 0.817 1.43576e-05
524 0.606 0.118 2.04 0.96 3.40508e-06
525 0.605 0.117 2.026 1.129 -4.7691e-06
526 0.607 0.117 2.015 1.265 -8.17864e-06
527 0.624 0.171 2.127 0.105 1.34153e-05
528 0.621 0.167 2.202 0.239 2.48845e-05
529 0.619 0.163 2.26 0.379 2.87388e-05
530 0.618 0.16 2.304 0.522 2.52431e-05
531 0.617 0.158 2.332 0.669 1.7523e-05
532 0.616 0.157 2.356 0.817 9.05243e-06
533 0.616 0.155 2.352 0.965 2.41313e-06
534 0.616 0.155 2.347 1.117 -2.10542e-06
535 0.616 0.155 2.361 1.258 -4.2991e-06
536 0.615 0.149 2.374 1.405 -5.38288e-06
537 0.634 0.216 2.331 0.098 8.175e-06
538 0.633 0.214 2.366 0.228 1.62658e-05
539 0.632 0.211 2.419 0.372 1.94705e-05
540 0.631 0.209 2.462 0.517 1.73895e-05
541 0.631 0.208 2.473 0.666 1.23149e-05
542 0.63 0.208 2.47 0.816 6.48957e-06
543 0.629 0.205 2.507 0.963 1.74181e-06
544 0.625 0.201 2.584 1.11 -1.20073e-06
545 0.622 0.195 2.723 1.249 -2.36303e-06
546 0.62 0.191 2.866 1.379 -2.6517e-06
547 0.644 0.267 2.492 0.099 5.51332e-06
548 0.644 0.268 2.472 0.227 1.1321e-05
549 0.646 0.269 2.451 0.368 1.42178e-05
550 0.646 0.268 2.478 0.515 1.28849e-05
551 0.643 0.265 2.511 0.664 9.1811e-06
552 0.638 0.261 2.61 0.806 4.81424e-06
553 0.631 0.255 2.745 0.95 1.41544e-06
554 0.625 0.247 2.903 1.081 -4.16395e-07
555 0.646 0.318 2.706 0.105 3.87305e-06
556 0.647 0.323 2.576 0.232 8.27754e-06
557 0.647 0.324 2.554 0.37 1.03764e-05
558 0.645 0.323 2.613 0.507 9.32619e-06
559 0.639 0.317 2.744 0.652 6.44001e-06
560 0.63 0.308 2.863 0.787 3.66862e-06
561 0.631 0.366 2.885 0.133 3.71091e-06
562 0.645 0.373 2.821 0.238 5.51455e-06
563 0.643 0.373 2.822 0.371 6.7693e-06
564 0.631 0.371 2.834 0.494 6.83626e-06
565 0.615 0.368 2.915 0.622 5.2922e-06
566 0.704 0.287 2.263 0.103 5.12493e-06
567 0.704 0.288 2.237 0.233 1.04884e-05
568 0.704 0.288 2.239 0.371 1.30677e-05
569 0.703 0.287 2.31 0.507 1.16187e-05
570 0.701 0.286 2.468 0.628 8.05292e-06
571 0.707 0.322 2.669 0.111 3.17832e-06
572 0.708 0.326 2.557 0.231 6.46453e-06
573 0.707 0.325 2.6 0.365 7.83596e-06
574 0.706 0.322 2.729 0.496 6.89327e-06
575 0.704 0.312 2.805 0.623 5.4989e-06
576 0.709 0.366 2.968 0.126 2.27394e-06
577 0.711 0.372 2.867 0.237 4.05852e-06
578 0.708 0.368 2.904 0.351 4.91973e-06
579 0.132 0.177 3.048 0.124 0.000203479
580 0.143 0.177 3.052 0.228 0.000269344
581 0.164 0.177 3.052 0.357 0.000223501
582 0.185 0.177 3.056 0.49 0.000130795
583 0.14 0.217 3.32 0.109 0.000116851
584 0.147 0.212 3.348 0.224 0.000179639
585 0.164 0.212 3.354 0.358 0.000155077
586 0.185 0.212 3.378 0.487 9.09313e-05
587 0.146 0.269 3.631 0.094 6.34567e-05
588 0.147 0.267 3.711 0.223 0.000112622
589 0.164 0.267 3.743 0.358 9.57018e-05
590 0.186 0.265 3.868 0.486 5.34059e-05
591 0.199 0.279 4.451 0.608 1.75739e-05
592 0.149 0.327 3.741 0.084 4.01569e-05
593 0.147 0.326 3.742 0.222 8.43961e-05
594 0.167 0.326 3.814 0.355 6.84325e-05
595 0.188 0.323 4.033 0.48 3.72322e-05
596 0.15 0.386 3.77 0.087 3.00775e-05
597 0.148 0.387 3.731 0.221 6.16189e-05
598 0.171 0.386 3.805 0.352 4.91361e-05
599 0.191 0.383 4.152 0.475 2.5441e-05
600 0.15 0.442 4.005 0.094 2.05181e-05
601 0.149 0.442 3.982 0.22 3.84795e-05
602 0.172 0.443 4.03 0.352 3.08461e-05
603 0.193 0.439 4.142 0.465 1.8799e-05
604 0.151 0.488 4.36 0.098 1.30399e-05
605 0.15 0.488 4.355 0.221 2.33352e-05
606 0.17 0.489 4.358 0.353 1.9527e-05
607 0.192 0.486 4.346 0.466 1.24186e-05
608 0.215 0.177 3.047 0.14 0.000106376
609 0.24 0.177 3.05 0.243 0.000124167
610 0.246 0.177 3.052 0.374 0.000120594
611 0.251 0.177 3.052 0.514 8.19015e-05
612 0.266 0.177 3.054 0.654 3.52486e-05
613 0.287 0.176 3.041 0.786 6.46781e-06
614 0.242 0.222 3.276 0.114 5.09235e-05
615 0.246 0.215 3.33 0.231 8.09597e-05
616 0.248 0.212 3.353 0.37 8.32061e-05
617 0.25 0.212 3.348 0.516 5.70686e-05
618 0.267 0.212 3.369 0.655 2.4163e-05
619 0.285 0.21 3.39 0.788 4.26376e-06
620 0.299 0.236 3.976 0.91 -2.77213e-06
621 0.246 0.271 3.545 0.1 3.01677e-05
622 0.249 0.268 3.701 0.221 4.90405e-05
623 0.248 0.267 3.724 0.371 5.21102e-05
624 0.249 0.267 3.726 0.516 3.5635e-05
625 0.268 0.266 3.804 0.653 1.47295e-05
626 0.285 0.266 3.965 0.784 2.70486e-06
627 0.3 0.241 3.916 0.908 -2.86188e-06
628 0.247 0.327 3.721 0.093 1.98245e-05
629 0.251 0.326 3.769 0.216 3.59046e-05
630 0.246 0.326 3.746 0.372 4.01628e-05
631 0.252 0.326 3.777 0.513 2.60249e-05
632 0.272 0.324 3.902 0.649 1.03402e-05
633 0.288 0.322 4.181 0.777 1.81029e-06
634 0.246 0.386 3.779 0.099 1.54749e-05
635 0.251 0.387 3.705 0.216 2.80294e-05
636 0.246 0.387 3.707 0.373 3.03883e-05
637 0.255 0.387 3.769 0.511 1.87959e-05
638 0.276 0.386 3.968 0.645 7.00116e-06
639 0.291 0.381 4.251 0.764 1.33262e-06
640 0.245 0.441 4.017 0.107 1.07736e-05
641 0.252 0.443 3.972 0.215 1.7427e-05
642 0.245 0.443 3.973 0.372 1.91197e-05
643 0.254 0.442 4.001 0.509 1.20899e-05
644 0.281 0.443 4.084 0.643 4.53185e-06
645 0.297 0.454 4.309 0.758 6.83992e-07
646 0.244 0.487 4.341 0.115 7.28861e-06
647 0.252 0.488 4.361 0.218 1.07169e-05
648 0.245 0.488 4.347 0.366 1.18617e-05
649 0.255 0.488 4.351 0.509 7.43374e-06
650 0.275 0.488 4.375 0.641 2.93834e-06
651 0.335 0.177 3.049 0.261 6.59638e-05
652 0.345 0.177 3.052 0.38 6.36414e-05
653 0.345 0.177 3.055 0.521 4.82906e-05
654 0.351 0.177 3.053 0.666 2.49054e-05
655 0.352 0.177 3.053 0.814 5.92525e-06
656 0.366 0.177 3.057 0.954 -4.23564e-06
657 0.389 0.176 3.035 1.079 -7.57692e-06
658 0.344 0.225 3.23 0.113 2.4842e-05
659 0.345 0.218 3.312 0.237 4.12604e-05
660 0.347 0.214 3.342 0.373 4.40303e-05
661 0.349 0.211 3.355 0.517 3.35956e-05
662 0.348 0.211 3.347 0.668 1.75969e-05
663 0.353 0.212 3.357 0.812 4.34893e-06
664 0.365 0.211 3.381 0.952 -2.82827e-06
665 0.385 0.21 3.411 1.088 -5.3105e-06
666 0.347 0.273 3.496 0.1 1.50759e-05
667 0.348 0.269 3.633 0.227 2.61317e-05
668 0.35 0.267 3.745 0.367 2.70044e-05
669 0.349 0.267 3.732 0.518 2.09193e-05
670 0.347 0.267 3.713 0.668 1.09821e-05
671 0.355 0.266 3.753 0.811 2.66659e-06
672 0.368 0.266 3.852 0.952 -1.63915e-06
673 0.383 0.264 4.033 1.087 -2.89673e-06
674 0.348 0.327 3.715 0.097 1.01541e-05
675 0.35 0.327 3.745 0.221 1.87611e-05
676 0.352 0.326 3.777 0.366 2.05651e-05
677 0.348 0.327 3.725 0.519 1.61432e-05
678 0.348 0.327 3.733 0.667 7.94196e-06
679 0.357 0.326 3.839 0.807 1.62981e-06
680 0.373 0.325 4.051 0.95 -1.29679e-06
681 0.388 0.317 4.257 1.09 -2.14537e-06
682 0.348 0.385 3.834 0.101 7.54225e-06
683 0.35 0.387 3.705 0.222 1.47517e-05
684 0.353 0.387 3.723 0.365 1.59687e-05
685 0.349 0.386 3.695 0.52 1.21455e-05
686 0.348 0.386 3.752 0.666 5.59846e-06
687 0.36 0.384 3.933 0.802 9.97476e-07
688 0.376 0.378 4.223 0.939 -9.37707e-07
689 0.391 0.367 4.361 1.066 -1.6076e-06
690 0.347 0.441 4.059 0.111 5.39535e-06
691 0.35 0.442 3.977 0.226 9.42501e-06
692 0.354 0.443 3.98 0.361 1.00887e-05
693 0.347 0.442 3.974 0.52 7.61135e-06
694 0.348 0.442 4.012 0.663 3.51183e-06
695 0.358 0.434 4.215 0.79 7.48967e-07
696 0.345 0.42 4.329 0.903 -9.14338e-07
697 0.344 0.489 4.374 0.121 3.73659e-06
698 0.348 0.488 4.35 0.23 5.91458e-06
699 0.353 0.488 4.346 0.361 6.28775e-06
700 0.346 0.489 4.362 0.518 4.65559e-06
701 0.349 0.487 4.364 0.66 2.2255e-06
702 0.429 0.178 3.049 0.28 3.63003e-05
703 0.443 0.177 3.05 0.381 3.46836e-05
704 0.446 0.177 3.053 0.524 2.78728e-05
705 0.446 0.177 3.052 0.67 1.70003e-05
706 0.449 0.177 3.051 0.817 6.64422e-06
707 0.449 0.177 3.058 0.965 -4.54423e-07
708 0.452 0.177 3.061 1.111 -4.25727e-06
709 0.467 0.178 3.06 1.254 -5.42926e-06
710 0.475 0.177 3.052 1.368 -5.76247e-06
711 0.445 0.228 3.196 0.11 1.22431e-05
712 0.444 0.22 3.29 0.24 2.15955e-05
713 0.446 0.216 3.324 0.376 2.38553e-05
714 0.448 0.213 3.351 0.52 1.94216e-05
715 0.449 0.211 3.353 0.666 1.20645e-05
716 0.447 0.211 3.348 0.817 4.76089e-06
717 0.449 0.211 3.355 0.965 -2.77774e-07
718 0.452 0.211 3.365 1.109 -2.93844e-06
719 0.466 0.212 3.401 1.253 -3.70987e-06
720 0.485 0.211 3.472 1.382 -3.43905e-06
721 0.447 0.274 3.46 0.1 7.71916e-06
722 0.447 0.271 3.574 0.229 1.39783e-05
723 0.449 0.268 3.681 0.369 1.51038e-05
724 0.45 0.267 3.746 0.517 1.20929e-05
725 0.45 0.267 3.72 0.666 7.56021e-06
726 0.447 0.267 3.703 0.818 2.92548e-06
727 0.449 0.267 3.725 0.965 -2.64867e-07
728 0.455 0.266 3.809 1.109 -1.76618e-06
729 0.467 0.265 3.95 1.246 -2.07854e-06
730 0.483 0.258 4.123 1.391 -1.9185e-06
731 0.448 0.328 3.697 0.097 5.14306e-06
732 0.449 0.328 3.7 0.224 1.0044e-05
733 0.451 0.327 3.739 0.366 1.14235e-05
734 0.451 0.327 3.738 0.517 9.44069e-06
735 0.448 0.327 3.722 0.667 5.72192e-06
736 0.448 0.327 3.716 0.817 1.9707e-06
737 0.45 0.324 3.819 0.959 -3.66253e-07
738 0.454 0.321 4.099 1.101 -1.2628e-06
739 0.47 0.309 4.288 1.244 -1.43192e-06
740 0.448 0.384 3.883 0.101 3.7099e-06
741 0.449 0.387 3.725 0.228 7.72692e-06
742 0.452 0.388 3.705 0.364 8.86354e-06
743 0.452 0.387 3.751 0.515 7.07236e-06
744 0.449 0.386 3.733 0.666 4.17093e-06
745 0.449 0.383 3.886 0.81 1.34675e-06
746 0.447 0.378 4.141 0.95 -2.54318e-07
747 0.44 0.365 4.39 1.079 -9.8515e-07
748 0.448 0.439 4.115 0.112 2.68063e-06
749 0.448 0.442 3.996 0.232 4.99814e-06
750 0.451 0.442 3.982 0.363 5.65809e-06
751 0.451 0.443 4.001 0.514 4.53525e-06
752 0.447 0.44 3.999 0.66 2.73687e-06
753 0.445 0.434 4.235 0.793 9.85937e-07
754 0.416 0.421 4.474 0.932 -2.94216e-07
755 0.45 0.488 4.385 0.132 1.96988e-06
756 0.446 0.488 4.352 0.234 3.16108e-06
757 0.449 0.488 4.36 0.36 3.50922e-06
758 0.454 0.489 4.365 0.506 2.82174e-06
759 0.449 0.487 4.355 0.652 1.74403e-06
760 0.539 0.177 3.048 0.399 1.97455e-05
761 0.543 0.177 3.049 0.525 1.69917e-05
762 0.546 0.177 3.051 0.671 1.14664e-05
763 0.545 0.177 3.05 0.819 5.83498e-06
764 0.548 0.177 3.049 0.965 1.48764e-06
765 0.547 0.177 3.044 1.112 -1.3141e-06
766 0.548 0.177 3.039 1.252 -2.76673e-06
767 0.547 0.177 3.054 1.402 -3.49061e-06
768 0.545 0.229 3.173 0.109 6.38282e-06
769 0.545 0.223 3.267 0.24 1.14342e-05
770 0.546 0.217 3.309 0.379 1.33137e-05
771 0.547 0.215 3.332 0.522 1.16813e-05
772 0.548 0.213 3.349 0.668 8.05277e-06
773 0.549 0.211 3.361 0.815 4.19852e-06
774 0.548 0.211 3.344 0.966 1.08748e-06
775 0.548 0.21 3.343 1.116 -9.06762e-07
776 0.55 0.211 3.333 1.262 -1.95013e-06
777 0.555 0.209 3.342 1.406 -2.38671e-06
778 0.547 0.275 3.437 0.1 4.05082e-06
779 0.547 0.272 3.528 0.229 7.61195e-06
780 0.548 0.269 3.624 0.372 8.71303e-06
781 0.549 0.268 3.697 0.518 7.44585e-06
782 0.55 0.267 3.734 0.666 5.07182e-06
783 0.549 0.267 3.711 0.816 2.65488e-06
784 0.548 0.268 3.706 0.965 6.64269e-07
785 0.546 0.266 3.756 1.115 -5.93522e-07
786 0.549 0.262 3.899 1.26 -1.07766e-06
787 0.549 0.256 4.071 1.388 -1.20346e-06
788 0.548 0.328 3.674 0.098 2.73561e-06
789 0.548 0.328 3.683 0.225 5.44383e-06
790 0.55 0.328 3.704 0.368 6.50928e-06
791 0.551 0.327 3.728 0.515 5.75989e-06
792 0.55 0.327 3.736 0.666 3.91167e-06
793 0.548 0.326 3.74 0.815 1.93895e-06
794 0.546 0.323 3.881 0.96 4.15099e-07
795 0.544 0.316 4.099 1.104 -3.92152e-07
796 0.546 0.31 4.32 1.224 -6.53241e-07
797 0.547 0.383 3.898 0.101 1.9327e-06
798 0.548 0.386 3.763 0.229 4.07713e-06
799 0.549 0.387 3.691 0.368 5.12181e-06
800 0.551 0.387 3.735 0.514 4.3853e-06
801 0.549 0.385 3.798 0.664 2.88008e-06
802 0.546 0.381 3.944 0.807 1.36231e-06
803 0.538 0.376 4.206 0.946 2.97869e-07
804 0.535 0.367 4.451 1.062 -1.88852e-07
805 0.547 0.438 4.167 0.113 1.38196e-06
806 0.547 0.441 4.026 0.233 2.66424e-06
807 0.548 0.442 3.984 0.37 3.23201e-06
808 0.552 0.443 3.998 0.511 2.79035e-06
809 0.545 0.439 4.088 0.652 1.93476e-06
810 0.533 0.431 4.28 0.788 9.97086e-07
811 0.548 0.489 4.406 0.138 1.06881e-06
812 0.549 0.488 4.36 0.237 1.66155e-06
813 0.549 0.488 4.359 0.372 1.97083e-06
814 0.546 0.488 4.352 0.516 1.78226e-06
815 0.533 0.487 4.394 0.634 1.37622e-06
816 0.614 0.178 3.037 0.406 1.36259e-05
817 0.615 0.177 3.054 0.532 1.22655e-05
818 0.616 0.177 3.048 0.669 9.16086e-06
819 0.611 0.177 3.056 0.815 5.28837e-06
820 0.615 0.177 3.058 0.97 1.80512e-06
821 0.616 0.177 3.05 1.122 -4.69267e-07
822 0.609 0.179 3.098 1.297 -1.86062e-06
823 0.617 0.179 3.069 1.417 -2.32269e-06
824 0.627 0.23 3.153 0.107 4.06719e-06
825 0.626 0.225 3.24 0.239 7.56202e-06
826 0.624 0.221 3.293 0.379 9.11401e-06
827 0.624 0.219 3.311 0.523 8.44781e-06
828 0.623 0.216 3.335 0.669 6.26988e-06
829 0.623 0.214 3.355 0.816 3.64043e-06
830 0.622 0.214 3.358 0.963 1.40432e-06
831 0.622 0.215 3.338 1.114 -2.07915e-07
832 0.621 0.213 3.362 1.262 -1.11446e-06
833 0.617 0.212 3.409 1.387 -1.50562e-06
834 0.637 0.276 3.404 0.1 2.5285e-06
835 0.636 0.275 3.467 0.229 4.92615e-06
836 0.635 0.272 3.556 0.373 5.92962e-06
837 0.634 0.27 3.631 0.519 5.39158e-06
838 0.634 0.269 3.672 0.665 3.97936e-06
839 0.635 0.27 3.684 0.815 2.30239e-06
840 0.632 0.269 3.677 0.963 9.12567e-07
841 0.629 0.266 3.783 1.109 -5.01657e-08
842 0.625 0.264 4.001 1.252 -5.09245e-07
843 0.621 0.254 4.1 1.372 -7.26323e-07
844 0.645 0.329 3.646 0.099 1.63573e-06
845 0.645 0.329 3.66 0.227 3.29227e-06
846 0.646 0.329 3.668 0.37 4.13548e-06
847 0.645 0.328 3.699 0.517 3.88912e-06
848 0.647 0.327 3.724 0.664 2.86462e-06
849 0.642 0.324 3.822 0.809 1.67396e-06
850 0.635 0.32 4.045 0.954 6.42904e-07
851 0.632 0.311 4.242 1.093 4.71507e-08
852 0.646 0.382 3.94 0.101 1.08573e-06
853 0.647 0.385 3.794 0.229 2.35672e-06
854 0.647 0.387 3.714 0.371 3.1141e-06
855 0.646 0.386 3.775 0.512 2.87248e-06
856 0.644 0.382 3.957 0.657 2.00283e-06
857 0.636 0.377 4.195 0.797 1.14039e-06
858 0.619 0.373 4.39 0.923 5.23654e-07
859 0.646 0.436 4.215 0.114 7.88008e-07
860 0.647 0.441 4.034 0.235 1.56012e-06
861 0.644 0.441 4.013 0.372 2.00102e-06
862 0.639 0.439 4.089 0.505 1.89838e-06
863 0.625 0.435 4.253 0.639 1.46281e-06
864 0.609 0.423 4.384 0.759 1.00511e-06
865 0.688 0.484 4.428 0.143 5.45887e-07
866 0.64 0.488 4.363 0.237 1.03562e-06
867 0.632 0.488 4.36 0.368 1.33563e-06
868 0.615 0.488 4.37 0.487 1.38168e-06
869 0.705 0.343 3.298 0.097 1.49376e-06
870 0.705 0.344 3.275 0.23 3.19275e-06
871 0.706 0.345 3.269 0.366 4.07024e-06
872 0.706 0.345 3.279 0.511 3.94726e-06
873 0.703 0.341 3.412 0.644 2.93018e-06
874 0.708 0.386 3.798 0.101 8.93263e-07
875 0.71 0.39 3.679 0.229 1.92837e-06
876 0.709 0.388 3.681 0.369 2.49962e-06
877 0.707 0.385 3.838 0.504 2.25264e-06
878 0.705 0.383 4.105 0.638 1.58302e-06
879 0.713 0.436 4.224 0.109 5.67108e-07
880 0.713 0.439 4.11 0.227 1.12654e-06
881 0.711 0.436 4.171 0.361 1.42389e-06
882 0.708 0.43 4.306 0.481 1.375e-06
883 0.708 0.486 4.414 0.209 6.84556e-07
884 0.142 0.291 4.618 0.108 3.97763e-05
885 0.148 0.29 4.619 0.222 6.21379e-05
886 0.161 0.29 4.617 0.36 5.6037e-05
887 0.183 0.291 4.625 0.491 3.25455e-05
888 0.146 0.333 4.867 0.096 2.50733e-05
889 0.147 0.331 4.883 0.222 4.5585e-05
890 0.16 0.331 4.884 0.361 4.07843e-05
891 0.183 0.33 4.913 0.491 2.34349e-05
892 0.199 0.305 4.728 0.604 1.39845e-05
893 0.149 0.389 5.192 0.086 1.43021e-05
894 0.146 0.389 5.215 0.224 2.95651e-05
895 0.16 0.388 5.246 0.36 2.58277e-05
896 0.184 0.388 5.304 0.489 1.44932e-05
897 0.199 0.362 5.559 0.61 7.04455e-06
898 0.15 0.448 5.535 0.085 8.64668e-06
899 0.146 0.448 5.516 0.222 1.84486e-05
900 0.161 0.448 5.583 0.359 1.56845e-05
901 0.185 0.448 5.75 0.49 8.34168e-06
902 0.151 0.505 5.832 0.087 5.37097e-06
903 0.146 0.506 5.747 0.222 1.14931e-05
904 0.162 0.505 5.806 0.359 9.7501e-06
905 0.185 0.507 6.042 0.489 4.99621e-06
906 0.194 0.498 6.922 0.602 1.92183e-06
907 0.151 0.561 6.32 0.089 3.0195e-06
908 0.147 0.561 6.293 0.223 6.16087e-06
909 0.161 0.561 6.33 0.363 5.26517e-06
910 0.186 0.561 6.396 0.486 2.92104e-06
911 0.198 0.54 6.916 0.604 1.31662e-06
912 0.154 0.605 6.862 0.093 1.75738e-06
913 0.149 0.604 6.865 0.224 3.46853e-06
914 0.156 0.604 6.878 0.354 3.20501e-06
915 0.179 0.603 6.838 0.48 1.87119e-06
916 0.243 0.291 4.613 0.113 1.70343e-05
917 0.246 0.29 4.619 0.229 2.78103e-05
918 0.25 0.29 4.621 0.367 2.87379e-05
919 0.247 0.29 4.618 0.518 2.04926e-05
920 0.263 0.29 4.622 0.661 8.77372e-06
921 0.279 0.29 4.614 0.792 1.69454e-06
922 0.246 0.335 4.848 0.101 1.10242e-05
923 0.249 0.331 4.882 0.222 1.95761e-05
924 0.249 0.331 4.886 0.369 2.10417e-05
925 0.247 0.331 4.884 0.518 1.4809e-05
926 0.263 0.331 4.892 0.656 6.46187e-06
927 0.283 0.332 4.905 0.792 1.11805e-06
928 0.297 0.329 5.046 0.909 -1.12637e-06
929 0.247 0.39 5.158 0.095 6.8598e-06
930 0.251 0.388 5.24 0.217 1.22499e-05
931 0.248 0.388 5.237 0.369 1.35913e-05
932 0.248 0.388 5.22 0.518 9.39713e-06
933 0.263 0.389 5.264 0.656 3.93305e-06
934 0.283 0.39 5.387 0.79 6.03818e-07
935 0.294 0.402 6.008 0.904 -5.36385e-07
936 0.247 0.448 5.535 0.094 4.1896e-06
937 0.25 0.448 5.519 0.217 7.86545e-06
938 0.248 0.448 5.505 0.37 8.63456e-06
939 0.248 0.448 5.509 0.518 5.83156e-06
940 0.264 0.448 5.642 0.658 2.26105e-06
941 0.283 0.447 5.903 0.791 2.8389e-07
942 0.298 0.444 6.115 0.903 -4.50578e-07
943 0.246 0.505 5.869 0.097 2.65257e-06
944 0.251 0.506 5.706 0.216 5.0189e-06
945 0.248 0.506 5.735 0.369 5.42458e-06
946 0.247 0.506 5.752 0.518 3.59758e-06
947 0.265 0.506 5.92 0.656 1.34132e-06
948 0.282 0.502 6.304 0.788 1.36753e-07
949 0.247 0.561 6.35 0.097 1.46502e-06
950 0.253 0.561 6.277 0.216 2.66164e-06
951 0.247 0.56 6.247 0.369 3.01965e-06
952 0.247 0.561 6.287 0.519 1.93491e-06
953 0.265 0.561 6.41 0.66 6.9467e-07
954 0.278 0.548 6.705 0.774 1.1044e-07
955 0.251 0.605 6.878 0.104 8.7784e-07
956 0.252 0.605 6.883 0.214 1.49978e-06
957 0.25 0.604 6.885 0.355 1.67193e-06
958 0.243 0.605 6.909 0.525 1.06876e-06
959 0.262 0.606 6.93 0.644 4.55726e-07
960 0.342 0.292 4.607 0.117 8.48056e-06
961 0.344 0.291 4.621 0.233 1.39499e-05
962 0.348 0.29 4.618 0.37 1.51939e-05
963 0.352 0.29 4.62 0.514 1.17489e-05
964 0.348 0.29 4.621 0.67 6.38803e-06
965 0.35 0.29 4.622 0.815 1.82749e-06
966 0.362 0.29 4.618 0.955 -8.0591e-07
967 0.382 0.289 4.601 1.102 -1.91441e-06
968 0.347 0.336 4.844 0.1 5.22301e-06
969 0.347 0.333 4.865 0.229 9.99629e-06
970 0.35 0.33 4.887 0.366 1.10393e-05
971 0.349 0.33 4.887 0.517 8.674e-06
972 0.348 0.331 4.884 0.669 4.62962e-06
973 0.35 0.33 4.875 0.814 1.26939e-06
974 0.363 0.33 4.895 0.955 -6.61664e-07
975 0.383 0.33 4.969 1.09 -1.30972e-06
976 0.397 0.337 5.293 1.204 -1.22413e-06
977 0.348 0.39 5.145 0.096 3.36253e-06
978 0.349 0.389 5.21 0.223 6.34331e-06
979 0.352 0.388 5.245 0.365 7.00794e-06
980 0.349 0.389 5.224 0.518 5.53373e-06
981 0.348 0.389 5.201 0.668 2.94981e-06
982 0.352 0.388 5.224 0.815 7.08823e-07
983 0.364 0.388 5.308 0.951 -4.57557e-07
984 0.381 0.387 5.497 1.078 -8.07709e-07
985 0.349 0.448 5.538 0.096 2.05558e-06
986 0.35 0.449 5.508 0.222 4.00097e-06
987 0.352 0.448 5.525 0.366 4.4839e-06
988 0.348 0.448 5.529 0.519 3.4918e-06
989 0.348 0.448 5.513 0.668 1.80349e-06
990 0.351 0.447 5.595 0.811 4.01398e-07
991 0.361 0.445 5.882 0.948 -2.94279e-07
992 0.378 0.438 6.13 1.072 -4.8908e-07
993 0.349 0.505 5.937 0.1 1.27579e-06
994 0.349 0.506 5.733 0.224 2.60371e-06
995 0.352 0.506 5.733 0.364 2.87772e-06
996 0.349 0.505 5.77 0.517 2.19787e-06
997 0.348 0.506 5.808 0.667 1.07888e-06
998 0.346 0.503 6.108 0.807 2.16283e-07
999 0.362 0.497 6.619 0.936 -1.3425e-07
1000 0.348 0.561 6.387 0.1 7.28867e-07
1001 0.351 0.561 6.298 0.228 1.40375e-06
1002 0.354 0.561 6.271 0.362 1.55546e-06
1003 0.35 0.561 6.321 0.516 1.18153e-06
1004 0.35 0.56 6.39 0.665 5.82964e-07
1005 0.346 0.552 6.57 0.783 1.85342e-07
1006 0.355 0.605 6.887 0.103 4.19475e-07
1007 0.352 0.604 6.855 0.229 8.08648e-07
1008 0.35 0.604 6.863 0.354 9.12044e-07
1009 0.36 0.605 6.877 0.511 6.55088e-07
1010 0.326 0.605 6.921 0.622 4.66036e-07
1011 0.443 0.294 4.62 0.123 4.28494e-06
1012 0.445 0.291 4.616 0.236 7.06714e-06
1013 0.446 0.29 4.616 0.375 8.16011e-06
1014 0.448 0.29 4.62 0.516 6.87785e-06
1015 0.452 0.29 4.619 0.665 4.33794e-06
1016 0.449 0.29 4.615 0.818 1.8833e-06
1017 0.448 0.29 4.625 0.965 1.29082e-07
1018 0.447 0.29 4.612 1.107 -9.09635e-07
1019 0.456 0.29 4.611 1.25 -1.33774e-06
1020 0.458 0.285 4.521 1.41 -1.6693e-06
1021 0.447 0.337 4.826 0.1 2.59431e-06
1022 0.447 0.334 4.857 0.23 5.06928e-06
1023 0.448 0.332 4.881 0.371 5.89639e-06
1024 0.451 0.33 4.889 0.513 5.00366e-06
1025 0.45 0.331 4.887 0.665 3.17742e-06
1026 0.447 0.331 4.874 0.815 1.37832e-06
1027 0.446 0.332 4.892 0.969 1.38234e-09
1028 0.452 0.331 4.889 1.111 -6.84554e-07
1029 0.457 0.326 4.907 1.25 -1.00945e-06
1030 0.438 0.321 5.069 1.356 -1.22854e-06
1031 0.448 0.391 5.122 0.098 1.71033e-06
1032 0.449 0.39 5.16 0.225 3.29716e-06
1033 0.45 0.389 5.227 0.367 3.79051e-06
1034 0.451 0.389 5.219 0.514 3.23461e-06
1035 0.448 0.388 5.216 0.666 2.06331e-06
1036 0.449 0.389 5.23 0.817 8.26928e-07
1037 0.447 0.388 5.244 0.964 -2.18895e-08
1038 0.451 0.384 5.352 1.107 -4.52351e-07
1039 0.46 0.38 5.615 1.234 -5.41172e-07
1040 0.449 0.448 5.523 0.097 1.03859e-06
1041 0.449 0.449 5.498 0.224 2.0724e-06
1042 0.451 0.449 5.471 0.366 2.46767e-06
1043 0.452 0.449 5.536 0.516 2.0163e-06
1044 0.45 0.448 5.523 0.664 1.28314e-06
1045 0.451 0.447 5.571 0.812 5.13735e-07
1046 0.445 0.444 5.77 0.952 -2.71593e-10
1047 0.455 0.435 6.095 1.083 -2.05412e-07
1048 0.449 0.505 5.983 0.1 6.23357e-07
1049 0.449 0.506 5.797 0.228 1.30995e-06
1050 0.451 0.506 5.71 0.366 1.57902e-06
1051 0.453 0.505 5.808 0.513 1.27539e-06
1052 0.449 0.505 5.84 0.665 7.7881e-07
1053 0.449 0.502 6.105 0.81 2.92856e-07
1054 0.447 0.495 6.602 0.934 3.60717e-08
1055 0.45 0.492 6.957 1.058 -9.23997e-08
1056 0.448 0.561 6.424 0.099 3.55685e-07
1057 0.45 0.561 6.334 0.228 7.14374e-07
1058 0.45 0.561 6.297 0.364 8.51616e-07
1059 0.452 0.562 6.337 0.513 6.95101e-07
1060 0.448 0.559 6.347 0.654 4.57501e-07
1061 0.441 0.553 6.623 0.775 2.22627e-07
1062 0.445 0.604 6.848 0.114 2.52915e-07
1063 0.451 0.604 6.875 0.232 4.18306e-07
1064 0.449 0.605 6.893 0.369 4.84979e-07
1065 0.465 0.604 6.916 0.528 3.67373e-07
1066 0.455 0.602 6.847 0.648 2.71158e-07
1067 0.547 0.295 4.585 0.125 2.19589e-06
1068 0.543 0.291 4.612 0.239 3.7917e-06
1069 0.546 0.29 4.619 0.377 4.46566e-06
1070 0.547 0.29 4.616 0.523 4.03911e-06
1071 0.549 0.289 4.614 0.665 2.92136e-06
1072 0.548 0.289 4.616 0.817 1.60194e-06
1073 0.551 0.29 4.607 0.968 5.2626e-07
1074 0.543 0.291 4.626 1.112 -1.88563e-07
1075 0.547 0.291 4.612 1.26 -5.8255e-07
1076 0.574 0.295 4.779 1.393 -5.79796e-07
1077 0.547 0.338 4.82 0.099 1.31505e-06
1078 0.547 0.335 4.844 0.232 2.67729e-06
1079 0.548 0.334 4.862 0.374 3.2394e-06
1080 0.549 0.331 4.886 0.517 2.95325e-06
1081 0.55 0.331 4.892 0.664 2.11461e-06
1082 0.549 0.331 4.891 0.816 1.15405e-06
1083 0.548 0.331 4.87 0.968 3.60553e-07
1084 0.549 0.331 4.866 1.108 -1.34284e-07
1085 0.541 0.323 4.934 1.248 -4.51492e-07
1086 0.543 0.308 4.819 1.36 -6.45214e-07
1087 0.548 0.391 5.098 0.099 8.96894e-07
1088 0.548 0.391 5.129 0.227 1.77163e-06
1089 0.549 0.389 5.2 0.37 2.12476e-06
1090 0.55 0.389 5.224 0.516 1.9146e-06
1091 0.551 0.389 5.221 0.665 1.36658e-06
1092 0.551 0.388 5.226 0.816 7.35319e-07
1093 0.547 0.387 5.291 0.965 2.19695e-07
1094 0.545 0.381 5.399 1.111 -1.01539e-07
1095 0.517 0.373 5.563 1.237 -3.33429e-07
1096 0.549 0.448 5.485 0.098 5.48588e-07
1097 0.549 0.449 5.485 0.227 1.1055e-06
1098 0.549 0.449 5.472 0.367 1.37605e-06
1099 0.55 0.449 5.493 0.515 1.23922e-06
1100 0.55 0.448 5.548 0.662 8.67988e-07
1101 0.547 0.446 5.615 0.808 4.69898e-07
1102 0.548 0.442 5.932 0.952 1.47297e-07
1103 0.534 0.436 6.239 1.096 -4.88366e-08
1104 0.548 0.505 6.037 0.1 3.15344e-07
1105 0.548 0.505 5.881 0.228 6.7397e-07
1106 0.549 0.506 5.725 0.368 8.78781e-07
1107 0.551 0.506 5.777 0.513 7.77244e-07
1108 0.548 0.505 5.989 0.658 5.19726e-07
1109 0.545 0.498 6.306 0.803 2.69929e-07
1110 0.528 0.493 6.697 0.937 9.19917e-08
1111 0.546 0.56 6.479 0.102 1.88167e-07
1112 0.547 0.56 6.365 0.23 3.85246e-07
1113 0.548 0.56 6.287 0.369 4.83776e-07
1114 0.551 0.561 6.314 0.512 4.27561e-07
1115 0.546 0.557 6.476 0.647 3.12645e-07
1116 0.527 0.553 6.78 0.766 1.94532e-07
1117 0.553 0.605 6.88 0.096 1.03658e-07
1118 0.544 0.605 6.875 0.223 2.24265e-07
1119 0.557 0.604 6.885 0.375 2.63471e-07
1120 0.539 0.605 6.874 0.504 2.66182e-07
1121 0.638 0.296 4.585 0.132 1.38546e-06
1122 0.629 0.292 4.611 0.242 2.39834e-06
1123 0.631 0.291 4.619 0.377 2.92e-06
1124 0.629 0.291 4.616 0.521 2.83122e-06
1125 0.629 0.291 4.622 0.669 2.17112e-06
1126 0.632 0.29 4.623 0.807 1.39061e-06
1127 0.624 0.29 4.628 0.963 6.12968e-07
1128 0.633 0.29 4.61 1.109 8.25884e-08
1129 0.623 0.287 4.577 1.274 -3.29414e-07
1130 0.639 0.34 4.815 0.1 7.89981e-07
1131 0.637 0.337 4.832 0.231 1.64443e-06
1132 0.637 0.336 4.852 0.375 2.07914e-06
1133 0.638 0.334 4.873 0.519 1.98625e-06
1134 0.637 0.332 4.882 0.665 1.56107e-06
1135 0.639 0.332 4.879 0.815 9.61831e-07
1136 0.638 0.334 4.884 0.963 4.31183e-07
1137 0.634 0.328 4.91 1.115 4.13868e-08
1138 0.633 0.313 4.889 1.242 -1.80641e-07
1139 0.646 0.392 5.098 0.098 5.0772e-07
1140 0.645 0.392 5.096 0.227 1.0568e-06
1141 0.646 0.391 5.17 0.371 1.30737e-06
1142 0.645 0.389 5.208 0.518 1.26415e-06
1143 0.647 0.39 5.202 0.664 9.75007e-07
1144 0.644 0.389 5.241 0.813 6.10149e-07
1145 0.637 0.386 5.361 0.955 2.85558e-07
1146 0.622 0.377 5.522 1.088 5.66403e-08
1147 0.646 0.448 5.502 0.1 3.21277e-07
1148 0.647 0.449 5.506 0.228 6.43174e-07
1149 0.648 0.449 5.487 0.369 8.26596e-07
1150 0.648 0.449 5.504 0.517 7.96024e-07
1151 0.646 0.446 5.631 0.66 6.08694e-07
1152 0.641 0.444 5.891 0.804 3.63306e-07
1153 0.627 0.437 6.094 0.933 1.92781e-07
1154 0.646 0.505 6.077 0.1 1.78217e-07
1155 0.647 0.505 5.899 0.229 3.9071e-07
1156 0.646 0.505 5.825 0.37 5.20197e-07
1157 0.643 0.504 5.914 0.51 4.99347e-07
1158 0.638 0.501 6.283 0.655 3.53393e-07
1159 0.627 0.495 6.587 0.794 2.2345e-07
1160 0.611 0.48 6.66 0.909 1.41765e-07
1161 0.645 0.56 6.493 0.103 1.07944e-07
1162 0.645 0.561 6.382 0.229 2.22563e-07
1163 0.642 0.56 6.353 0.368 2.95373e-07
1164 0.631 0.555 6.457 0.5 3.06193e-07
1165 0.624 0.547 6.803 0.636 2.36047e-07
1166 0.649 0.604 6.883 0.109 6.81048e-08
1167 0.636 0.604 6.858 0.229 1.41657e-07
1168 0.628 0.605 6.9 0.363 1.8342e-07
1169 0.603 0.602 6.734 0.499 2.13028e-07
1170 0.705 0.408 4.768 0.103 4.49041e-07
1171 0.704 0.407 4.787 0.229 8.90847e-07
1172 0.705 0.407 4.761 0.371 1.17419e-06
1173 0.704 0.407 4.738 0.515 1.17812e-06
1174 0.703 0.402 4.766 0.655 9.67433e-07
1175 0.701 0.406 5.025 0.79 5.74686e-07
1176 0.709 0.453 5.229 0.097 2.6395e-07
1177 0.71 0.453 5.198 0.228 5.64842e-07
1178 0.709 0.453 5.174 0.372 7.4809e-07
1179 0.707 0.451 5.321 0.513 7.00445e-07
1180 0.705 0.445 5.602 0.651 5.25369e-07
1181 0.702 0.438 5.893 0.787 3.39703e-07
1182 0.713 0.509 6.014 0.1 1.34378e-07
1183 0.712 0.506 5.873 0.226 2.98217e-07
1184 0.71 0.504 6.007 0.365 3.73731e-07
1185 0.709 0.5 6.265 0.503 3.48028e-07
1186 0.703 0.494 6.716 0.635 2.58215e-07
1187 0.715 0.557 6.552 0.099 7.68221e-08
1188 0.714 0.555 6.537 0.217 1.56972e-07
1189 0.712 0.551 6.678 0.351 2.04369e-07
1190 0.704 0.544 6.815 0.484 2.12207e-07
1191 0.15 0.522 7.151 0.083 2.861e-06
1192 0.148 0.522 7.155 0.224 6.1008e-06
1193 0.154 0.522 7.149 0.36 5.7369e-06
1194 0.18 0.523 7.166 0.495 3.07351e-06
1195 0.199 0.503 7.044 0.61 1.65236e-06
1196 0.151 0.569 7.383 0.085 1.88609e-06
1197 0.147 0.57 7.368 0.225 3.99521e-06
1198 0.156 0.571 7.374 0.36 3.59177e-06
1199 0.179 0.569 7.37 0.493 2.02183e-06
1200 0.198 0.568 7.609 0.613 7.90608e-07
1201 0.152 0.619 7.731 0.087 1.12318e-06
1202 0.149 0.618 7.671 0.223 2.36155e-06
1203 0.157 0.619 7.725 0.364 2.09474e-06
1204 0.182 0.619 7.731 0.502 1.09287e-06
1205 0.195 0.616 7.933 0.605 4.92794e-07
1206 0.249 0.523 7.148 0.093 1.35786e-06
1207 0.249 0.522 7.156 0.218 2.64013e-06
1208 0.25 0.523 7.142 0.369 2.83285e-06
1209 0.243 0.521 7.143 0.518 2.04879e-06
1210 0.256 0.521 7.145 0.66 8.30446e-07
1211 0.275 0.52 7.158 0.792 9.12991e-08
1212 0.25 0.569 7.387 0.094 8.99192e-07
1213 0.25 0.571 7.366 0.218 1.70679e-06
1214 0.249 0.57 7.387 0.368 1.85402e-06
1215 0.249 0.571 7.362 0.522 1.23241e-06
1216 0.259 0.567 7.363 0.663 5.0549e-07
1217 0.282 0.564 7.383 0.783 7.59338e-08
1218 0.246 0.619 7.742 0.093 5.44486e-07
1219 0.252 0.619 7.693 0.216 1.01584e-06
1220 0.25 0.618 7.69 0.366 1.12291e-06
1221 0.244 0.619 7.693 0.518 7.62914e-07
1222 0.257 0.619 7.745 0.652 3.0554e-07
1223 0.277 0.606 7.931 0.765 6.66327e-08
1224 0.349 0.523 7.161 0.099 6.94804e-07
1225 0.351 0.521 7.144 0.221 1.3218e-06
1226 0.35 0.522 7.155 0.367 1.51213e-06
1227 0.349 0.521 7.149 0.515 1.20266e-06
1228 0.346 0.52 7.137 0.678 6.07272e-07
1229 0.341 0.524 7.196 0.815 1.3533e-07
1230 0.346 0.518 7.134 0.921 -9.97426e-08
1231 0.351 0.57 7.38 0.095 4.38711e-07
1232 0.35 0.571 7.368 0.223 8.68157e-07
1233 0.352 0.571 7.358 0.367 9.78792e-07
1234 0.353 0.571 7.381 0.516 7.49299e-07
1235 0.353 0.57 7.359 0.668 3.93527e-07
1236 0.348 0.562 7.365 0.806 1.05372e-07
1237 0.371 0.546 7.445 0.902 -1.46546e-08
1238 0.35 0.619 7.744 0.094 2.62117e-07
1239 0.349 0.619 7.687 0.223 5.34953e-07
1240 0.353 0.618 7.694 0.364 5.95849e-07
1241 0.35 0.618 7.679 0.516 4.66805e-07
1242 0.34 0.616 7.724 0.661 2.53752e-07
1243 0.391 0.606 7.864 0.785 9.28936e-08
1244 0.447 0.521 7.145 0.099 3.54797e-07
1245 0.448 0.523 7.15 0.222 6.73366e-07
1246 0.449 0.522 7.154 0.367 8.11141e-07
1247 0.454 0.523 7.168 0.513 6.74496e-07
1248 0.454 0.522 7.15 0.663 4.39145e-07
1249 0.457 0.52 7.151 0.814 1.90736e-07
1250 0.435 0.514 7.131 0.957 -5.5792e-09
1251 0.45 0.57 7.381 0.095 2.1861e-07
1252 0.451 0.57 7.373 0.221 4.3808e-07
1253 0.45 0.57 7.363 0.366 5.33903e-07
1254 0.453 0.569 7.344 0.514 4.56741e-07
1255 0.451 0.57 7.349 0.665 2.85749e-07
1256 0.458 0.564 7.407 0.802 1.3371e-07
1257 0.406 0.551 7.443 0.908 1.24781e-08
1258 0.451 0.619 7.734 0.094 1.29862e-07
1259 0.446 0.619 7.737 0.229 2.78644e-07
1260 0.45 0.619 7.709 0.366 3.21763e-07
1261 0.458 0.619 7.7 0.51 2.66839e-07
1262 0.45 0.618 7.747 0.65 1.79608e-07
1263 0.427 0.608 7.888 0.768 1.05252e-07
1264 0.548 0.521 7.148 0.099 1.79549e-07
1265 0.553 0.523 7.156 0.226 3.45372e-07
1266 0.553 0.523 7.156 0.37 4.33246e-07
1267 0.549 0.523 7.173 0.515 4.06489e-07
1268 0.552 0.52 7.162 0.655 3.06949e-07
1269 0.547 0.52 7.156 0.807 1.73617e-07
1270 0.537 0.503 7.041 0.927 9.10621e-08
1271 0.546 0.571 7.391 0.098 1.17458e-07
1272 0.549 0.569 7.38 0.225 2.36139e-07
1273 0.55 0.57 7.363 0.364 2.92796e-07
1274 0.549 0.57 7.378 0.517 2.70555e-07
1275 0.551 0.569 7.401 0.655 1.98656e-07
1276 0.534 0.559 7.412 0.796 1.30096e-07
1277 0.546 0.618 7.736 0.095 7.02409e-08
1278 0.549 0.619 7.722 0.226 1.42612e-07
1279 0.552 0.619 7.73 0.369 1.74841e-07
1280 0.548 0.616 7.678 0.511 1.72222e-07
1281 0.539 0.613 7.747 0.631 1.41081e-07
1282 0.648 0.524 7.161 0.101 1.00705e-07
1283 0.647 0.523 7.15 0.229 2.07769e-07
1284 0.649 0.521 7.148 0.368 2.6715e-07
1285 0.649 0.522 7.138 0.52 2.61548e-07
1286 0.646 0.521 7.141 0.654 2.17849e-07
1287 0.624 0.518 7.146 0.785 1.66024e-07
1288 0.645 0.57 7.379 0.098 6.76392e-08
1289 0.647 0.568 7.388 0.226 1.3898e-07
1290 0.646 0.57 7.377 0.368 1.7967e-07
1291 0.641 0.567 7.364 0.508 1.87843e-07
1292 0.632 0.556 7.404 0.646 1.70081e-07
1293 0.624 0.554 7.595 0.756 1.23081e-07
1294 0.648 0.618 7.751 0.094 3.85303e-08
1295 0.643 0.618 7.706 0.225 8.6867e-08
1296 0.635 0.616 7.714 0.367 1.20111e-07
1297 0.623 0.615 7.769 0.493 1.2502e-07
1298 0.709 0.523 7.174 0.096 7.35906e-08
1299 0.709 0.526 7.152 0.231 1.5726e-07
1300 0.708 0.522 7.137 0.364 2.10604e-07
1301 0.709 0.525 7.19 0.528 2.03948e-07
1302 0.705 0.504 7.049 0.668 2.02547e-07
1303 0.714 0.571 7.372 0.094 4.80226e-08
1304 0.712 0.568 7.393 0.227 1.0637e-07
1305 0.711 0.561 7.366 0.363 1.48363e-07
1306 0.709 0.551 7.346 0.488 1.65646e-07
1307 0.715 0.611 7.904 0.099 3.07304e-08
1308 0.709 0.61 7.887 0.211 6.17768e-08
1309 0.703 0.606 7.719 0.311 8.7729e-08
