0 0.173 0.082 1.241 0.259 0.00183822
1 0.177 0.077 1.228 0.367 0.00178057
2 0.19 0.077 1.25 0.474 0.0011285
3 0.197 0.131 1.453 0.145 0.000600727
4 0.193 0.124 1.453 0.195 0.000782767
5 0.194 0.124 1.453 0.367 0.000819036
6 0.275 0.115 1.255 0.143 0.000499573
7 0.248 0.093 1.24 0.251 0.000992812
8 0.249 0.083 1.228 0.376 0.00103407
9 0.256 0.081 1.227 0.515 0.000635962
10 0.277 0.08 1.242 0.647 0.000215093
11 0.292 0.077 1.278 0.77 -7.53596e-06
12 0.271 0.141 1.395 0.133 0.000336539
13 0.264 0.132 1.399 0.208 0.000502512
14 0.261 0.132 1.401 0.375 0.000533005
15 0.268 0.132 1.399 0.516 0.000321909
16 0.291 0.127 1.418 0.624 0.000140784
17 0.289 0.186 1.48 0.126 0.000198919
18 0.288 0.183 1.473 0.177 0.000265699
19 0.289 0.186 1.481 0.368 0.000301341
20 0.29 0.185 1.481 0.516 0.000189981
21 0.357 0.113 1.259 0.138 0.000262595
22 0.346 0.099 1.242 0.248 0.000464082
23 0.345 0.089 1.231 0.383 0.000508543
24 0.348 0.083 1.227 0.521 0.000361303
25 0.351 0.082 1.227 0.667 0.000143264
26 0.361 0.081 1.239 0.806 -6.21788e-06
27 0.379 0.077 1.25 0.941 -7.04181e-05
28 0.393 0.077 1.307 1.065 -8.05581e-05
29 0.355 0.144 1.399 0.12 0.000158665
30 0.35 0.136 1.393 0.222 0.000269608
31 0.354 0.134 1.398 0.374 0.000280187
32 0.35 0.136 1.395 0.52 0.000194415
33 0.356 0.135 1.4 0.662 7.75141e-05
34 0.38 0.131 1.41 0.785 7.8462e-06
35 0.395 0.126 1.484 0.903 -2.22261e-05
36 0.351 0.186 1.481 0.104 0.000103946
37 0.358 0.186 1.479 0.21 0.000169617
38 0.351 0.186 1.48 0.392 0.000189812
39 0.359 0.187 1.483 0.508 0.000130464
40 0.372 0.185 1.479 0.652 5.33547e-05
41 0.453 0.112 1.253 0.13 0.000127773
42 0.446 0.1 1.24 0.243 0.000228792
43 0.445 0.093 1.232 0.385 0.000259103
44 0.447 0.087 1.229 0.523 0.000200651
45 0.447 0.083 1.225 0.671 0.000100718
46 0.449 0.082 1.226 0.817 1.25263e-05
47 0.453 0.082 1.235 0.961 -3.75504e-05
48 0.464 0.078 1.239 1.103 -5.68499e-05
49 0.482 0.077 1.269 1.238 -5.38134e-05
50 0.496 0.07 1.226 1.364 -5.67781e-05
51 0.452 0.146 1.403 0.108 7.0166e-05
52 0.449 0.137 1.392 0.223 0.000133363
53 0.449 0.136 1.396 0.376 0.000149202
54 0.454 0.136 1.397 0.512 0.000111861
55 0.447 0.137 1.395 0.675 5.15871e-05
56 0.451 0.137 1.398 0.813 6.34493e-06
57 0.469 0.134 1.414 0.945 -1.65365e-05
58 0.484 0.124 1.439 1.076 -2.52282e-05
59 0.454 0.186 1.478 0.085 4.07855e-05
60 0.449 0.187 1.479 0.216 8.95135e-05
61 0.456 0.186 1.481 0.366 9.87764e-05
62 0.455 0.186 1.477 0.516 7.52398e-05
63 0.445 0.187 1.482 0.671 3.54593e-05
64 0.47 0.187 1.482 0.809 4.68453e-06
65 0.489 0.181 1.462 0.912 -7.97397e-06
66 0.551 0.111 1.255 0.124 6.48168e-05
67 0.545 0.102 1.242 0.24 0.000119946
68 0.545 0.096 1.234 0.382 0.000141783
69 0.545 0.091 1.231 0.527 0.00011735
70 0.547 0.087 1.23 0.67 6.82438e-05
71 0.546 0.084 1.224 0.819 1.87903e-05
72 0.547 0.082 1.225 0.966 -1.53275e-05
73 0.549 0.082 1.232 1.111 -3.16158e-05
74 0.553 0.081 1.24 1.256 -3.65738e-05
75 0.568 0.079 1.252 1.401 -3.44085e-05
76 0.551 0.146 1.401 0.099 3.38345e-05
77 0.549 0.139 1.393 0.222 6.93219e-05
78 0.548 0.136 1.396 0.375 8.33322e-05
79 0.549 0.138 1.395 0.521 6.63927e-05
80 0.552 0.136 1.4 0.66 3.89747e-05
81 0.545 0.138 1.393 0.824 8.47269e-06
82 0.55 0.138 1.393 0.963 -8.65963e-06
83 0.56 0.132 1.404 1.1 -1.6688e-05
84 0.568 0.127 1.431 1.234 -1.87213e-05
85 0.553 0.186 1.479 0.088 2.18613e-05
86 0.548 0.187 1.479 0.21 4.65445e-05
87 0.55 0.187 1.479 0.378 5.60036e-05
88 0.554 0.186 1.482 0.519 4.47504e-05
89 0.544 0.187 1.48 0.681 2.38919e-05
90 0.544 0.186 1.476 0.826 4.89678e-06
91 0.545 0.183 1.474 0.938 -5.46412e-06
92 0.617 0.112 1.247 0.117 4.18956e-05
93 0.615 0.106 1.249 0.235 7.58071e-05
94 0.613 0.102 1.247 0.378 9.22941e-05
95 0.612 0.1 1.246 0.528 7.82406e-05
96 0.611 0.098 1.256 0.668 4.84893e-05
97 0.61 0.096 1.262 0.816 1.6853e-05
98 0.61 0.096 1.262 0.969 -7.05295e-06
99 0.611 0.097 1.253 1.111 -1.94995e-05
100 0.611 0.095 1.262 1.253 -2.41158e-05
101 0.607 0.095 1.34 1.41 -2.15056e-05
102 0.628 0.149 1.407 0.095 1.97927e-05
103 0.626 0.142 1.394 0.222 4.32123e-05
104 0.624 0.137 1.392 0.371 5.50834e-05
105 0.626 0.141 1.397 0.527 4.45418e-05
106 0.627 0.14 1.399 0.663 2.85336e-05
107 0.625 0.139 1.396 0.815 1.00953e-05
108 0.623 0.138 1.388 0.966 -4.05167e-06
109 0.62 0.129 1.4 1.105 -1.16616e-05
110 0.612 0.125 1.452 1.231 -1.40599e-05
111 0.639 0.187 1.48 0.095 1.34825e-05
112 0.64 0.186 1.478 0.203 2.58335e-05
113 0.638 0.187 1.479 0.398 3.39049e-05
114 0.637 0.186 1.481 0.534 2.86235e-05
115 0.646 0.186 1.481 0.654 1.85529e-05
116 0.617 0.186 1.482 0.847 4.05598e-06
117 0.171 0.106 1.693 0.26 0.000838992
118 0.175 0.104 1.698 0.368 0.000776154
119 0.189 0.104 1.709 0.479 0.000499591
120 0.193 0.157 1.8 0.144 0.00034153
121 0.182 0.131 1.84 0.229 0.00053628
122 0.182 0.13 1.844 0.373 0.000524252
123 0.191 0.13 1.871 0.474 0.0003548
124 0.242 0.11 1.654 0.262 0.000511036
125 0.248 0.106 1.686 0.376 0.000463414
126 0.253 0.105 1.69 0.517 0.000292698
127 0.272 0.105 1.699 0.652 0.000106161
128 0.291 0.104 1.732 0.776 5.79178e-06
129 0.264 0.161 1.725 0.131 0.000199342
130 0.254 0.141 1.767 0.228 0.000324553
131 0.256 0.137 1.799 0.37 0.000320373
132 0.256 0.137 1.793 0.519 0.000205825
133 0.278 0.135 1.827 0.644 7.9072e-05
134 0.293 0.127 1.929 0.771 7.87427e-06
135 0.275 0.197 1.835 0.118 0.000124262
136 0.274 0.195 1.85 0.199 0.000182829
137 0.272 0.195 1.831 0.388 0.000201994
138 0.275 0.195 1.845 0.526 0.000123533
139 0.29 0.19 1.906 0.622 6.03137e-05
140 0.289 0.248 1.939 0.116 7.75922e-05
141 0.288 0.249 1.934 0.188 0.000113243
142 0.287 0.247 1.92 0.392 0.000128399
143 0.288 0.249 1.958 0.527 7.74119e-05
144 0.37 0.118 1.54 0.148 0.000154422
145 0.344 0.112 1.633 0.259 0.000240063
146 0.343 0.108 1.668 0.386 0.00023606
147 0.347 0.106 1.685 0.522 0.000163117
148 0.35 0.105 1.686 0.668 7.23206e-05
149 0.356 0.105 1.695 0.81 5.12207e-06
150 0.375 0.105 1.715 0.948 -2.44951e-05
151 0.39 0.106 1.772 1.066 -3.04859e-05
152 0.353 0.16 1.704 0.12 9.49001e-05
153 0.348 0.146 1.74 0.23 0.000159932
154 0.349 0.14 1.77 0.375 0.000167255
155 0.352 0.139 1.782 0.516 0.000117206
156 0.349 0.14 1.773 0.67 5.02809e-05
157 0.364 0.137 1.81 0.804 5.09875e-06
158 0.38 0.131 1.869 0.939 -1.51642e-05
159 0.393 0.125 1.957 1.067 -2.0594e-05
160 0.356 0.202 1.786 0.102 5.98174e-05
161 0.354 0.202 1.786 0.215 0.000107814
162 0.355 0.199 1.808 0.379 0.00011516
163 0.353 0.202 1.784 0.515 8.44834e-05
164 0.358 0.201 1.799 0.665 3.37948e-05
165 0.381 0.197 1.865 0.783 5.92306e-06
166 0.362 0.257 1.866 0.109 4.31134e-05
167 0.366 0.26 1.851 0.21 6.93523e-05
168 0.358 0.256 1.864 0.395 7.95356e-05
169 0.366 0.259 1.848 0.506 5.69482e-05
170 0.368 0.258 1.848 0.663 2.2666e-05
171 0.398 0.247 1.89 0.757 7.1752e-06
172 0.378 0.303 1.957 0.117 2.95029e-05
173 0.374 0.304 1.962 0.205 4.61015e-05
174 0.386 0.302 1.962 0.387 4.78459e-05
175 0.375 0.304 1.963 0.504 3.83483e-05
176 0.387 0.307 1.971 0.683 1.19582e-05
177 0.474 0.119 1.532 0.137 6.9943e-05
178 0.445 0.113 1.616 0.256 0.000118253
179 0.443 0.109 1.66 0.387 0.00012158
180 0.445 0.107 1.672 0.526 9.20257e-05
181 0.446 0.106 1.682 0.672 4.8284e-05
182 0.449 0.105 1.688 0.818 1.14538e-05
183 0.45 0.105 1.691 0.965 -1.1519e-05
184 0.459 0.105 1.704 1.106 -2.06664e-05
185 0.474 0.103 1.72 1.244 -2.20111e-05
186 0.493 0.107 1.825 1.37 -1.68851e-05
187 0.451 0.16 1.697 0.109 4.24324e-05
188 0.447 0.149 1.732 0.228 7.73307e-05
189 0.447 0.143 1.75 0.378 8.7196e-05
190 0.449 0.141 1.768 0.518 6.63494e-05
191 0.45 0.14 1.78 0.667 3.4695e-05
192 0.448 0.142 1.766 0.819 6.9796e-06
193 0.455 0.139 1.789 0.96 -8.30312e-06
194 0.468 0.134 1.845 1.101 -1.36147e-05
195 0.485 0.129 1.905 1.237 -1.36234e-05
196 0.453 0.204 1.775 0.091 2.62713e-05
197 0.448 0.204 1.772 0.218 5.53079e-05
198 0.451 0.202 1.782 0.374 6.19644e-05
199 0.453 0.203 1.785 0.515 4.7197e-05
200 0.448 0.204 1.764 0.674 2.34129e-05
201 0.453 0.203 1.782 0.813 4.05915e-06
202 0.474 0.198 1.846 0.945 -5.12574e-06
203 0.485 0.194 1.948 1.085 -8.31831e-06
204 0.454 0.258 1.85 0.103 2.10005e-05
205 0.451 0.264 1.828 0.219 3.87949e-05
206 0.461 0.261 1.842 0.362 4.19307e-05
207 0.45 0.262 1.836 0.523 3.31571e-05
208 0.452 0.26 1.838 0.667 1.65008e-05
209 0.454 0.252 1.867 0.796 3.79001e-06
210 0.453 0.247 1.975 0.918 -3.59812e-06
211 0.454 0.304 1.947 0.132 1.88777e-05
212 0.45 0.305 1.971 0.22 2.7303e-05
213 0.459 0.305 1.974 0.345 2.97529e-05
214 0.441 0.304 1.961 0.527 2.44589e-05
215 0.466 0.304 1.978 0.645 1.24628e-05
216 0.537 0.118 1.52 0.141 4.85042e-05
217 0.543 0.114 1.593 0.252 6.43771e-05
218 0.543 0.11 1.647 0.385 6.75269e-05
219 0.544 0.108 1.662 0.531 5.42633e-05
220 0.546 0.107 1.675 0.673 3.22515e-05
221 0.546 0.106 1.684 0.82 1.1435e-05
222 0.547 0.105 1.692 0.966 -2.896e-06
223 0.548 0.105 1.691 1.114 -1.08444e-05
224 0.548 0.105 1.688 1.26 -1.42399e-05
225 0.556 0.104 1.701 1.402 -1.42779e-05
226 0.549 0.16 1.693 0.099 2.02597e-05
227 0.547 0.151 1.722 0.227 4.03795e-05
228 0.547 0.145 1.743 0.375 4.76411e-05
229 0.547 0.144 1.748 0.524 3.92269e-05
230 0.55 0.142 1.768 0.664 2.35287e-05
231 0.548 0.14 1.772 0.818 8.01553e-06
232 0.547 0.143 1.759 0.968 -3.05168e-06
233 0.55 0.141 1.771 1.113 -8.36557e-06
234 0.555 0.136 1.823 1.251 -9.7274e-06
235 0.565 0.128 1.86 1.398 -9.67186e-06
236 0.55 0.205 1.767 0.091 1.37423e-05
237 0.55 0.204 1.779 0.21 2.74156e-05
238 0.546 0.205 1.752 0.38 3.58844e-05
239 0.551 0.203 1.774 0.521 2.80677e-05
240 0.555 0.204 1.782 0.659 1.67079e-05
241 0.544 0.204 1.749 0.824 4.36578e-06
242 0.545 0.195 1.818 0.957 -2.57519e-06
243 0.551 0.187 1.9 1.092 -5.6125e-06
244 0.551 0.258 1.846 0.107 1.13851e-05
245 0.552 0.264 1.831 0.216 1.98942e-05
246 0.55 0.263 1.83 0.373 2.44193e-05
247 0.553 0.261 1.839 0.523 1.95206e-05
248 0.547 0.259 1.844 0.656 1.23069e-05
249 0.535 0.249 1.881 0.796 4.35548e-06
250 0.532 0.303 1.952 0.131 1.11988e-05
251 0.552 0.304 1.96 0.224 1.44852e-05
252 0.555 0.304 1.958 0.36 1.69511e-05
253 0.551 0.304 1.967 0.522 1.38664e-05
254 0.533 0.304 1.952 0.627 1.0694e-05
255 0.612 0.115 1.575 0.246 4.2864e-05
256 0.61 0.112 1.623 0.384 4.73066e-05
257 0.609 0.111 1.646 0.531 3.93495e-05
258 0.609 0.111 1.659 0.673 2.49525e-05
259 0.608 0.109 1.677 0.818 1.04302e-05
260 0.608 0.108 1.695 0.963 -3.75033e-07
261 0.607 0.108 1.697 1.111 -6.91167e-06
262 0.608 0.108 1.68 1.265 -1.02249e-05
263 0.607 0.108 1.691 1.409 -1.08635e-05
264 0.629 0.163 1.682 0.097 1.20847e-05
265 0.626 0.156 1.706 0.226 2.49276e-05
266 0.623 0.15 1.733 0.371 3.07254e-05
267 0.622 0.149 1.722 0.527 2.71338e-05
268 0.623 0.149 1.735 0.667 1.74357e-05
269 0.622 0.145 1.758 0.813 7.38248e-06
270 0.62 0.147 1.741 0.968 -9.40408e-07
271 0.619 0.143 1.751 1.115 -5.50889e-06
272 0.616 0.136 1.81 1.259 -7.1169e-06
273 0.611 0.129 1.862 1.401 -7.49559e-06
274 0.64 0.206 1.758 0.093 7.91225e-06
275 0.641 0.206 1.77 0.208 1.53986e-05
276 0.637 0.207 1.743 0.381 2.12372e-05
277 0.64 0.207 1.75 0.528 1.77031e-05
278 0.64 0.204 1.775 0.661 1.17161e-05
279 0.637 0.2 1.807 0.806 5.00634e-06
280 0.626 0.19 1.855 0.961 -5.55922e-07
281 0.615 0.184 1.916 1.071 -3.11012e-06
282 0.647 0.256 1.842 0.106 6.05191e-06
283 0.65 0.263 1.83 0.22 1.06701e-05
284 0.646 0.265 1.826 0.371 1.36912e-05
285 0.643 0.259 1.837 0.517 1.24474e-05
286 0.635 0.252 1.879 0.647 8.87993e-06
287 0.611 0.246 1.917 0.771 4.888e-06
288 0.636 0.302 1.956 0.145 6.15859e-06
289 0.65 0.304 1.958 0.232 7.79807e-06
290 0.642 0.304 1.954 0.36 1.00297e-05
291 0.619 0.303 1.953 0.497 1.05555e-05
292 0.703 0.268 1.829 0.128 4.63186e-06
293 0.704 0.276 1.858 0.223 6.72513e-06
294 0.704 0.274 1.87 0.348 8.34929e-06
295 0.701 0.26 1.862 0.482 8.81286e-06
296 0.707 0.305 1.967 0.23 5.14066e-06
297 0.162 0.118 2.035 0.27 0.000575657
298 0.172 0.118 2.036 0.368 0.0005043
299 0.187 0.118 2.037 0.484 0.000323185
300 0.191 0.174 2.123 0.144 0.00022354
301 0.173 0.151 2.387 0.248 0.000306035
302 0.175 0.148 2.394 0.369 0.000295037
303 0.187 0.15 2.408 0.485 0.000189882
304 0.189 0.211 2.615 0.136 0.000116017
305 0.182 0.195 2.764 0.218 0.000159098
306 0.181 0.194 2.763 0.372 0.00016429
307 0.188 0.195 2.763 0.484 0.000112974
308 0.192 0.252 2.907 0.126 7.02879e-05
309 0.194 0.247 2.911 0.194 9.64572e-05
310 0.192 0.249 2.941 0.35 0.000106259
311 0.196 0.249 2.884 0.484 7.5468e-05
312 0.236 0.118 2.028 0.279 0.000335628
313 0.244 0.118 2.035 0.383 0.000296856
314 0.252 0.118 2.036 0.519 0.000187748
315 0.269 0.118 2.035 0.657 7.10346e-05
316 0.286 0.118 2.04 0.782 5.44604e-06
317 0.259 0.172 2.143 0.136 0.000124528
318 0.247 0.157 2.312 0.246 0.000179949
319 0.251 0.151 2.366 0.373 0.000171398
320 0.251 0.15 2.366 0.52 0.000114392
321 0.269 0.151 2.385 0.655 4.4177e-05
322 0.288 0.15 2.456 0.782 5.44456e-06
323 0.261 0.213 2.435 0.122 7.00667e-05
324 0.254 0.202 2.582 0.22 0.000103026
325 0.256 0.2 2.633 0.37 0.000103631
326 0.254 0.2 2.607 0.523 6.99953e-05
327 0.274 0.199 2.664 0.652 2.743e-05
328 0.29 0.193 2.798 0.78 3.88732e-06
329 0.268 0.261 2.679 0.107 3.87166e-05
330 0.267 0.26 2.697 0.206 6.34488e-05
331 0.265 0.259 2.691 0.384 6.97491e-05
332 0.265 0.259 2.692 0.525 4.55756e-05
333 0.282 0.259 2.728 0.644 1.93047e-05
334 0.298 0.244 2.953 0.763 3.88308e-06
335 0.279 0.317 2.799 0.109 2.53973e-05
336 0.281 0.319 2.805 0.202 3.94168e-05
337 0.275 0.318 2.778 0.403 4.43991e-05
338 0.277 0.319 2.782 0.528 2.88255e-05
339 0.289 0.323 2.801 0.627 1.4167e-05
340 0.28 0.368 2.937 0.12 1.91502e-05
341 0.287 0.372 2.872 0.206 2.77543e-05
342 0.289 0.374 2.927 0.411 2.64426e-05
343 0.284 0.371 2.939 0.552 1.64364e-05
344 0.293 0.369 2.9 0.609 1.13456e-05
345 0.326 0.118 2.025 0.284 0.000169314
346 0.343 0.118 2.035 0.391 0.000143902
347 0.345 0.118 2.034 0.527 0.000102873
348 0.348 0.118 2.035 0.667 4.9316e-05
349 0.351 0.118 2.036 0.813 6.10565e-06
350 0.372 0.118 2.036 0.954 -1.39497e-05
351 0.389 0.117 2.027 1.076 -2.03463e-05
352 0.354 0.171 2.154 0.128 5.45561e-05
353 0.346 0.161 2.277 0.243 8.32137e-05
354 0.345 0.154 2.336 0.381 8.5853e-05
355 0.349 0.151 2.361 0.519 6.17832e-05
356 0.349 0.151 2.359 0.67 2.95765e-05
357 0.353 0.151 2.369 0.813 4.70039e-06
358 0.372 0.151 2.412 0.951 -6.8143e-06
359 0.388 0.15 2.484 1.081 -1.00636e-05
360 0.352 0.213 2.383 0.108 3.14285e-05
361 0.349 0.205 2.509 0.224 5.114e-05
362 0.35 0.202 2.572 0.375 5.33717e-05
363 0.353 0.202 2.586 0.513 3.91006e-05
364 0.346 0.203 2.545 0.674 1.86301e-05
365 0.359 0.202 2.607 0.81 3.07936e-06
366 0.376 0.198 2.73 0.943 -3.52771e-06
367 0.391 0.191 2.873 1.081 -5.55665e-06
368 0.355 0.264 2.575 0.092 1.78426e-05
369 0.352 0.265 2.544 0.218 3.7062e-05
370 0.355 0.262 2.618 0.373 3.8198e-05
371 0.355 0.264 2.556 0.516 2.93829e-05
372 0.352 0.265 2.549 0.675 1.26208e-05
373 0.368 0.263 2.681 0.8 2.18581e-06
374 0.388 0.256 2.83 0.931 -2.25245e-06
375 0.356 0.32 2.695 0.099 1.33012e-05
376 0.356 0.324 2.608 0.217 2.6005e-05
377 0.361 0.322 2.683 0.371 2.63469e-05
378 0.357 0.323 2.603 0.516 2.08867e-05
379 0.356 0.322 2.647 0.673 8.44766e-06
380 0.378 0.319 2.753 0.796 1.42244e-06
381 0.387 0.312 2.891 0.901 -1.45124e-06
382 0.362 0.373 2.84 0.118 1.01437e-05
383 0.358 0.374 2.826 0.217 1.66158e-05
384 0.372 0.375 2.858 0.354 1.63281e-05
385 0.361 0.373 2.828 0.524 1.27261e-05
386 0.357 0.373 2.842 0.663 5.88702e-06
387 0.368 0.367 2.941 0.765 1.68517e-06
388 0.439 0.118 2.032 0.395 7.487e-05
389 0.442 0.118 2.037 0.528 5.739e-05
390 0.447 0.118 2.034 0.677 3.05797e-05
391 0.447 0.118 2.035 0.817 9.47461e-06
392 0.451 0.118 2.037 0.966 -4.9389e-06
393 0.456 0.118 2.036 1.107 -1.16734e-05
394 0.472 0.118 2.032 1.283 -1.35573e-05
395 0.449 0.17 2.157 0.121 2.5228e-05
396 0.446 0.162 2.257 0.239 3.98665e-05
397 0.445 0.157 2.313 0.381 4.31415e-05
398 0.446 0.154 2.339 0.524 3.37683e-05
399 0.448 0.151 2.357 0.668 1.93783e-05
400 0.448 0.15 2.359 0.818 6.1502e-06
401 0.449 0.152 2.355 0.965 -2.54679e-06
402 0.455 0.15 2.38 1.109 -6.51619e-06
403 0.471 0.149 2.414 1.249 -7.22944e-06
404 0.49 0.149 2.484 1.376 -6.30154e-06
405 0.45 0.214 2.363 0.098 1.37308e-05
406 0.448 0.206 2.48 0.223 2.47722e-05
407 0.447 0.204 2.534 0.377 2.77188e-05
408 0.45 0.204 2.538 0.52 2.17315e-05
409 0.452 0.202 2.577 0.663 1.23656e-05
410 0.445 0.204 2.517 0.821 3.56597e-06
411 0.451 0.203 2.562 0.965 -1.82101e-06
412 0.461 0.2 2.667 1.103 -3.76041e-06
413 0.48 0.193 2.771 1.251 -3.94261e-06
414 0.487 0.184 2.783 1.363 -4.12802e-06
415 0.452 0.266 2.543 0.09 8.44339e-06
416 0.45 0.266 2.515 0.215 1.79763e-05
417 0.448 0.266 2.51 0.375 2.16165e-05
418 0.453 0.264 2.562 0.519 1.60264e-05
419 0.452 0.265 2.534 0.664 9.20857e-06
420 0.445 0.265 2.51 0.822 2.04886e-06
421 0.458 0.262 2.657 0.95 -1.25436e-06
422 0.469 0.253 2.83 1.087 -2.48248e-06
423 0.491 0.24 2.997 1.252 -2.52735e-06
424 0.452 0.32 2.675 0.101 6.57044e-06
425 0.451 0.326 2.545 0.219 1.34773e-05
426 0.453 0.324 2.578 0.369 1.51746e-05
427 0.453 0.322 2.613 0.522 1.15463e-05
428 0.448 0.323 2.567 0.665 6.63578e-06
429 0.445 0.317 2.714 0.808 1.62646e-06
430 0.446 0.311 2.905 0.938 -8.61745e-07
431 0.447 0.372 2.847 0.126 5.57512e-06
432 0.451 0.375 2.824 0.221 8.3236e-06
433 0.454 0.375 2.824 0.363 9.49521e-06
434 0.457 0.374 2.822 0.515 7.44148e-06
435 0.453 0.372 2.808 0.656 4.3599e-06
436 0.441 0.364 2.9 0.774 1.71489e-06
437 0.537 0.118 2.025 0.417 4.09228e-05
438 0.544 0.118 2.031 0.535 3.25885e-05
439 0.542 0.118 2.033 0.675 2.07554e-05
440 0.542 0.118 2.036 0.818 8.50431e-06
441 0.541 0.118 2.03 0.961 -4.7422e-07
442 0.555 0.118 2.038 1.114 -5.27401e-06
443 0.543 0.118 2.022 1.252 -8.25182e-06
444 0.54 0.117 2.035 1.404 -9.15322e-06
445 0.547 0.17 2.146 0.113 1.23293e-05
446 0.545 0.164 2.234 0.237 2.08835e-05
447 0.545 0.159 2.294 0.381 2.33705e-05
448 0.545 0.156 2.318 0.527 1.95766e-05
449 0.546 0.153 2.335 0.67 1.25234e-05
450 0.547 0.151 2.363 0.819 5.19382e-06
451 0.548 0.15 2.355 0.966 1.61971e-08
452 0.547 0.151 2.345 1.116 -3.1863e-06
453 0.549 0.151 2.356 1.264 -4.50325e-06
454 0.555 0.15 2.403 1.402 -4.6029e-06
455 0.549 0.214 2.351 0.095 6.84182e-06
456 0.549 0.208 2.443 0.223 1.29319e-05
457 0.547 0.204 2.525 0.373 1.49315e-05
458 0.547 0.205 2.497 0.524 1.29897e-05
459 0.55 0.204 2.525 0.664 8.16652e-06
460 0.551 0.203 2.569 0.815 3.30773e-06
461 0.547 0.204 2.498 0.969 -3.07234e-07
462 0.547 0.203 2.555 1.111 -2.13381e-06
463 0.55 0.197 2.691 1.256 -2.59207e-06
464 0.557 0.191 2.802 1.389 -2.55628e-06
465 0.549 0.265 2.522 0.094 4.61334e-06
466 0.552 0.267 2.521 0.209 8.83226e-06
467 0.547 0.267 2.458 0.377 1.22256e-05
468 0.549 0.265 2.501 0.525 9.78114e-06
469 0.554 0.265 2.548 0.662 5.92894e-06
470 0.55 0.265 2.565 0.811 2.32324e-06
471 0.539 0.259 2.631 0.96 -3.45664e-07
472 0.542 0.251 2.824 1.109 -1.45316e-06
473 0.549 0.32 2.672 0.103 3.43593e-06
474 0.55 0.325 2.557 0.218 6.88884e-06
475 0.549 0.325 2.528 0.372 8.70246e-06
476 0.55 0.323 2.59 0.522 6.89652e-06
477 0.552 0.322 2.652 0.659 4.1739e-06
478 0.541 0.315 2.752 0.806 1.62869e-06
479 0.541 0.308 2.906 0.926 1.12878e-07
480 0.549 0.368 2.849 0.131 2.90689e-06
481 0.549 0.374 2.822 0.227 4.42293e-06
482 0.553 0.374 2.808 0.365 5.21571e-06
483 0.55 0.372 2.806 0.518 4.52507e-06
484 0.544 0.373 2.873 0.644 2.96924e-06
485 0.518 0.368 2.923 0.751 1.78166e-06
486 0.605 0.118 2.033 0.543 2.33249e-05
487 0.606 0.118 2.02 0.677 1.591e-05
488 0.606 0.119 2.035 0.818 7.32024e-06
489 0.607 0.119 2.049 0.985 -2.36729e-08
490 0.604 0.117 2.034 1.15 -4.24792e-06
491 0.606 0.12 2.079 1.206 -4.6287e-06
492 0.603 0.118 2.056 1.386 -6.12203e-06
493 0.624 0.172 2.133 0.109 7.3595e-06
494 0.621 0.167 2.209 0.235 1.31582e-05
495 0.619 0.163 2.265 0.378 1.53809e-05
496 0.618 0.16 2.3 0.526 1.33855e-05
497 0.617 0.158 2.325 0.673 8.9552e-06
498 0.616 0.157 2.366 0.817 4.23645e-06
499 0.616 0.155 2.352 0.967 5.36731e-07
500 0.616 0.156 2.343 1.118 -1.87566e-06
501 0.615 0.155 2.366 1.263 -2.96478e-06
502 0.615 0.153 2.369 1.406 -3.41813e-06
503 0.635 0.216 2.318 0.096 4.05279e-06
504 0.633 0.213 2.393 0.221 7.79238e-06
505 0.63 0.207 2.502 0.37 9.19721e-06
506 0.629 0.208 2.46 0.527 8.5517e-06
507 0.632 0.209 2.444 0.67 5.8241e-06
508 0.632 0.207 2.506 0.81 2.8054e-06
509 0.627 0.204 2.553 0.965 3.44088e-07
510 0.627 0.199 2.572 1.113 -1.11319e-06
511 0.623 0.196 2.743 1.258 -1.571e-06
512 0.618 0.187 2.838 1.371 -1.73496e-06
513 0.645 0.266 2.49 0.095 2.50723e-06
514 0.647 0.268 2.489 0.214 4.91095e-06
515 0.645 0.269 2.459 0.366 6.6063e-06
516 0.642 0.267 2.435 0.532 6.14289e-06
517 0.644 0.266 2.508 0.666 3.96994e-06
518 0.643 0.262 2.633 0.804 1.87624e-06
519 0.635 0.253 2.76 0.95 3.43779e-07
520 0.618 0.246 2.888 1.094 -6.40363e-07
521 0.647 0.318 2.704 0.105 1.75293e-06
522 0.649 0.324 2.565 0.224 3.61345e-06
523 0.651 0.327 2.528 0.357 4.53095e-06
524 0.64 0.321 2.573 0.527 4.29431e-06
525 0.637 0.317 2.732 0.66 2.72624e-06
526 0.627 0.312 2.881 0.777 1.51972e-06
527 0.651 0.366 2.847 0.135 1.49667e-06
528 0.649 0.373 2.815 0.234 2.32994e-06
529 0.648 0.374 2.831 0.356 2.78318e-06
530 0.629 0.369 2.849 0.51 2.94165e-06
531 0.612 0.366 2.908 0.634 2.2861e-06
532 0.703 0.286 2.227 0.109 2.26188e-06
533 0.704 0.289 2.225 0.22 4.02854e-06
534 0.705 0.291 2.188 0.355 5.27789e-06
535 0.703 0.284 2.269 0.512 4.73191e-06
536 0.701 0.286 2.451 0.63 3.09553e-06
537 0.706 0.321 2.668 0.11 1.21022e-06
538 0.708 0.329 2.533 0.227 2.41852e-06
539 0.708 0.329 2.586 0.349 2.86496e-06
540 0.705 0.318 2.697 0.513 2.6352e-06
541 0.701 0.304 2.757 0.617 2.23774e-06
542 0.713 0.371 2.946 0.137 8.61381e-07
543 0.711 0.37 2.837 0.222 1.43386e-06
544 0.711 0.366 2.887 0.344 1.77234e-06
545 0.166 0.177 3.05 0.261 0.000170764
546 0.173 0.177 3.056 0.368 0.000155644
547 0.183 0.177 3.043 0.491 0.000103723
548 0.186 0.231 3.18 0.142 7.26047e-05
549 0.174 0.211 3.37 0.238 0.000106005
550 0.174 0.208 3.375 0.369 0.000106678
551 0.185 0.21 3.382 0.493 6.88168e-05
552 0.185 0.273 3.637 0.133 4.25232e-05
553 0.179 0.263 3.951 0.219 5.42345e-05
554 0.178 0.262 3.952 0.371 5.66859e-05
555 0.185 0.264 3.951 0.497 3.74191e-05
556 0.186 0.32 4.16 0.123 2.34001e-05
557 0.186 0.317 4.237 0.208 3.31146e-05
558 0.185 0.32 4.21 0.376 3.50459e-05
559 0.188 0.317 4.24 0.503 2.34598e-05
560 0.192 0.372 4.371 0.101 1.29661e-05
561 0.19 0.375 4.39 0.198 2.15316e-05
562 0.193 0.377 4.37 0.381 2.24331e-05
563 0.191 0.372 4.309 0.491 1.73009e-05
564 0.242 0.177 3.047 0.271 9.53158e-05
565 0.245 0.177 3.052 0.378 9.05412e-05
566 0.251 0.177 3.053 0.518 6.01601e-05
567 0.264 0.177 3.055 0.654 2.5961e-05
568 0.284 0.177 3.047 0.786 4.18995e-06
569 0.255 0.23 3.175 0.133 3.96986e-05
570 0.247 0.216 3.322 0.242 6.02442e-05
571 0.252 0.211 3.361 0.371 5.92705e-05
572 0.25 0.21 3.359 0.521 4.13062e-05
573 0.264 0.211 3.365 0.659 1.71407e-05
574 0.286 0.211 3.39 0.788 2.86154e-06
575 0.256 0.274 3.476 0.119 2.40441e-05
576 0.251 0.267 3.752 0.224 3.39636e-05
577 0.255 0.265 3.821 0.37 3.39556e-05
578 0.25 0.265 3.79 0.525 2.40339e-05
579 0.265 0.266 3.825 0.66 9.82037e-06
580 0.285 0.265 3.981 0.789 1.60164e-06
581 0.299 0.256 4.259 0.909 -1.48382e-06
582 0.26 0.326 3.836 0.102 1.27661e-05
583 0.257 0.323 3.915 0.213 2.21872e-05
584 0.259 0.322 3.956 0.373 2.32781e-05
585 0.255 0.323 3.901 0.521 1.66104e-05
586 0.268 0.323 3.969 0.659 6.49524e-06
587 0.289 0.319 4.17 0.779 1.18223e-06
588 0.265 0.383 4.008 0.092 7.61766e-06
589 0.266 0.383 3.96 0.211 1.48916e-05
590 0.265 0.381 4.051 0.379 1.55223e-05
591 0.264 0.382 3.98 0.518 1.10382e-05
592 0.275 0.384 3.962 0.655 4.41605e-06
593 0.292 0.392 4.324 0.773 5.91917e-07
594 0.271 0.44 4.193 0.102 5.22622e-06
595 0.276 0.442 4.124 0.217 9.12731e-06
596 0.275 0.44 4.163 0.383 9.61363e-06
597 0.273 0.445 4.122 0.518 6.58759e-06
598 0.278 0.442 4.175 0.663 2.43682e-06
599 0.296 0.438 4.463 0.777 2.77969e-07
600 0.265 0.487 4.409 0.12 4.20731e-06
601 0.284 0.487 4.376 0.229 5.76764e-06
602 0.272 0.495 4.387 0.428 5.59521e-06
603 0.277 0.484 4.391 0.493 4.77353e-06
604 0.254 0.493 4.427 0.632 2.12407e-06
605 0.347 0.177 3.043 0.272 4.0977e-05
606 0.344 0.177 3.053 0.383 4.23844e-05
607 0.346 0.177 3.051 0.523 3.17333e-05
608 0.346 0.177 3.051 0.669 1.65374e-05
609 0.349 0.177 3.054 0.821 3.32987e-06
610 0.365 0.176 3.049 0.959 -3.08471e-06
611 0.39 0.177 3.067 1.101 -5.0226e-06
612 0.352 0.229 3.183 0.124 1.64756e-05
613 0.346 0.219 3.3 0.24 2.66274e-05
614 0.346 0.214 3.344 0.379 2.84404e-05
615 0.35 0.211 3.357 0.517 2.15028e-05
616 0.348 0.21 3.35 0.67 1.13039e-05
617 0.351 0.211 3.354 0.816 2.60554e-06
618 0.366 0.211 3.372 0.953 -1.83466e-06
619 0.386 0.21 3.382 1.086 -3.38186e-06
620 0.351 0.274 3.44 0.105 9.83986e-06
621 0.348 0.268 3.673 0.225 1.58703e-05
622 0.349 0.266 3.76 0.374 1.68273e-05
623 0.352 0.266 3.777 0.514 1.27201e-05
624 0.347 0.266 3.761 0.673 6.59651e-06
625 0.35 0.266 3.762 0.816 1.49472e-06
626 0.367 0.265 3.87 0.953 -1.01502e-06
627 0.385 0.265 4.017 1.091 -1.76946e-06
628 0.352 0.328 3.733 0.092 5.60052e-06
629 0.35 0.325 3.839 0.217 1.07107e-05
630 0.351 0.325 3.832 0.376 1.21322e-05
631 0.353 0.325 3.85 0.516 9.07322e-06
632 0.347 0.325 3.778 0.674 4.64769e-06
633 0.355 0.325 3.855 0.815 8.48802e-07
634 0.372 0.323 4.006 0.949 -8.03095e-07
635 0.382 0.321 4.23 1.07 -1.27865e-06
636 0.353 0.383 3.905 0.089 3.71154e-06
637 0.351 0.387 3.749 0.219 8.40541e-06
638 0.356 0.384 3.85 0.372 8.66613e-06
639 0.355 0.386 3.837 0.519 6.49021e-06
640 0.349 0.386 3.787 0.671 3.21223e-06
641 0.358 0.383 3.954 0.811 4.86911e-07
642 0.376 0.377 4.223 0.94 -5.35915e-07
643 0.354 0.44 4.081 0.109 2.9236e-06
644 0.352 0.443 4.002 0.219 5.23182e-06
645 0.357 0.442 4.057 0.368 5.50962e-06
646 0.354 0.442 4.043 0.524 4.1056e-06
647 0.35 0.442 4.034 0.671 1.94697e-06
648 0.353 0.438 4.191 0.784 4.84246e-07
649 0.356 0.486 4.342 0.129 2.16372e-06
650 0.353 0.488 4.338 0.215 3.20025e-06
651 0.355 0.489 4.367 0.369 3.49498e-06
652 0.348 0.486 4.355 0.51 2.84258e-06
653 0.356 0.49 4.391 0.635 1.46237e-06
654 0.426 0.177 3.055 0.277 2.24907e-05
655 0.442 0.177 3.051 0.388 2.0986e-05
656 0.441 0.177 3.049 0.522 1.74406e-05
657 0.448 0.177 3.052 0.673 9.93512e-06
658 0.449 0.177 3.053 0.822 3.71951e-06
659 0.449 0.177 3.054 0.968 -4.6756e-07
660 0.453 0.177 3.049 1.106 -2.66158e-06
661 0.449 0.177 3.067 1.234 -3.77912e-06
662 0.485 0.176 3.014 1.369 -3.46853e-06
663 0.451 0.229 3.183 0.116 7.11433e-06
664 0.447 0.221 3.288 0.237 1.21313e-05
665 0.445 0.216 3.326 0.38 1.39443e-05
666 0.446 0.213 3.349 0.524 1.1361e-05
667 0.449 0.211 3.357 0.666 6.98562e-06
668 0.448 0.21 3.356 0.818 2.70998e-06
669 0.448 0.212 3.351 0.969 -3.20998e-07
670 0.451 0.212 3.37 1.114 -1.852e-06
671 0.467 0.211 3.364 1.254 -2.32807e-06
672 0.483 0.213 3.445 1.4 -2.16947e-06
673 0.449 0.275 3.435 0.098 4.23078e-06
674 0.448 0.269 3.61 0.225 7.56332e-06
675 0.447 0.267 3.736 0.375 8.31904e-06
676 0.448 0.267 3.726 0.521 6.89242e-06
677 0.452 0.266 3.761 0.663 4.17257e-06
678 0.447 0.266 3.76 0.821 1.55834e-06
679 0.446 0.267 3.725 0.97 -2.60975e-07
680 0.456 0.266 3.772 1.113 -1.09195e-06
681 0.47 0.264 3.925 1.251 -1.22899e-06
682 0.48 0.262 4.105 1.386 -1.14866e-06
683 0.449 0.328 3.678 0.093 2.70391e-06
684 0.451 0.326 3.819 0.214 4.87185e-06
685 0.447 0.325 3.793 0.377 6.20416e-06
686 0.449 0.326 3.766 0.522 5.06508e-06
687 0.454 0.326 3.83 0.661 2.95328e-06
688 0.445 0.326 3.739 0.824 9.83588e-07
689 0.446 0.324 3.823 0.968 -3.11631e-07
690 0.456 0.318 4.082 1.107 -7.40359e-07
691 0.46 0.311 4.305 1.238 -8.6389e-07
692 0.468 0.304 4.454 1.354 -8.52889e-07
693 0.449 0.383 3.907 0.096 1.84573e-06
694 0.452 0.387 3.721 0.214 3.87277e-06
695 0.448 0.387 3.709 0.377 4.81135e-06
696 0.452 0.386 3.798 0.521 3.6052e-06
697 0.455 0.386 3.828 0.658 2.13621e-06
698 0.444 0.382 3.858 0.819 6.46771e-07
699 0.44 0.374 4.128 0.959 -2.24019e-07
700 0.465 0.371 4.357 1.058 -3.76917e-07
701 0.448 0.44 4.1 0.113 1.41183e-06
702 0.451 0.443 3.976 0.217 2.45964e-06
703 0.448 0.443 3.967 0.371 3.00346e-06
704 0.453 0.442 4.007 0.52 2.30294e-06
705 0.448 0.443 4.015 0.664 1.35625e-06
706 0.442 0.438 4.23 0.785 5.47358e-07
707 0.438 0.487 4.339 0.122 1.07075e-06
708 0.451 0.488 4.342 0.215 1.49206e-06
709 0.453 0.487 4.34 0.369 1.78053e-06
710 0.454 0.487 4.33 0.509 1.47587e-06
711 0.451 0.488 4.37 0.648 8.93002e-07
712 0.504 0.179 3.013 0.297 1.3675e-05
713 0.537 0.177 3.051 0.405 1.1408e-05
714 0.545 0.178 3.052 0.527 9.37607e-06
715 0.543 0.177 3.052 0.672 6.38487e-06
716 0.543 0.177 3.051 0.821 2.98666e-06
717 0.549 0.177 3.061 0.97 4.39583e-07
718 0.55 0.177 3.053 1.12 -1.09051e-06
719 0.548 0.177 3.042 1.251 -1.86012e-06
720 0.534 0.177 3.056 1.395 -2.43263e-06
721 0.547 0.23 3.176 0.111 3.49374e-06
722 0.546 0.222 3.261 0.238 6.27792e-06
723 0.545 0.218 3.315 0.38 7.30987e-06
724 0.545 0.215 3.335 0.525 6.38621e-06
725 0.546 0.213 3.348 0.67 4.29096e-06
726 0.549 0.211 3.361 0.817 2.06404e-06
727 0.547 0.209 3.341 0.967 3.48935e-07
728 0.547 0.211 3.329 1.116 -7.58903e-07
729 0.546 0.213 3.378 1.267 -1.27484e-06
730 0.553 0.208 3.374 1.412 -1.4634e-06
731 0.547 0.275 3.41 0.098 2.1605e-06
732 0.547 0.271 3.54 0.224 3.97222e-06
733 0.548 0.267 3.699 0.374 4.41709e-06
734 0.547 0.268 3.719 0.524 3.84317e-06
735 0.548 0.267 3.695 0.669 2.63945e-06
736 0.552 0.267 3.763 0.812 1.25197e-06
737 0.547 0.266 3.749 0.967 1.94422e-07
738 0.542 0.266 3.722 1.116 -5.01086e-07
739 0.547 0.262 3.859 1.261 -7.25999e-07
740 0.55 0.259 4.06 1.404 -7.36194e-07
741 0.548 0.328 3.658 0.095 1.38918e-06
742 0.551 0.327 3.739 0.215 2.57501e-06
743 0.548 0.324 3.863 0.369 3.09322e-06
744 0.546 0.326 3.709 0.526 2.98258e-06
745 0.551 0.326 3.723 0.668 1.92049e-06
746 0.553 0.326 3.819 0.809 8.76002e-07
747 0.548 0.323 3.905 0.969 7.31721e-08
748 0.543 0.318 4.086 1.106 -3.07819e-07
749 0.529 0.308 4.312 1.246 -5.10817e-07
750 0.549 0.383 3.908 0.099 9.35244e-07
751 0.551 0.387 3.718 0.219 1.99803e-06
752 0.55 0.389 3.648 0.365 2.58082e-06
753 0.547 0.386 3.728 0.526 2.1715e-06
754 0.55 0.385 3.799 0.664 1.36582e-06
755 0.555 0.382 4.002 0.802 5.93173e-07
756 0.534 0.373 4.24 0.957 5.05021e-08
757 0.545 0.436 4.153 0.114 7.11352e-07
758 0.55 0.443 3.99 0.224 1.26118e-06
759 0.551 0.444 3.969 0.358 1.53783e-06
760 0.546 0.441 3.971 0.527 1.37695e-06
761 0.546 0.439 4.097 0.658 8.77833e-07
762 0.544 0.429 4.321 0.776 4.66251e-07
763 0.536 0.486 4.392 0.126 5.36415e-07
764 0.547 0.488 4.352 0.233 8.0828e-07
765 0.551 0.487 4.347 0.357 9.41585e-07
766 0.539 0.489 4.369 0.516 8.66102e-07
767 0.523 0.486 4.406 0.651 6.3271e-07
768 0.617 0.178 3.024 0.402 7.17036e-06
769 0.612 0.178 3.052 0.521 6.56649e-06
770 0.612 0.177 3.059 0.685 4.41442e-06
771 0.614 0.177 3.057 0.827 2.29596e-06
772 0.613 0.175 3.037 0.93 1.02905e-06
773 0.615 0.177 3.042 1.101 -4.93666e-07
774 0.616 0.177 3.054 1.261 -1.20582e-06
775 0.63 0.231 3.16 0.108 1.98133e-06
776 0.625 0.226 3.237 0.238 3.78358e-06
777 0.624 0.221 3.293 0.377 4.53292e-06
778 0.623 0.218 3.314 0.526 4.15083e-06
779 0.623 0.216 3.339 0.672 2.93913e-06
780 0.623 0.215 3.357 0.817 1.57661e-06
781 0.623 0.213 3.358 0.963 4.52104e-07
782 0.619 0.212 3.368 1.115 -3.53857e-07
783 0.623 0.216 3.362 1.266 -7.73652e-07
784 0.617 0.208 3.369 1.392 -9.95236e-07
785 0.637 0.276 3.378 0.097 1.18584e-06
786 0.637 0.274 3.466 0.224 2.28223e-06
787 0.633 0.27 3.634 0.369 2.68411e-06
788 0.633 0.269 3.695 0.524 2.38885e-06
789 0.633 0.27 3.633 0.67 1.78535e-06
790 0.634 0.269 3.625 0.815 9.74447e-07
791 0.634 0.268 3.698 0.961 2.75102e-07
792 0.629 0.265 3.803 1.115 -1.85617e-07
793 0.626 0.26 3.949 1.26 -3.91546e-07
794 0.619 0.255 4.115 1.384 -4.6187e-07
795 0.645 0.328 3.613 0.097 7.45628e-07
796 0.647 0.329 3.671 0.219 1.40783e-06
797 0.647 0.327 3.804 0.36 1.66481e-06
798 0.642 0.327 3.729 0.531 1.67186e-06
799 0.644 0.327 3.666 0.671 1.2379e-06
800 0.642 0.324 3.81 0.808 6.53492e-07
801 0.641 0.319 4.077 0.955 1.83552e-07
802 0.629 0.311 4.145 1.094 -9.5383e-08
803 0.647 0.383 3.913 0.099 4.68327e-07
804 0.649 0.386 3.74 0.225 1.02687e-06
805 0.653 0.389 3.666 0.358 1.30596e-06
806 0.644 0.385 3.725 0.53 1.24192e-06
807 0.643 0.382 3.929 0.664 8.1488e-07
808 0.635 0.376 4.142 0.794 4.56638e-07
809 0.621 0.369 4.357 0.922 1.73811e-07
810 0.643 0.437 4.219 0.11 3.30131e-07
811 0.648 0.442 4.008 0.23 6.50502e-07
812 0.648 0.442 3.978 0.361 8.20933e-07
813 0.634 0.441 4.063 0.514 8.07131e-07
814 0.627 0.434 4.286 0.655 5.58656e-07
815 0.643 0.487 4.342 0.235 4.26495e-07
816 0.64 0.488 4.366 0.358 5.2065e-07
817 0.617 0.485 4.322 0.495 6.0303e-07
818 0.705 0.344 3.258 0.093 5.558e-07
819 0.705 0.344 3.298 0.228 1.16778e-06
820 0.705 0.346 3.277 0.356 1.48242e-06
821 0.705 0.342 3.265 0.52 1.4562e-06
822 0.704 0.342 3.457 0.64 1.01505e-06
823 0.71 0.388 3.832 0.104 3.144e-07
824 0.711 0.39 3.636 0.226 6.90248e-07
825 0.71 0.391 3.62 0.355 8.88442e-07
826 0.708 0.388 3.815 0.511 7.76514e-07
827 0.705 0.376 4.058 0.664 5.41997e-07
828 0.714 0.438 4.261 0.117 1.96079e-07
829 0.714 0.441 4.081 0.228 3.79252e-07
830 0.711 0.44 4.178 0.346 4.60043e-07
831 0.712 0.433 4.256 0.466 4.63384e-07
832 0.71 0.486 4.429 0.207 2.22406e-07
833 0.186 0.293 4.546 0.143 2.45364e-05
834 0.174 0.29 4.619 0.226 3.55981e-05
835 0.174 0.29 4.623 0.368 3.64682e-05
836 0.183 0.29 4.623 0.502 2.3571e-05
837 0.181 0.338 4.865 0.132 1.64869e-05
838 0.179 0.328 4.925 0.214 2.38991e-05
839 0.177 0.327 4.915 0.371 2.57191e-05
840 0.184 0.329 4.922 0.505 1.64374e-05
841 0.199 0.316 4.963 0.604 9.20162e-06
842 0.183 0.387 5.35 0.12 9.31638e-06
843 0.183 0.384 5.449 0.211 1.36067e-05
844 0.182 0.386 5.455 0.366 1.44039e-05
845 0.185 0.386 5.465 0.515 9.03718e-06
846 0.199 0.38 5.802 0.617 4.17905e-06
847 0.185 0.443 5.985 0.11 4.73855e-06
848 0.185 0.446 6.097 0.217 7.29983e-06
849 0.184 0.445 6.077 0.376 7.70185e-06
850 0.186 0.443 6.063 0.524 4.80906e-06
851 0.197 0.447 6.398 0.612 2.27994e-06
852 0.187 0.498 6.529 0.094 2.31512e-06
853 0.187 0.503 6.547 0.211 4.12699e-06
854 0.186 0.501 6.54 0.375 4.41885e-06
855 0.186 0.502 6.599 0.521 2.68012e-06
856 0.193 0.556 6.541 0.091 1.40487e-06
857 0.193 0.554 6.719 0.237 2.6936e-06
858 0.197 0.554 6.488 0.378 2.79067e-06
859 0.193 0.551 6.878 0.54 1.44543e-06
860 0.194 0.61 6.978 0.022 1.9348e-07
861 0.273 0.294 4.576 0.14 1.13387e-05
862 0.246 0.291 4.62 0.237 2.0124e-05
863 0.253 0.29 4.621 0.368 2.00451e-05
864 0.25 0.289 4.613 0.519 1.44963e-05
865 0.258 0.29 4.622 0.666 6.04605e-06
866 0.284 0.288 4.632 0.794 1.16342e-06
867 0.253 0.338 4.811 0.122 8.69677e-06
868 0.251 0.331 4.887 0.223 1.35997e-05
869 0.254 0.329 4.89 0.369 1.44433e-05
870 0.25 0.329 4.881 0.522 1.03001e-05
871 0.259 0.33 4.892 0.663 4.35182e-06
872 0.281 0.329 4.888 0.795 6.7598e-07
873 0.297 0.339 5.275 0.919 -7.35768e-07
874 0.256 0.39 5.149 0.105 4.86764e-06
875 0.252 0.387 5.312 0.215 8.18487e-06
876 0.255 0.387 5.315 0.368 8.76223e-06
877 0.252 0.388 5.287 0.522 6.1624e-06
878 0.259 0.388 5.298 0.667 2.49273e-06
879 0.283 0.386 5.386 0.794 3.64461e-07
880 0.295 0.408 6.106 0.907 -3.45285e-07
881 0.256 0.448 5.631 0.094 2.56387e-06
882 0.254 0.447 5.696 0.218 4.89431e-06
883 0.256 0.447 5.766 0.37 5.07112e-06
884 0.254 0.447 5.664 0.522 3.63934e-06
885 0.26 0.449 5.704 0.667 1.40028e-06
886 0.282 0.447 5.852 0.797 1.31546e-07
887 0.26 0.505 6.052 0.088 1.36326e-06
888 0.256 0.506 5.944 0.216 2.96768e-06
889 0.26 0.504 6.133 0.371 2.92933e-06
890 0.256 0.504 5.971 0.516 2.2141e-06
891 0.26 0.503 6.023 0.672 7.83061e-07
892 0.281 0.504 6.306 0.785 9.49061e-08
893 0.296 0.482 6.823 0.905 -1.88005e-07
894 0.26 0.563 6.458 0.089 7.75312e-07
895 0.262 0.563 6.364 0.216 1.58376e-06
896 0.26 0.561 6.474 0.371 1.69499e-06
897 0.254 0.56 6.314 0.523 1.24733e-06
898 0.26 0.558 6.41 0.667 4.51364e-07
899 0.278 0.547 6.694 0.779 5.84101e-08
900 0.262 0.602 6.892 0.095 5.04238e-07
901 0.276 0.604 6.909 0.218 8.31132e-07
902 0.276 0.603 6.844 0.401 8.92995e-07
903 0.267 0.603 6.756 0.479 8.09589e-07
904 0.346 0.292 4.578 0.133 5.79054e-06
905 0.346 0.291 4.613 0.236 8.62292e-06
906 0.346 0.29 4.618 0.377 9.52792e-06
907 0.352 0.289 4.618 0.515 7.28039e-06
908 0.349 0.289 4.616 0.67 3.995e-06
909 0.347 0.29 4.618 0.819 1.06715e-06
910 0.36 0.29 4.624 0.96 -5.60687e-07
911 0.381 0.288 4.607 1.09 -1.11569e-06
912 0.347 0.338 4.822 0.111 3.49776e-06
913 0.347 0.333 4.88 0.229 6.04453e-06
914 0.35 0.329 4.893 0.371 6.71209e-06
915 0.351 0.33 4.884 0.518 5.22222e-06
916 0.348 0.329 4.884 0.671 2.84832e-06
917 0.347 0.33 4.887 0.823 6.6963e-07
918 0.361 0.331 4.881 0.952 -4.01169e-07
919 0.383 0.334 4.953 1.099 -7.99745e-07
920 0.35 0.391 5.1 0.097 2.0237e-06
921 0.349 0.388 5.299 0.217 3.58678e-06
922 0.349 0.388 5.266 0.374 4.20765e-06
923 0.354 0.387 5.258 0.515 3.22557e-06
924 0.348 0.389 5.264 0.671 1.7124e-06
925 0.346 0.389 5.249 0.821 3.70155e-07
926 0.359 0.388 5.333 0.957 -3.12452e-07
927 0.38 0.385 5.468 1.078 -4.82823e-07
928 0.399 0.377 5.499 1.215 -5.54961e-07
929 0.351 0.448 5.502 0.091 1.14462e-06
930 0.35 0.448 5.648 0.216 2.17478e-06
931 0.349 0.448 5.584 0.374 2.60324e-06
932 0.352 0.447 5.614 0.517 1.96411e-06
933 0.352 0.448 5.634 0.672 9.87829e-07
934 0.345 0.447 5.62 0.82 1.92308e-07
935 0.358 0.447 5.908 0.953 -1.8565e-07
936 0.37 0.432 6.032 1.086 -3.48682e-07
937 0.349 0.505 5.948 0.092 6.78336e-07
938 0.353 0.506 5.818 0.214 1.36434e-06
939 0.348 0.504 5.868 0.375 1.6266e-06
940 0.354 0.505 5.833 0.519 1.20031e-06
941 0.352 0.506 5.9 0.664 6.1739e-07
942 0.346 0.502 6.09 0.815 1.11926e-07
943 0.366 0.498 6.576 0.938 -7.1313e-08
944 0.349 0.559 6.418 0.092 3.82844e-07
945 0.353 0.562 6.307 0.212 7.44493e-07
946 0.353 0.563 6.316 0.378 8.52057e-07
947 0.356 0.562 6.354 0.517 6.38098e-07
948 0.353 0.559 6.249 0.667 3.48467e-07
949 0.345 0.549 6.575 0.781 1.18678e-07
950 0.326 0.605 6.854 0.082 2.47976e-07
951 0.332 0.604 6.874 0.222 5.27235e-07
952 0.361 0.604 6.869 0.369 4.70873e-07
953 0.355 0.603 6.881 0.503 3.94974e-07
954 0.329 0.603 6.934 0.693 1.70478e-07
955 0.442 0.294 4.596 0.122 2.41191e-06
956 0.445 0.291 4.613 0.236 3.92986e-06
957 0.445 0.29 4.619 0.379 4.55431e-06
958 0.446 0.29 4.62 0.521 3.82498e-06
959 0.449 0.29 4.624 0.663 2.44013e-06
960 0.442 0.29 4.61 0.824 1.00151e-06
961 0.443 0.29 4.609 0.973 -1.41322e-08
962 0.45 0.291 4.607 1.108 -5.16481e-07
963 0.463 0.292 4.631 1.267 -7.41151e-07
964 0.483 0.283 4.583 1.407 -7.76102e-07
965 0.449 0.338 4.818 0.101 1.39573e-06
966 0.447 0.334 4.853 0.227 2.73642e-06
967 0.448 0.33 4.889 0.374 3.21961e-06
968 0.448 0.33 4.882 0.52 2.7368e-06
969 0.45 0.331 4.879 0.664 1.7353e-06
970 0.449 0.327 4.877 0.815 7.60193e-07
971 0.444 0.33 4.881 0.972 -2.75543e-08
972 0.445 0.333 4.893 1.115 -4.31294e-07
973 0.459 0.329 4.934 1.25 -5.50358e-07
974 0.473 0.303 4.732 1.376 -7.01969e-07
975 0.448 0.392 5.08 0.096 9.03836e-07
976 0.45 0.388 5.223 0.218 1.66296e-06
977 0.448 0.387 5.304 0.374 1.98559e-06
978 0.448 0.388 5.215 0.523 1.72554e-06
979 0.452 0.39 5.239 0.663 1.06474e-06
980 0.448 0.388 5.241 0.816 4.42844e-07
981 0.445 0.388 5.24 0.976 -5.15162e-08
982 0.449 0.382 5.338 1.114 -2.6985e-07
983 0.459 0.375 5.534 1.239 -3.26088e-07
984 0.449 0.448 5.469 0.094 5.36641e-07
985 0.452 0.448 5.604 0.213 9.7483e-07
986 0.448 0.447 5.564 0.371 1.26563e-06
987 0.451 0.447 5.526 0.522 1.05325e-06
988 0.452 0.448 5.554 0.665 6.49597e-07
989 0.45 0.448 5.654 0.818 2.44649e-07
990 0.442 0.442 5.77 0.959 -1.5797e-08
991 0.447 0.438 6.129 1.085 -1.22551e-07
992 0.448 0.506 5.955 0.097 3.12775e-07
993 0.453 0.506 5.762 0.214 6.32819e-07
994 0.45 0.504 5.78 0.373 7.9286e-07
995 0.448 0.506 5.808 0.523 6.48419e-07
996 0.454 0.505 5.886 0.664 3.84142e-07
997 0.454 0.501 6.135 0.807 1.52403e-07
998 0.437 0.498 6.668 0.959 -8.18061e-09
999 0.446 0.56 6.438 0.096 1.76524e-07
1000 0.455 0.561 6.295 0.218 3.42135e-07
1001 0.45 0.561 6.279 0.368 4.29895e-07
1002 0.446 0.562 6.325 0.526 3.52689e-07
1003 0.456 0.56 6.384 0.656 2.15865e-07
1004 0.44 0.559 6.577 0.77 1.13813e-07
1005 0.467 0.604 6.846 0.103 9.79481e-08
1006 0.447 0.603 6.858 0.213 2.05722e-07
1007 0.436 0.604 6.781 0.339 2.79132e-07
1008 0.426 0.609 6.97 0.511 2.23948e-07
1009 0.554 0.295 4.541 0.122 1.10404e-06
1010 0.548 0.291 4.603 0.239 1.92759e-06
1011 0.544 0.291 4.62 0.375 2.3516e-06
1012 0.544 0.291 4.62 0.526 2.09694e-06
1013 0.55 0.289 4.616 0.669 1.43878e-06
1014 0.545 0.29 4.622 0.829 7.08671e-07
1015 0.553 0.29 4.639 0.967 1.91816e-07
1016 0.545 0.289 4.631 1.13 -2.0304e-07
1017 0.542 0.289 4.598 1.268 -4.04533e-07
1018 0.549 0.29 4.66 1.369 -4.32306e-07
1019 0.546 0.339 4.808 0.098 6.75865e-07
1020 0.546 0.336 4.845 0.229 1.36506e-06
1021 0.546 0.332 4.879 0.373 1.67506e-06
1022 0.548 0.33 4.894 0.521 1.48881e-06
1023 0.547 0.33 4.871 0.668 1.0572e-06
1024 0.549 0.331 4.867 0.815 5.40398e-07
1025 0.55 0.328 4.854 0.96 1.45653e-07
1026 0.547 0.331 4.886 1.118 -1.42295e-07
1027 0.534 0.324 4.895 1.251 -3.11396e-07
1028 0.527 0.308 4.831 1.363 -4.33079e-07
1029 0.547 0.391 5.059 0.096 4.49553e-07
1030 0.548 0.39 5.16 0.22 8.57971e-07
1031 0.549 0.388 5.333 0.369 9.93882e-07
1032 0.548 0.388 5.259 0.52 9.34249e-07
1033 0.55 0.389 5.176 0.672 6.50397e-07
1034 0.551 0.389 5.233 0.813 3.308e-07
1035 0.549 0.386 5.283 0.965 7.22579e-08
1036 0.545 0.387 5.483 1.112 -8.11772e-08
1037 0.546 0.373 5.623 1.235 -1.46355e-07
1038 0.548 0.448 5.447 0.096 2.70714e-07
1039 0.551 0.449 5.512 0.218 5.11519e-07
1040 0.552 0.449 5.609 0.363 6.13864e-07
1041 0.546 0.449 5.533 0.525 5.87786e-07
1042 0.55 0.448 5.489 0.67 4.02784e-07
1043 0.551 0.447 5.609 0.811 1.98337e-07
1044 0.547 0.446 6 0.95 4.91934e-08
1045 0.516 0.427 6.082 1.107 -6.69213e-08
1046 0.548 0.506 5.928 0.098 1.54962e-07
1047 0.55 0.506 5.765 0.225 3.29745e-07
1048 0.553 0.506 5.654 0.36 4.20223e-07
1049 0.546 0.506 5.79 0.528 3.6333e-07
1050 0.545 0.505 5.884 0.661 2.49011e-07
1051 0.553 0.5 6.306 0.793 1.18403e-07
1052 0.544 0.495 6.744 0.927 3.85083e-08
1053 0.548 0.561 6.457 0.098 8.44186e-08
1054 0.551 0.56 6.334 0.224 1.75387e-07
1055 0.555 0.562 6.267 0.363 2.15074e-07
1056 0.552 0.561 6.346 0.527 1.88292e-07
1057 0.538 0.559 6.436 0.652 1.44953e-07
1058 0.555 0.552 6.899 0.783 6.84898e-08
1059 0.547 0.606 6.887 0.116 5.91159e-08
1060 0.551 0.606 6.917 0.232 9.94183e-08
1061 0.543 0.605 6.899 0.37 1.29454e-07
1062 0.537 0.605 6.873 0.529 1.18619e-07
1063 0.623 0.291 4.578 0.132 7.39449e-07
1064 0.626 0.292 4.618 0.234 1.11983e-06
1065 0.627 0.292 4.625 0.385 1.38461e-06
1066 0.63 0.291 4.609 0.526 1.27938e-06
1067 0.629 0.291 4.626 0.675 9.37057e-07
1068 0.628 0.288 4.617 0.81 5.79244e-07
1069 0.631 0.289 4.618 0.954 2.1765e-07
1070 0.62 0.289 4.609 1.116 -7.14568e-08
1071 0.629 0.288 4.623 1.259 -2.04899e-07
1072 0.639 0.34 4.793 0.1 3.60458e-07
1073 0.637 0.337 4.816 0.229 7.4302e-07
1074 0.636 0.334 4.851 0.376 9.44084e-07
1075 0.635 0.332 4.889 0.522 8.85027e-07
1076 0.635 0.331 4.886 0.671 6.59086e-07
1077 0.64 0.332 4.863 0.818 3.69389e-07
1078 0.638 0.333 4.882 0.965 1.28525e-07
1079 0.633 0.328 4.907 1.108 -3.87305e-08
1080 0.616 0.318 4.958 1.263 -1.68495e-07
1081 0.646 0.392 5.046 0.097 2.2433e-07
1082 0.647 0.392 5.093 0.224 4.45692e-07
1083 0.647 0.39 5.226 0.364 5.39061e-07
1084 0.642 0.389 5.279 0.524 5.20272e-07
1085 0.644 0.389 5.185 0.674 3.94528e-07
1086 0.642 0.389 5.169 0.819 2.29064e-07
1087 0.642 0.385 5.406 0.952 8.6692e-08
1088 0.636 0.379 5.611 1.086 -5.30397e-09
1089 0.647 0.449 5.401 0.098 1.37787e-07
1090 0.649 0.449 5.469 0.224 2.66276e-07
1091 0.65 0.449 5.498 0.363 3.33302e-07
1092 0.646 0.449 5.655 0.52 3.04431e-07
1093 0.644 0.446 5.518 0.668 2.47919e-07
1094 0.639 0.443 5.851 0.809 1.33736e-07
1095 0.63 0.435 6.106 0.946 5.41909e-08
1096 0.601 0.423 6.006 1.052 2.19219e-09
1097 0.648 0.505 5.982 0.101 7.57736e-08
1098 0.647 0.506 5.776 0.224 1.65187e-07
1099 0.65 0.506 5.687 0.364 2.14517e-07
1100 0.645 0.503 5.952 0.513 1.93118e-07
1101 0.637 0.498 6.185 0.663 1.42619e-07
1102 0.625 0.495 6.614 0.796 8.16862e-08
1103 0.603 0.495 6.82 0.905 4.28648e-08
1104 0.644 0.557 6.44 0.095 4.24638e-08
1105 0.646 0.56 6.319 0.225 9.03379e-08
1106 0.644 0.56 6.269 0.359 1.1919e-07
1107 0.627 0.558 6.413 0.504 1.24322e-07
1108 0.625 0.551 6.862 0.631 8.86127e-08
1109 0.637 0.604 6.864 0.225 5.55082e-08
1110 0.622 0.601 6.782 0.376 8.38445e-08
1111 0.706 0.409 4.737 0.09 1.42548e-07
1112 0.704 0.406 4.729 0.221 3.24043e-07
1113 0.705 0.408 4.744 0.353 4.10881e-07
1114 0.705 0.41 4.822 0.559 3.64264e-07
1115 0.703 0.405 4.7 0.642 3.45021e-07
1116 0.702 0.402 4.896 0.761 2.23921e-07
1117 0.71 0.454 5.145 0.1 9.53744e-08
1118 0.71 0.456 5.212 0.219 1.80128e-07
1119 0.71 0.457 5.204 0.361 2.37452e-07
1120 0.707 0.452 5.378 0.516 2.24635e-07
1121 0.705 0.446 5.537 0.669 1.68077e-07
1122 0.714 0.508 5.893 0.099 4.5176e-08
1123 0.713 0.505 5.727 0.221 1.01142e-07
1124 0.711 0.506 5.945 0.354 1.20378e-07
1125 0.711 0.503 6.315 0.512 1.04508e-07
1126 0.704 0.494 6.661 0.64 8.35925e-08
1127 0.715 0.558 6.544 0.107 2.55072e-08
1128 0.712 0.554 6.478 0.224 5.23123e-08
1129 0.705 0.55 6.465 0.349 7.32316e-08
1130 0.183 0.523 7.171 0.108 1.81531e-06
1131 0.19 0.52 7.129 0.194 2.78706e-06
1132 0.189 0.523 7.155 0.323 3.16647e-06
1133 0.177 0.516 7.161 0.506 2.29317e-06
1134 0.186 0.566 7.409 0.104 1.14642e-06
1135 0.187 0.569 7.509 0.225 1.88109e-06
1136 0.186 0.562 7.412 0.351 2.16043e-06
1137 0.188 0.57 7.442 0.511 1.24571e-06
1138 0.187 0.612 7.757 0.068 4.69366e-07
1139 0.182 0.612 7.873 0.194 1.12446e-06
1140 0.194 0.617 7.771 0.331 1.16476e-06
1141 0.184 0.623 7.957 0.526 6.26523e-07
1142 0.191 0.623 8.112 0.601 3.47858e-07
1143 0.258 0.522 7.174 0.089 8.17746e-07
1144 0.251 0.52 7.158 0.215 1.77833e-06
1145 0.254 0.522 7.164 0.367 1.87682e-06
1146 0.258 0.52 7.132 0.523 1.27608e-06
1147 0.244 0.523 7.147 0.656 5.97116e-07
1148 0.272 0.52 7.16 0.819 -2.44378e-08
1149 0.257 0.57 7.39 0.081 4.93264e-07
1150 0.252 0.571 7.388 0.213 1.112e-06
1151 0.254 0.567 7.361 0.366 1.25309e-06
1152 0.255 0.567 7.386 0.521 8.35279e-07
1153 0.254 0.571 7.387 0.667 3.18405e-07
1154 0.282 0.561 7.333 0.791 3.54032e-08
1155 0.257 0.618 7.677 0.081 3.02539e-07
1156 0.254 0.617 7.675 0.212 6.78518e-07
1157 0.26 0.62 7.758 0.372 6.70139e-07
1158 0.251 0.618 7.776 0.505 5.19426e-07
1159 0.247 0.617 7.696 0.657 2.07927e-07
1160 0.291 0.614 8.111 0.755 5.59486e-08
1161 0.352 0.524 7.159 0.097 3.7928e-07
1162 0.351 0.518 7.152 0.214 7.56818e-07
1163 0.349 0.52 7.154 0.373 8.88261e-07
1164 0.341 0.519 7.109 0.511 7.67336e-07
1165 0.369 0.527 7.139 0.666 3.25227e-07
1166 0.342 0.516 7.124 0.824 7.63839e-08
1167 0.386 0.518 7.251 0.962 -3.86871e-08
1168 0.351 0.569 7.381 0.087 2.30847e-07
1169 0.35 0.57 7.357 0.213 4.85915e-07
1170 0.344 0.572 7.4 0.372 5.78643e-07
1171 0.348 0.569 7.352 0.521 4.47239e-07
1172 0.342 0.573 7.407 0.669 2.27924e-07
1173 0.339 0.569 7.442 0.815 4.44476e-08
1174 0.351 0.618 7.706 0.094 1.49576e-07
1175 0.347 0.619 7.66 0.207 2.96889e-07
1176 0.347 0.618 7.66 0.38 3.52238e-07
1177 0.351 0.619 7.769 0.527 2.4637e-07
1178 0.348 0.622 7.722 0.641 1.52291e-07
1179 0.311 0.605 7.97 0.772 5.23543e-08
1180 0.443 0.525 7.184 0.098 1.76878e-07
1181 0.456 0.522 7.167 0.209 3.09939e-07
1182 0.455 0.527 7.187 0.373 3.77345e-07
1183 0.444 0.522 7.161 0.519 3.62096e-07
1184 0.455 0.522 7.156 0.666 2.17628e-07
1185 0.462 0.52 7.098 0.818 9.23152e-08
1186 0.449 0.511 7.116 0.96 2.68899e-09
1187 0.445 0.571 7.386 0.094 1.11748e-07
1188 0.449 0.57 7.342 0.211 2.17767e-07
1189 0.448 0.572 7.378 0.371 2.65659e-07
1190 0.447 0.573 7.383 0.516 2.25582e-07
1191 0.457 0.568 7.387 0.663 1.41322e-07
1192 0.446 0.565 7.419 0.8 6.83461e-08
1193 0.448 0.62 7.75 0.092 6.34957e-08
1194 0.452 0.621 7.74 0.218 1.25771e-07
1195 0.451 0.617 7.615 0.376 1.66138e-07
1196 0.451 0.619 7.772 0.529 1.28069e-07
1197 0.45 0.618 7.718 0.66 8.64422e-08
1198 0.547 0.523 7.148 0.102 8.75949e-08
1199 0.546 0.521 7.141 0.22 1.71438e-07
1200 0.55 0.525 7.134 0.365 2.04996e-07
1201 0.558 0.521 7.155 0.542 1.76411e-07
1202 0.54 0.523 7.138 0.668 1.40388e-07
1203 0.549 0.526 7.144 0.82 6.54954e-08
1204 0.535 0.515 7.081 0.907 3.80098e-08
1205 0.551 0.573 7.359 0.095 5.1516e-08
1206 0.549 0.569 7.354 0.222 1.10772e-07
1207 0.554 0.57 7.37 0.366 1.33105e-07
1208 0.547 0.572 7.355 0.531 1.22148e-07
1209 0.547 0.567 7.362 0.666 9.00892e-08
1210 0.537 0.551 7.255 0.793 6.34173e-08
1211 0.549 0.619 7.737 0.094 3.13422e-08
1212 0.552 0.617 7.711 0.228 6.66005e-08
1213 0.552 0.622 7.733 0.359 7.77687e-08
1214 0.545 0.618 7.621 0.518 7.9229e-08
1215 0.528 0.61 7.695 0.643 6.77289e-08
1216 0.66 0.519 7.131 0.109 4.23037e-08
1217 0.651 0.523 7.147 0.223 7.9885e-08
1218 0.65 0.519 7.14 0.357 1.06636e-07
1219 0.645 0.524 7.151 0.518 1.03624e-07
1220 0.659 0.522 7.147 0.664 7.40747e-08
1221 0.648 0.514 7.152 0.798 5.25154e-08
1222 0.648 0.572 7.386 0.098 2.5928e-08
1223 0.65 0.568 7.355 0.225 5.43277e-08
1224 0.652 0.57 7.39 0.364 6.70971e-08
1225 0.643 0.567 7.35 0.507 7.24439e-08
1226 0.631 0.556 7.376 0.656 6.45539e-08
1227 0.648 0.619 7.81 0.097 1.51767e-08
1228 0.643 0.619 7.71 0.221 3.35088e-08
1229 0.635 0.615 7.71 0.366 4.79521e-08
1230 0.621 0.613 7.708 0.505 5.17467e-08
1231 0.709 0.531 7.255 0.104 2.36915e-08
1232 0.71 0.529 7.166 0.237 5.00623e-08
1233 0.71 0.521 7.116 0.393 6.93305e-08
1234 0.706 0.526 7.165 0.475 6.75862e-08
1235 0.715 0.572 7.347 0.1 1.56379e-08
1236 0.713 0.566 7.398 0.217 3.21807e-08
1237 0.712 0.564 7.37 0.371 4.49789e-08
1238 0.71 0.608 7.626 0.093 1.03063e-08
1239 0.713 0.61 7.915 0.19 1.70061e-08
