0 0.327536 0.0774958 1.10314 0.128725 0.000692108
1 0.32918 0.0918359 1.16917 0.122644 0.00053364
2 0.326853 0.103451 1.2478 0.126355 0.000453585
3 0.327091 0.115949 1.39102 0.127048 0.000336691
4 0.326432 0.12862 1.48228 0.118528 0.000261528
5 0.325699 0.143762 1.60072 0.127041 0.000220122
6 0.326113 0.164808 1.66337 0.121954 0.000179248
7 0.325411 0.215818 1.73215 0.148307 0.000159062
8 0.324175 0.0738482 1.12061 0.305744 0.00111674
9 0.32644 0.0882884 1.21872 0.293624 0.000839025
10 0.324915 0.102641 1.37051 0.29568 0.000608352
11 0.325352 0.117863 1.46933 0.294617 0.000484207
12 0.325061 0.134459 1.57972 0.299853 0.000385153
13 0.324217 0.159296 1.55229 0.31233 0.000364341
14 0.325104 0.192324 1.56366 0.308322 0.000312612
15 0.323197 0.246492 1.72711 0.305145 0.000205087
16 0.325179 0.0711795 1.14028 0.487554 0.000788098
17 0.325328 0.0880678 1.26662 0.493708 0.000554655
18 0.325308 0.101965 1.36337 0.494418 0.000439811
19 0.324935 0.115243 1.46632 0.492264 0.000357458
20 0.324904 0.130663 1.53125 0.49254 0.000303325
21 0.32386 0.150328 1.58173 0.489945 0.000263345
22 0.326012 0.180867 1.56562 0.484445 0.000237049
23 0.324214 0.237272 1.68796 0.482348 0.000161849
24 0.326387 0.0694764 1.14614 0.678144 0.000223455
25 0.325579 0.0850844 1.25513 0.676779 0.000172061
26 0.326264 0.0979463 1.36098 0.675224 0.000141159
27 0.325926 0.110652 1.46658 0.676764 0.000114217
28 0.324389 0.125115 1.48345 0.677509 0.000100425
29 0.326387 0.142269 1.50482 0.680671 8.41518e-05
30 0.324056 0.167544 1.48094 0.676887 7.54289e-05
31 0.324486 0.215634 1.65816 0.667351 5.45648e-05
32 0.328116 0.086658 1.25211 0.8777 -0.000110209
33 0.327767 0.147283 1.57797 0.86348 -4.28862e-05
34 0.374141 0.0836345 1.10915 0.129262 0.000489578
35 0.377967 0.0986609 1.20237 0.120465 0.000347861
36 0.372837 0.109098 1.27704 0.122007 0.000302276
37 0.375737 0.120995 1.36729 0.117216 0.000232922
38 0.3769 0.133636 1.45363 0.128393 0.000206407
39 0.377379 0.147173 1.52443 0.1172 0.000161865
40 0.375872 0.166743 1.63963 0.124589 0.000135334
41 0.378404 0.2087 1.75683 0.133978 0.000103662
42 0.372259 0.0751708 1.10805 0.30912 0.00084781
43 0.375329 0.0890887 1.19057 0.293189 0.000651999
44 0.374313 0.101331 1.31137 0.299496 0.000499462
45 0.374891 0.115304 1.42534 0.292515 0.000386066
46 0.376673 0.131766 1.52373 0.292478 0.000306666
47 0.375107 0.15209 1.59804 0.298976 0.000257493
48 0.37492 0.184104 1.59348 0.302605 0.000230004
49 0.375244 0.234226 1.69123 0.30201 0.000165785
50 0.374337 0.0724143 1.12458 0.497359 0.000604099
51 0.374646 0.0886611 1.24136 0.494411 0.000447995
52 0.374428 0.101232 1.31327 0.494906 0.000371802
53 0.374201 0.114719 1.43205 0.500088 0.000286011
54 0.374795 0.129396 1.49006 0.499362 0.000245737
55 0.374125 0.147384 1.56317 0.492745 0.000210777
56 0.374505 0.173415 1.57078 0.491127 0.000187443
57 0.373854 0.226487 1.66335 0.49122 0.000133665
58 0.374436 0.0700339 1.14567 0.684204 0.000194161
59 0.375478 0.0859165 1.25336 0.680895 0.000151734
60 0.37544 0.0968327 1.32545 0.679685 0.000129888
61 0.375151 0.108077 1.41282 0.677153 0.000111906
62 0.376766 0.121422 1.48452 0.67814 9.41001e-05
63 0.37574 0.137491 1.52832 0.679891 8.04391e-05
64 0.374986 0.160213 1.55238 0.682663 6.6898e-05
65 0.375384 0.204299 1.65229 0.673171 5.20563e-05
66 0.376819 0.0784594 1.21055 0.876897 -6.77201e-05
67 0.377316 0.109757 1.39037 0.873316 -3.86274e-05
68 0.376921 0.15514 1.56732 0.868345 -2.37746e-05
69 0.379146 0.102252 1.37541 1.05737 -9.83816e-05
70 0.424912 0.0876023 1.14076 0.139934 0.000349226
71 0.422175 0.104925 1.19935 0.124173 0.00026429
72 0.423344 0.116027 1.2734 0.128502 0.000224432
73 0.425959 0.126504 1.324 0.12179 0.000184587
74 0.426409 0.137659 1.42458 0.124921 0.000151969
75 0.424734 0.150598 1.52228 0.124936 0.000125387
76 0.424701 0.172695 1.66941 0.126384 9.41992e-05
77 0.424365 0.210593 1.74566 0.130116 7.62072e-05
78 0.424706 0.0784905 1.11785 0.306147 0.000598205
79 0.425066 0.0938821 1.2025 0.294916 0.000464397
80 0.424604 0.104668 1.25967 0.290503 0.000397486
81 0.425224 0.116701 1.36843 0.291201 0.00031159
82 0.424059 0.131655 1.48138 0.294124 0.000246914
83 0.424759 0.151841 1.6032 0.290602 0.000189305
84 0.425868 0.180316 1.5827 0.298971 0.000175415
85 0.428449 0.231975 1.72961 0.300236 0.000116587
86 0.423131 0.0740383 1.11454 0.498207 0.00047875
87 0.425219 0.0893773 1.22469 0.498416 0.0003544
88 0.424606 0.102022 1.31506 0.495358 0.000289037
89 0.425035 0.116298 1.38808 0.497896 0.000238485
90 0.424053 0.131727 1.49158 0.502829 0.00018938
91 0.425306 0.150058 1.56065 0.495571 0.000161711
92 0.424028 0.176052 1.54921 0.493942 0.000149325
93 0.424055 0.224779 1.68818 0.489648 0.000103627
94 0.424683 0.0712131 1.1386 0.686793 0.000171636
95 0.42541 0.0873797 1.22908 0.681264 0.000138829
96 0.423465 0.0996406 1.32153 0.686655 0.000109281
97 0.425148 0.11127 1.39504 0.682024 9.62938e-05
98 0.42525 0.123478 1.46395 0.679197 8.46998e-05
99 0.424306 0.138394 1.53379 0.679017 7.25034e-05
100 0.424904 0.159574 1.55949 0.679329 6.27205e-05
101 0.426032 0.204109 1.69487 0.674762 4.509e-05
102 0.425709 0.0741455 1.17929 0.885823 -4.23883e-05
103 0.425875 0.0963729 1.33119 0.880676 -2.34752e-05
104 0.426592 0.117703 1.46642 0.880087 -1.50702e-05
105 0.424868 0.155132 1.60065 0.876063 -1.0644e-05
106 0.422766 0.217874 1.87176 0.848715 -1.88875e-06
107 0.428215 0.100412 1.36687 1.07376 -7.12596e-05
108 0.472249 0.0903534 1.12961 0.132084 0.000248897
109 0.473895 0.107489 1.19805 0.134012 0.000201534
110 0.474622 0.119853 1.301 0.133185 0.000156456
111 0.475148 0.132673 1.37752 0.123973 0.000121971
112 0.474652 0.142686 1.40531 0.131246 0.000118144
113 0.475708 0.156915 1.51975 0.122901 8.75127e-05
114 0.476141 0.178456 1.64096 0.123388 6.76717e-05
115 0.476725 0.220237 1.71657 0.133325 5.59519e-05
116 0.474834 0.0808361 1.11199 0.310064 0.000445597
117 0.474761 0.0977681 1.21827 0.296224 0.000329947
118 0.473181 0.112298 1.29042 0.287373 0.000271688
119 0.475194 0.126471 1.40462 0.292863 0.000209529
120 0.474543 0.142995 1.50285 0.293252 0.000168905
121 0.474387 0.162088 1.59531 0.291644 0.00013701
122 0.475447 0.19105 1.61706 0.296074 0.000119381
123 0.476072 0.235775 1.71719 0.297968 8.80712e-05
124 0.474659 0.0758245 1.11975 0.495376 0.000367839
125 0.475189 0.092557 1.23564 0.496011 0.000269911
126 0.474114 0.106267 1.32774 0.504494 0.000212491
127 0.4738 0.120244 1.41342 0.493044 0.00017991
128 0.474159 0.134008 1.525 0.494757 0.000143082
129 0.475316 0.150962 1.52529 0.496183 0.000132315
130 0.47528 0.177495 1.59694 0.497921 0.000107504
131 0.474831 0.228311 1.69211 0.492311 7.90382e-05
132 0.474225 0.0730382 1.13445 0.690404 0.000147772
133 0.474497 0.0893052 1.2252 0.681475 0.000122284
134 0.475328 0.102451 1.30162 0.690213 9.52455e-05
135 0.474507 0.11475 1.40728 0.688973 7.86549e-05
136 0.475668 0.1285 1.45261 0.685094 7.07513e-05
137 0.47491 0.143382 1.51305 0.683411 6.19028e-05
138 0.475797 0.165173 1.57368 0.686742 5.06715e-05
139 0.475342 0.206183 1.70738 0.676673 3.87386e-05
140 0.474693 0.0726673 1.15749 0.889075 -1.97614e-05
141 0.475127 0.0929595 1.30645 0.889645 -1.06269e-05
142 0.475643 0.111344 1.42001 0.879194 -3.43204e-06
143 0.474751 0.132275 1.52205 0.877155 -1.85104e-06
144 0.476577 0.170224 1.68729 0.871462 2.46522e-07
145 0.47699 0.0834913 1.25541 1.09354 -6.82832e-05
146 0.476069 0.12948 1.5952 1.07555 -2.90168e-05
147 0.523888 0.0956608 1.10573 0.136358 0.000191535
148 0.522854 0.11211 1.19637 0.124903 0.000138468
149 0.523132 0.123528 1.28571 0.113204 0.000102142
150 0.524601 0.136197 1.33923 0.127341 9.72679e-05
151 0.522159 0.147648 1.40398 0.117993 7.91193e-05
152 0.52229 0.161953 1.51692 0.127355 6.68526e-05
153 0.522543 0.183608 1.60628 0.132889 5.60418e-05
154 0.525819 0.228956 1.77304 0.142019 3.92294e-05
155 0.526692 0.0850872 1.13456 0.310655 0.000310863
156 0.52423 0.101724 1.19687 0.294434 0.000254257
157 0.52538 0.115949 1.31884 0.294305 0.000189945
158 0.52427 0.1311 1.41363 0.292084 0.000152828
159 0.524146 0.147218 1.48357 0.291902 0.000128629
160 0.524352 0.168286 1.54286 0.293548 0.000108869
161 0.525659 0.194529 1.58867 0.29618 9.21845e-05
162 0.526921 0.241721 1.72931 0.292947 6.31134e-05
163 0.524701 0.0783464 1.1116 0.493742 0.000292179
164 0.523966 0.0942766 1.20621 0.490265 0.000227205
165 0.525178 0.106954 1.32092 0.493722 0.000173183
166 0.524495 0.121245 1.42524 0.494016 0.000138031
167 0.523614 0.135997 1.49006 0.492243 0.000118736
168 0.52582 0.154382 1.53196 0.493102 0.000102687
169 0.524592 0.181519 1.58059 0.488987 8.77046e-05
170 0.526173 0.228799 1.68968 0.480265 6.38933e-05
171 0.525178 0.073955 1.11617 0.694002 0.000130849
172 0.524164 0.0904021 1.22199 0.692143 0.000100987
173 0.524331 0.1039 1.31251 0.690435 8.29609e-05
174 0.526078 0.116888 1.37349 0.689485 7.13629e-05
175 0.525409 0.130992 1.447 0.689835 6.04785e-05
176 0.523672 0.146737 1.51444 0.692042 5.11876e-05
177 0.525779 0.169595 1.59561 0.683911 4.36934e-05
178 0.5234 0.208515 1.74607 0.676937 3.25562e-05
179 0.524348 0.0739463 1.15501 0.893988 -3.9121e-06
180 0.524548 0.0943893 1.27619 0.890337 1.1425e-08
181 0.524772 0.111315 1.39752 0.885396 3.05831e-06
182 0.525646 0.132774 1.51749 0.88274 3.82891e-06
183 0.525292 0.169474 1.68077 0.871561 4.63517e-06
184 0.525597 0.0790833 1.21999 1.11338 -5.49728e-05
185 0.525669 0.121181 1.56514 1.09062 -2.16587e-05
186 0.573003 0.0971219 1.11492 0.134581 0.000139572
187 0.571248 0.111812 1.17362 0.122449 0.000108061
188 0.575035 0.125158 1.27593 0.135732 9.01443e-05
189 0.576464 0.136471 1.29589 0.128768 7.89067e-05
190 0.57533 0.148528 1.44819 0.127022 5.7585e-05
191 0.574305 0.163648 1.48133 0.129232 5.28374e-05
192 0.57638 0.190584 1.63206 0.121798 3.57785e-05
193 0.574432 0.229179 1.74845 0.131918 2.88029e-05
194 0.574702 0.0862519 1.11427 0.312232 0.000250752
195 0.574432 0.104806 1.22411 0.300595 0.000183549
196 0.574823 0.119412 1.31726 0.297967 0.000144952
197 0.573583 0.134279 1.41328 0.293102 0.000116141
198 0.573503 0.149641 1.45444 0.291209 0.000102443
199 0.574116 0.169455 1.55318 0.288462 8.12224e-05
200 0.574175 0.193945 1.594 0.289453 7.02094e-05
201 0.573852 0.239715 1.74127 0.302893 4.93503e-05
202 0.574167 0.0783872 1.10881 0.495596 0.000235854
203 0.573818 0.094591 1.21203 0.491306 0.000179937
204 0.575436 0.107475 1.30678 0.48287 0.000144645
205 0.573503 0.120142 1.39773 0.492558 0.000116922
206 0.573148 0.13355 1.46146 0.494345 0.000100106
207 0.574061 0.149786 1.53636 0.495363 8.36064e-05
208 0.574746 0.175191 1.56618 0.483341 7.41987e-05
209 0.574663 0.218152 1.72453 0.478738 5.14399e-05
210 0.574491 0.0751249 1.11896 0.690994 0.000117586
211 0.574165 0.0895852 1.21135 0.682858 9.65284e-05
212 0.575185 0.102148 1.29269 0.694347 7.47721e-05
213 0.574015 0.1146 1.37387 0.69334 6.30691e-05
214 0.573912 0.128315 1.43627 0.691416 5.4837e-05
215 0.573681 0.143775 1.49158 0.686862 4.86904e-05
216 0.574229 0.163885 1.59827 0.685241 3.93392e-05
217 0.573663 0.199378 1.76322 0.684839 2.81087e-05
218 0.575229 0.0757319 1.15063 0.897092 6.59865e-06
219 0.573792 0.0971986 1.28654 0.890545 7.99583e-06
220 0.574817 0.116368 1.41235 0.885742 8.39216e-06
221 0.575032 0.141731 1.5805 0.884001 7.32722e-06
222 0.572451 0.177384 1.77976 0.868888 7.00342e-06
223 0.574631 0.0781392 1.20632 1.13045 -4.24163e-05
224 0.57491 0.114268 1.52018 1.09997 -1.67563e-05
225 0.57279 0.160644 1.85985 1.06328 -6.38174e-06
226 0.62253 0.097345 1.11924 0.149214 0.000116678
227 0.626962 0.11522 1.14473 0.130197 8.93412e-05
228 0.624503 0.126691 1.29091 0.117725 5.93908e-05
229 0.623794 0.138648 1.34738 0.124781 5.42714e-05
230 0.626267 0.15238 1.43551 0.126636 4.43873e-05
231 0.623881 0.168692 1.46232 0.127846 4.09944e-05
232 0.6247 0.192157 1.60729 0.126372 2.96956e-05
233 0.621434 0.228676 1.75681 0.134357 2.26975e-05
234 0.624253 0.0889056 1.11812 0.310743 0.000193374
235 0.623257 0.106922 1.19981 0.296157 0.000149792
236 0.623804 0.120418 1.28544 0.295986 0.000120362
237 0.623865 0.134762 1.33966 0.293885 0.000103151
238 0.625117 0.149076 1.43378 0.292312 8.27075e-05
239 0.623121 0.166516 1.50126 0.291079 7.03192e-05
240 0.624372 0.191562 1.57152 0.289533 5.73872e-05
241 0.624304 0.229326 1.74179 0.292756 3.96232e-05
242 0.622954 0.0781077 1.10253 0.497086 0.000196383
243 0.625061 0.0919905 1.17382 0.494277 0.000158462
244 0.62438 0.10381 1.26234 0.483527 0.000130071
245 0.625797 0.118208 1.36895 0.494585 9.96604e-05
246 0.625375 0.13285 1.44877 0.495403 8.27985e-05
247 0.62286 0.147186 1.54123 0.487321 6.96889e-05
248 0.622987 0.170126 1.59221 0.491323 5.91931e-05
249 0.622088 0.211032 1.74307 0.473655 4.27648e-05
250 0.623398 0.07608 1.1034 0.694362 0.000105577
251 0.625078 0.0925819 1.22332 0.691765 7.91273e-05
252 0.623175 0.105933 1.33174 0.697545 6.12142e-05
253 0.624797 0.119037 1.39396 0.689149 5.44069e-05
254 0.622906 0.132433 1.47229 0.686628 4.67183e-05
255 0.622156 0.148225 1.56046 0.686288 3.90277e-05
256 0.623279 0.180261 1.7332 0.677707 2.8659e-05
257 0.623448 0.0800684 1.14647 0.88916 1.54373e-05
258 0.625867 0.103833 1.30946 0.887997 1.27068e-05
259 0.623065 0.127298 1.49793 0.884103 1.06225e-05
260 0.621208 0.160229 1.74067 0.8745 8.60121e-06
261 0.623314 0.0843204 1.22885 1.12383 -2.82509e-05
262 0.623669 0.122942 1.65221 1.09518 -7.90293e-06
263 0.668422 0.104224 1.13048 0.125686 7.66303e-05
264 0.676064 0.118627 1.20626 0.11936 5.71525e-05
265 0.673823 0.12871 1.28397 0.118065 4.74355e-05
266 0.671822 0.139473 1.3368 0.138484 4.82412e-05
267 0.675186 0.151 1.44246 0.12072 3.35375e-05
268 0.673649 0.16725 1.51599 0.120723 2.83548e-05
269 0.674047 0.188522 1.59102 0.12518 2.42321e-05
270 0.670462 0.218609 1.76572 0.133778 1.83451e-05
271 0.672257 0.0900086 1.12488 0.312491 0.000154063
272 0.674141 0.107029 1.1808 0.302452 0.00012535
273 0.672833 0.121275 1.28763 0.302264 9.71463e-05
274 0.675647 0.132792 1.30387 0.29225 8.79894e-05
275 0.672034 0.146157 1.41251 0.299335 7.12154e-05
276 0.673193 0.16248 1.50478 0.28765 5.65476e-05
277 0.673471 0.182684 1.61335 0.296373 4.5257e-05
278 0.670789 0.217844 1.79381 0.285044 3.09423e-05
279 0.674099 0.0783854 1.09912 0.494828 0.000164263
280 0.675278 0.0931882 1.16031 0.494557 0.0001346
281 0.674312 0.105337 1.24211 0.484064 0.000111332
282 0.674485 0.118544 1.36906 0.493437 8.34064e-05
283 0.673203 0.132721 1.44611 0.488177 7.05072e-05
284 0.673585 0.147937 1.51332 0.479798 6.05866e-05
285 0.673676 0.168093 1.60667 0.485979 4.87908e-05
286 0.672552 0.198444 1.76652 0.480678 3.56139e-05
287 0.673366 0.0780753 1.11019 0.698576 9.08024e-05
288 0.674834 0.0957282 1.2328 0.695829 6.74684e-05
289 0.672401 0.108922 1.29115 0.682386 6.1299e-05
290 0.673598 0.123869 1.46219 0.684519 4.39838e-05
291 0.67313 0.146175 1.62594 0.682677 3.24639e-05
292 0.671281 0.175512 1.78075 0.674756 2.47521e-05
293 0.672683 0.0781001 1.11938 0.989248 -6.35587e-06
294 0.672577 0.0986788 1.30459 0.954108 3.8092e-06
295 0.67189 0.124424 1.60982 0.931775 6.38316e-06
296 0.672116 0.156047 1.81983 0.889599 7.71862e-06
297 0.32418 0.154539 2.15869 0.129793 0.000108529
298 0.325109 0.176153 2.23901 0.128664 9.06327e-05
299 0.326506 0.194218 2.35983 0.120105 7.00988e-05
300 0.326303 0.216486 2.48175 0.120022 5.75197e-05
301 0.325994 0.247427 2.59204 0.131733 5.03342e-05
302 0.324815 0.298233 2.55684 0.148338 4.74292e-05
303 0.320125 0.357624 2.66865 0.14591 3.37298e-05
304 0.323192 0.140361 2.18586 0.312736 0.000184345
305 0.324583 0.167127 2.30493 0.305802 0.000144669
306 0.325 0.188953 2.38944 0.305213 0.000122261
307 0.325505 0.210213 2.43924 0.303507 0.000107406
308 0.324576 0.232165 2.46663 0.300387 9.69665e-05
309 0.326517 0.257404 2.49165 0.298088 8.4982e-05
310 0.325969 0.290236 2.5122 0.291276 7.31483e-05
311 0.323701 0.338723 2.64113 0.286527 5.34725e-05
312 0.32396 0.130941 2.19643 0.498803 0.000143143
313 0.324335 0.152826 2.28094 0.492596 0.00012067
314 0.325818 0.168098 2.36124 0.497695 0.000102345
315 0.323151 0.183065 2.40096 0.488287 9.68511e-05
316 0.325284 0.200406 2.46872 0.485731 8.46747e-05
317 0.325629 0.221779 2.51605 0.48598 7.43705e-05
318 0.32572 0.256795 2.52353 0.482413 6.46315e-05
319 0.324226 0.316897 2.56907 0.481979 4.80023e-05
320 0.326752 0.135508 2.22324 0.67296 5.52531e-05
321 0.327055 0.168004 2.39398 0.670234 4.11586e-05
322 0.327219 0.207619 2.49578 0.668571 3.14252e-05
323 0.325759 0.275303 2.54943 0.67111 2.05276e-05
324 0.32749 0.189228 2.40483 0.8815 -9.85404e-06
325 0.374814 0.156993 2.13045 0.125615 7.65109e-05
326 0.375353 0.181964 2.26353 0.12936 6.18854e-05
327 0.37718 0.201305 2.36993 0.132566 5.23029e-05
328 0.376686 0.219784 2.42731 0.123523 4.37643e-05
329 0.375984 0.241141 2.50447 0.127217 3.88125e-05
330 0.375756 0.271627 2.57593 0.139184 3.5075e-05
331 0.375404 0.32696 2.60916 0.139202 2.73598e-05
332 0.373211 0.149004 2.17224 0.316272 0.000131269
333 0.374757 0.174105 2.27395 0.299241 0.000105374
334 0.374618 0.194144 2.39299 0.303256 8.72766e-05
335 0.375273 0.21319 2.46447 0.305756 7.58981e-05
336 0.374627 0.232869 2.47615 0.300212 7.00379e-05
337 0.375218 0.256422 2.51434 0.298142 6.16568e-05
338 0.37513 0.286713 2.51136 0.296514 5.49783e-05
339 0.37528 0.333664 2.6296 0.293688 4.0467e-05
340 0.37313 0.135205 2.19107 0.506275 0.000105719
341 0.374669 0.158696 2.30042 0.502392 8.57509e-05
342 0.375248 0.176057 2.34318 0.497383 7.75362e-05
343 0.37382 0.192254 2.40613 0.497165 6.92047e-05
344 0.375444 0.210379 2.47536 0.490784 6.11452e-05
345 0.374007 0.232667 2.52055 0.488386 5.46375e-05
346 0.375421 0.267004 2.53517 0.487247 4.67693e-05
347 0.374609 0.324903 2.60493 0.484521 3.46014e-05
348 0.375269 0.133792 2.21419 0.682414 4.5675e-05
349 0.375573 0.160772 2.34898 0.677272 3.65688e-05
350 0.375223 0.184522 2.43094 0.675765 3.0811e-05
351 0.376775 0.215179 2.4943 0.675786 2.5176e-05
352 0.376674 0.272842 2.58613 0.674316 1.78215e-05
353 0.377839 0.180474 2.39518 0.888829 -3.79922e-06
354 0.424387 0.162363 2.14253 0.128064 5.43337e-05
355 0.42579 0.184918 2.25726 0.128607 4.4058e-05
356 0.423871 0.203386 2.36391 0.128977 3.75754e-05
357 0.422924 0.220218 2.3503 0.140835 3.90544e-05
358 0.428151 0.239449 2.47925 0.126537 2.82956e-05
359 0.425452 0.267709 2.55343 0.136287 2.5858e-05
360 0.425353 0.321344 2.61908 0.140047 2.02396e-05
361 0.414477 0.390298 2.9577 0.0944809 8.4051e-06
362 0.423943 0.154594 2.17077 0.312283 9.40463e-05
363 0.424429 0.182125 2.28748 0.296011 7.41616e-05
364 0.423714 0.202176 2.37768 0.305961 6.3867e-05
365 0.42534 0.221605 2.43884 0.298126 5.53131e-05
366 0.424819 0.241811 2.4589 0.300329 5.07804e-05
367 0.425333 0.263733 2.47861 0.300006 4.58469e-05
368 0.425927 0.293113 2.50269 0.294632 3.97206e-05
369 0.425877 0.335915 2.63748 0.290575 2.9295e-05
370 0.423884 0.140307 2.18483 0.504114 8.02638e-05
371 0.423616 0.164668 2.28092 0.496058 6.72976e-05
372 0.423868 0.182242 2.35506 0.495228 5.85796e-05
373 0.423792 0.197972 2.40341 0.493411 5.30063e-05
374 0.425146 0.217094 2.46667 0.492297 4.63432e-05
375 0.425174 0.239906 2.4837 0.484129 4.26683e-05
376 0.424169 0.270617 2.5166 0.487819 3.65855e-05
377 0.424951 0.323161 2.59769 0.488338 2.70966e-05
378 0.423944 0.135662 2.2019 0.689943 3.74826e-05
379 0.424614 0.16435 2.34204 0.686189 2.93991e-05
380 0.42504 0.188168 2.41661 0.681429 2.54388e-05
381 0.42422 0.215797 2.47974 0.679222 2.16716e-05
382 0.425032 0.261239 2.50098 0.680861 1.69505e-05
383 0.426457 0.319685 2.71863 0.670604 1.15226e-05
384 0.426452 0.152187 2.31789 0.909524 -1.28506e-06
385 0.427018 0.225745 2.539 0.889412 -4.32274e-07
386 0.473257 0.167271 2.18182 0.126781 3.66867e-05
387 0.476433 0.194338 2.29039 0.131435 3.0072e-05
388 0.474149 0.216989 2.39506 0.122278 2.38244e-05
389 0.474717 0.240888 2.46409 0.13682 2.25237e-05
390 0.476167 0.267786 2.50521 0.132485 1.89706e-05
391 0.472923 0.317295 2.61989 0.137113 1.48234e-05
392 0.46845 0.3809 2.82661 0.130003 9.18374e-06
393 0.473267 0.159575 2.1682 0.306511 6.80673e-05
394 0.476165 0.187423 2.30589 0.30279 5.21967e-05
395 0.474221 0.207976 2.39068 0.302033 4.51383e-05
396 0.474927 0.22725 2.40452 0.298924 4.1398e-05
397 0.473366 0.24527 2.43101 0.289961 3.78742e-05
398 0.475265 0.266176 2.4814 0.298245 3.33497e-05
399 0.475901 0.294194 2.54633 0.296201 2.80345e-05
400 0.474716 0.336871 2.64985 0.30141 2.16689e-05
401 0.472891 0.14599 2.18143 0.503521 6.09813e-05
402 0.473579 0.170955 2.29705 0.499872 4.94093e-05
403 0.473586 0.1892 2.37523 0.494203 4.3314e-05
404 0.473325 0.207167 2.41352 0.492401 3.93234e-05
405 0.475317 0.22416 2.45642 0.490641 3.52701e-05
406 0.474004 0.24541 2.5027 0.487897 3.16299e-05
407 0.474983 0.277686 2.52849 0.486405 2.722e-05
408 0.474905 0.330682 2.63176 0.476165 2.03077e-05
409 0.474335 0.141682 2.21587 0.695402 2.96037e-05
410 0.474135 0.173198 2.34946 0.686103 2.39278e-05
411 0.474621 0.201214 2.43867 0.686724 1.95713e-05
412 0.474499 0.238779 2.48805 0.685981 1.60166e-05
413 0.475917 0.291627 2.61362 0.680202 1.17251e-05
414 0.475726 0.145415 2.28839 0.93812 -3.52905e-07
415 0.475863 0.204117 2.46257 0.915196 3.67602e-07
416 0.474939 0.271021 2.70674 0.864043 1.92355e-06
417 0.523985 0.171507 2.18238 0.135564 2.77804e-05
418 0.525901 0.198368 2.28198 0.128009 2.1415e-05
419 0.524605 0.220763 2.37466 0.12942 1.83579e-05
420 0.525963 0.25007 2.42172 0.129488 1.57294e-05
421 0.523729 0.287721 2.56617 0.142696 1.31433e-05
422 0.522744 0.341695 2.65876 0.120408 8.44234e-06
423 0.523302 0.164612 2.17082 0.311526 4.9836e-05
424 0.523649 0.191272 2.28359 0.301176 3.97848e-05
425 0.525539 0.210145 2.40236 0.299289 3.258e-05
426 0.524676 0.23038 2.39361 0.29369 3.06844e-05
427 0.523857 0.252147 2.45395 0.296212 2.70021e-05
428 0.522929 0.275646 2.48274 0.298647 2.43213e-05
429 0.524485 0.30326 2.5185 0.295796 2.08963e-05
430 0.525172 0.343484 2.67647 0.294534 1.52067e-05
431 0.523934 0.14914 2.17058 0.507317 4.68706e-05
432 0.525896 0.175909 2.29618 0.495134 3.77287e-05
433 0.524325 0.195458 2.36552 0.494253 3.31604e-05
434 0.524316 0.215639 2.43474 0.494491 2.88691e-05
435 0.5233 0.236985 2.47995 0.486456 2.61187e-05
436 0.524076 0.263708 2.46866 0.48312 2.39575e-05
437 0.523334 0.301912 2.55351 0.481853 1.91696e-05
438 0.522136 0.347841 2.74583 0.473702 1.3561e-05
439 0.524221 0.148872 2.23248 0.694566 2.41564e-05
440 0.52435 0.185586 2.37957 0.685598 1.88673e-05
441 0.524069 0.221139 2.46022 0.686036 1.52062e-05
442 0.523886 0.274023 2.56977 0.67891 1.14868e-05
443 0.524712 0.144532 2.27026 0.963234 3.34373e-07
444 0.524686 0.197261 2.44787 0.927822 1.42202e-06
445 0.524312 0.25065 2.64989 0.872718 2.73363e-06
446 0.573714 0.183107 2.21983 0.133013 1.88162e-05
447 0.57497 0.221087 2.3525 0.133243 1.43279e-05
448 0.575963 0.252157 2.44178 0.129459 1.14161e-05
449 0.574863 0.302286 2.56117 0.131995 8.67216e-06
450 0.574119 0.367413 2.7698 0.13817 5.70879e-06
451 0.572147 0.165329 2.15936 0.308833 3.83985e-05
452 0.574395 0.193112 2.30402 0.297114 2.90953e-05
453 0.574857 0.21402 2.40703 0.303256 2.45301e-05
454 0.573549 0.233879 2.40597 0.299668 2.30646e-05
455 0.573012 0.251699 2.45611 0.30318 2.07839e-05
456 0.575064 0.27117 2.44559 0.302841 1.93917e-05
457 0.572577 0.297828 2.47429 0.293886 1.70991e-05
458 0.571959 0.339493 2.67246 0.300206 1.21219e-05
459 0.575087 0.157035 2.19513 0.499632 3.54369e-05
460 0.574791 0.185637 2.30636 0.489355 2.89913e-05
461 0.576072 0.208747 2.40216 0.491367 2.41143e-05
462 0.573944 0.23203 2.43733 0.496075 2.1557e-05
463 0.573552 0.2621 2.49042 0.487202 1.86625e-05
464 0.573352 0.306031 2.62138 0.470773 1.42871e-05
465 0.573685 0.157712 2.26668 0.691935 1.95697e-05
466 0.573324 0.202408 2.43447 0.688906 1.42717e-05
467 0.574512 0.255862 2.54957 0.679835 1.08114e-05
468 0.573969 0.147637 2.27295 0.983176 9.05271e-07
469 0.573808 0.205088 2.50128 0.92845 2.21431e-06
470 0.622403 0.191029 2.22016 0.144578 1.52172e-05
471 0.623107 0.230087 2.38858 0.138582 1.07376e-05
472 0.625252 0.272801 2.47957 0.129103 7.86626e-06
473 0.623419 0.325199 2.61456 0.130477 5.77618e-06
474 0.623684 0.169484 2.17807 0.299214 2.829e-05
475 0.623568 0.198538 2.30511 0.297318 2.23402e-05
476 0.623023 0.220578 2.36074 0.295955 1.96337e-05
477 0.623447 0.238274 2.43865 0.298639 1.71232e-05
478 0.622615 0.260929 2.45016 0.297935 1.5725e-05
479 0.624082 0.291649 2.50538 0.296102 1.32004e-05
480 0.62172 0.326927 2.70695 0.288526 9.50667e-06
481 0.62453 0.163631 2.193 0.498877 2.81809e-05
482 0.624026 0.198208 2.36378 0.494554 2.11244e-05
483 0.623862 0.226735 2.41291 0.491809 1.83461e-05
484 0.623998 0.255698 2.4624 0.486538 1.589e-05
485 0.621896 0.297054 2.6705 0.471144 1.15099e-05
486 0.623884 0.145611 2.20909 0.862754 7.87722e-06
487 0.624702 0.176453 2.34754 0.798235 9.1183e-06
488 0.624195 0.207306 2.45855 0.757845 8.96766e-06
489 0.622005 0.250516 2.61554 0.697644 8.56798e-06
490 0.673351 0.170894 2.15888 0.258114 2.12249e-05
491 0.672409 0.195961 2.26887 0.250273 1.70736e-05
492 0.673772 0.215472 2.35425 0.238267 1.40896e-05
493 0.673928 0.235106 2.38701 0.250318 1.31965e-05
494 0.672587 0.253932 2.45491 0.246885 1.15312e-05
495 0.671766 0.280064 2.54274 0.238931 9.48141e-06
496 0.668971 0.315061 2.77705 0.219703 6.37372e-06
497 0.67426 0.170731 2.20201 0.494241 2.262e-05
498 0.67381 0.20848 2.3971 0.49403 1.63233e-05
499 0.671325 0.253748 2.54489 0.480562 1.2405e-05
500 0.664137 0.310973 2.88265 0.440502 7.78378e-06
501 0.673545 0.155593 2.21944 0.826886 8.83756e-06
502 0.673641 0.195985 2.44462 0.758103 8.54262e-06
503 0.671849 0.238523 2.67504 0.692256 7.63222e-06
504 0.325689 0.220672 3.22019 0.259521 5.17197e-05
505 0.324979 0.253359 3.33129 0.239749 4.10005e-05
506 0.326324 0.276418 3.44676 0.241377 3.44264e-05
507 0.326001 0.300278 3.48991 0.244076 3.06457e-05
508 0.324777 0.329869 3.43544 0.254885 2.88935e-05
509 0.32602 0.370835 3.42124 0.253071 2.3992e-05
510 0.323148 0.419282 3.56591 0.242534 1.70474e-05
511 0.323884 0.211859 3.26321 0.498038 4.30116e-05
512 0.325046 0.262258 3.40893 0.490323 3.21258e-05
513 0.324426 0.319884 3.46196 0.484152 2.46612e-05
514 0.325478 0.400451 3.52078 0.484544 1.57486e-05
515 0.326482 0.246208 3.38296 0.707625 1.13557e-05
516 0.326741 0.355684 3.4971 0.671587 7.65322e-06
517 0.373345 0.23013 3.21414 0.250849 3.59972e-05
518 0.37413 0.263457 3.36999 0.232557 2.72374e-05
519 0.373524 0.285533 3.45217 0.231613 2.36984e-05
520 0.376066 0.309142 3.4534 0.24566 2.18868e-05
521 0.375425 0.340316 3.4123 0.252162 2.01299e-05
522 0.37538 0.381516 3.46018 0.244657 1.59312e-05
523 0.374419 0.426659 3.6208 0.23957 1.13209e-05
524 0.373428 0.223753 3.25851 0.501778 3.09925e-05
525 0.374392 0.277795 3.42622 0.492443 2.26721e-05
526 0.374284 0.345677 3.45803 0.484975 1.68159e-05
527 0.375868 0.429258 3.63075 0.479766 9.81515e-06
528 0.376175 0.23153 3.32854 0.723854 1.00757e-05
529 0.375642 0.324925 3.50776 0.702998 6.45675e-06
530 0.422788 0.235563 3.22926 0.246089 2.50948e-05
531 0.42347 0.270321 3.38273 0.239145 1.93962e-05
532 0.424967 0.295829 3.43975 0.239705 1.67899e-05
533 0.424532 0.324358 3.40502 0.241672 1.55139e-05
534 0.424617 0.362857 3.43193 0.246684 1.30442e-05
535 0.425599 0.411777 3.57384 0.252927 9.40458e-06
536 0.423062 0.235471 3.28967 0.497135 2.24813e-05
537 0.424885 0.298257 3.42624 0.487603 1.61474e-05
538 0.425487 0.375674 3.48292 0.489041 1.09017e-05
539 0.424702 0.228011 3.30328 0.751992 7.64725e-06
540 0.424977 0.318972 3.48568 0.723085 5.26149e-06
541 0.474754 0.244058 3.25924 0.2444 1.69247e-05
542 0.475587 0.280699 3.44705 0.243025 1.28177e-05
543 0.474702 0.311664 3.40358 0.255494 1.21791e-05
544 0.473569 0.34799 3.38865 0.244606 1.04667e-05
545 0.474587 0.397762 3.50003 0.248252 7.71745e-06
546 0.473737 0.449066 3.80131 0.228145 4.62282e-06
547 0.474115 0.216313 3.24274 0.662751 1.16658e-05
548 0.474033 0.262714 3.37779 0.623532 1.02533e-05
549 0.474468 0.303099 3.45213 0.592541 9.15491e-06
550 0.475185 0.369716 3.48284 0.536229 7.78955e-06
551 0.473895 0.452599 3.85453 0.446231 4.78423e-06
552 0.522908 0.249137 3.26996 0.237805 1.20232e-05
553 0.523502 0.288282 3.42491 0.24685 9.49908e-06
554 0.523177 0.327119 3.39829 0.241129 8.27219e-06
555 0.524562 0.376043 3.41298 0.249945 6.73279e-06
556 0.524448 0.427506 3.60874 0.241955 4.48239e-06
557 0.523995 0.223806 3.2574 0.684008 8.52917e-06
558 0.523738 0.272207 3.386 0.613696 8.23192e-06
559 0.523713 0.321043 3.42381 0.565702 7.49997e-06
560 0.523305 0.386502 3.50384 0.504791 6.0308e-06
561 0.573411 0.226733 3.22486 0.543329 1.04878e-05
562 0.573337 0.260503 3.35268 0.431549 9.65011e-06
563 0.574237 0.284701 3.43427 0.408568 8.36836e-06
564 0.57427 0.309367 3.43257 0.364363 7.62359e-06
565 0.573658 0.337745 3.38903 0.336363 6.956e-06
566 0.574378 0.378311 3.46319 0.306653 5.35256e-06
567 0.571886 0.426018 3.65811 0.25232 3.41787e-06
568 0.623259 0.23205 3.23027 0.524442 8.56861e-06
569 0.623679 0.270625 3.40359 0.414421 7.1248e-06
570 0.624534 0.301605 3.42559 0.365731 6.18744e-06
571 0.623905 0.342608 3.42276 0.327267 5.15129e-06
572 0.621087 0.390412 3.58611 0.253609 3.3296e-06
573 0.672914 0.244904 3.28458 0.480989 6.76111e-06
574 0.67374 0.288912 3.43377 0.357087 5.1589e-06
575 0.672059 0.338627 3.48417 0.290436 3.82353e-06
576 0.325421 0.312373 4.21825 0.364375 1.97816e-05
577 0.326071 0.357415 4.44987 0.346541 1.43154e-05
578 0.325416 0.416622 4.50012 0.348643 1.04147e-05
579 0.323827 0.486473 4.5695 0.306129 6.784e-06
580 0.374115 0.314613 4.22553 0.378519 1.42732e-05
581 0.374334 0.357263 4.43596 0.348554 1.06425e-05
582 0.374936 0.409524 4.49878 0.35113 7.95794e-06
583 0.374348 0.47424 4.53063 0.329104 5.48572e-06
584 0.424368 0.318277 4.23779 0.385094 1.02704e-05
585 0.424621 0.36896 4.48311 0.364499 7.21481e-06
586 0.424633 0.442766 4.51199 0.343443 4.90941e-06
587 0.473932 0.323164 4.26441 0.391418 7.33308e-06
588 0.474542 0.380544 4.49953 0.360748 4.99987e-06
589 0.473795 0.455105 4.49518 0.331724 3.41673e-06
590 0.524263 0.327361 4.28027 0.38217 5.34524e-06
591 0.524921 0.39663 4.49095 0.355111 3.46351e-06
592 0.522766 0.475037 4.52283 0.303954 2.19479e-06
593 0.5736 0.33436 4.3257 0.376424 3.87202e-06
594 0.57331 0.415658 4.5252 0.32362 2.32381e-06
595 0.623655 0.343474 4.34555 0.359736 2.85967e-06
596 0.622952 0.422173 4.53174 0.281657 1.64051e-06
597 0.673357 0.356445 4.40578 0.3489 2.0773e-06
598 0.325324 0.432602 5.42144 0.334891 6.10908e-06
599 0.326263 0.534422 5.50193 0.334585 3.1077e-06
600 0.374873 0.433771 5.41557 0.339743 4.4406e-06
601 0.375994 0.53274 5.51068 0.336377 2.30353e-06
602 0.424313 0.439658 5.41605 0.330848 3.15671e-06
603 0.424564 0.556076 5.7559 0.320463 1.2982e-06
604 0.474491 0.442746 5.4214 0.341955 2.27421e-06
605 0.524527 0.440483 5.41238 0.33531 1.70671e-06
606 0.573608 0.436095 5.42872 0.332136 1.31442e-06
607 0.622803 0.427945 5.43566 0.327461 1.0596e-06
608 0.67202 0.419427 5.41434 0.308687 8.68316e-07
609 0.324998 0.517717 6.62839 0.337543 2.22124e-06
610 0.37479 0.519211 6.61509 0.339078 1.61072e-06
611 0.424204 0.517353 6.59574 0.339244 1.20873e-06
612 0.47407 0.517089 6.60469 0.335462 8.81189e-07
613 0.523595 0.514878 6.57313 0.328526 6.67445e-07
614 0.573356 0.509238 6.53864 0.317684 5.23598e-07
615 0.622596 0.500485 6.51266 0.306262 4.26987e-07
616 0.6716 0.484909 6.38749 0.272488 3.68194e-07
