                   BLNY           Nu_c           Nd_c           au_c           ad_c           bu_c           bd_c           Nu_T           Nd_T           au_T           ad_T           bu_T           bd_T          ChiSQ
+BLNY +BLNY    2.43336e-02    2.61971e-01   -1.95220e-01    1.69586e+00    3.20601e-01    1.46831e-06    3.61390e-03    8.54376e-01   -9.99999e-01    6.88367e-01    1.79434e+00    4.81953e-02    6.99676e+00    1.37642e+03
+BLNY -BLNY    2.43336e-02    2.61971e-01   -1.95220e-01    1.69586e+00    3.20601e-01    1.46831e-06    3.61390e-03    8.54376e-01   -9.99999e-01    6.88367e-01    1.79434e+00    4.81953e-02    6.99676e+00    1.37642e+03
-BLNY +BLNY    2.28996e-02    2.61971e-01   -1.95220e-01    1.69586e+00    3.20601e-01    1.46831e-06    3.61390e-03    8.54376e-01   -9.99999e-01    6.88367e-01    1.79434e+00    4.81953e-02    6.99676e+00    1.34430e+03
-BLNY -BLNY    2.28996e-02    2.61971e-01   -1.95220e-01    1.69586e+00    3.20601e-01    1.46831e-06    3.61390e-03    8.54376e-01   -9.99999e-01    6.88367e-01    1.79434e+00    4.81953e-02    6.99676e+00    1.34430e+03
+BLNY +Nu_c    2.43336e-02    2.86625e-01   -1.95220e-01    1.69586e+00    3.20601e-01    1.46831e-06    3.61390e-03    8.54376e-01   -9.99999e-01    6.88367e-01    1.79434e+00    4.81953e-02    6.99676e+00    2.60354e+03
+BLNY -Nu_c    2.43336e-02    2.37317e-01   -1.95220e-01    1.69586e+00    3.20601e-01    1.46831e-06    3.61390e-03    8.54376e-01   -9.99999e-01    6.88367e-01    1.79434e+00    4.81953e-02    6.99676e+00    4.06252e+03
-BLNY +Nu_c    2.28996e-02    2.86625e-01   -1.95220e-01    1.69586e+00    3.20601e-01    1.46831e-06    3.61390e-03    8.54376e-01   -9.99999e-01    6.88367e-01    1.79434e+00    4.81953e-02    6.99676e+00    3.94648e+03
-BLNY -Nu_c    2.28996e-02    2.37317e-01   -1.95220e-01    1.69586e+00    3.20601e-01    1.46831e-06    3.61390e-03    8.54376e-01   -9.99999e-01    6.88367e-01    1.79434e+00    4.81953e-02    6.99676e+00    2.88432e+03
+BLNY +Nd_c    2.43336e-02    2.61971e-01   -1.88061e-01    1.69586e+00    3.20601e-01    1.46831e-06    3.61390e-03    8.54376e-01   -9.99999e-01    6.88367e-01    1.79434e+00    4.81953e-02    6.99676e+00    1.37871e+03
+BLNY -Nd_c    2.43336e-02    2.61971e-01   -2.02379e-01    1.69586e+00    3.20601e-01    1.46831e-06    3.61390e-03    8.54376e-01   -9.99999e-01    6.88367e-01    1.79434e+00    4.81953e-02    6.99676e+00    1.37438e+03
-BLNY +Nd_c    2.28996e-02    2.61971e-01   -1.88061e-01    1.69586e+00    3.20601e-01    1.46831e-06    3.61390e-03    8.54376e-01   -9.99999e-01    6.88367e-01    1.79434e+00    4.81953e-02    6.99676e+00    1.34194e+03
-BLNY -Nd_c    2.28996e-02    2.61971e-01   -2.02379e-01    1.69586e+00    3.20601e-01    1.46831e-06    3.61390e-03    8.54376e-01   -9.99999e-01    6.88367e-01    1.79434e+00    4.81953e-02    6.99676e+00    1.34690e+03
+BLNY +au_c    2.43336e-02    2.61971e-01   -1.95220e-01    1.70345e+00    3.20601e-01    1.46831e-06    3.61390e-03    8.54376e-01   -9.99999e-01    6.88367e-01    1.79434e+00    4.81953e-02    6.99676e+00    1.42169e+03
+BLNY -au_c    2.43336e-02    2.61971e-01   -1.95220e-01    1.68827e+00    3.20601e-01    1.46831e-06    3.61390e-03    8.54376e-01   -9.99999e-01    6.88367e-01    1.79434e+00    4.81953e-02    6.99676e+00    1.34249e+03
-BLNY +au_c    2.28996e-02    2.61971e-01   -1.95220e-01    1.70345e+00    3.20601e-01    1.46831e-06    3.61390e-03    8.54376e-01   -9.99999e-01    6.88367e-01    1.79434e+00    4.81953e-02    6.99676e+00    1.32154e+03
-BLNY -au_c    2.28996e-02    2.61971e-01   -1.95220e-01    1.68827e+00    3.20601e-01    1.46831e-06    3.61390e-03    8.54376e-01   -9.99999e-01    6.88367e-01    1.79434e+00    4.81953e-02    6.99676e+00    1.37987e+03
+BLNY +ad_c    2.43336e-02    2.61971e-01   -1.95220e-01    1.69586e+00    3.60717e-01    1.46831e-06    3.61390e-03    8.54376e-01   -9.99999e-01    6.88367e-01    1.79434e+00    4.81953e-02    6.99676e+00    1.37780e+03
+BLNY -ad_c    2.43336e-02    2.61971e-01   -1.95220e-01    1.69586e+00    2.80485e-01    1.46831e-06    3.61390e-03    8.54376e-01   -9.99999e-01    6.88367e-01    1.79434e+00    4.81953e-02    6.99676e+00    1.37550e+03
-BLNY +ad_c    2.28996e-02    2.61971e-01   -1.95220e-01    1.69586e+00    3.60717e-01    1.46831e-06    3.61390e-03    8.54376e-01   -9.99999e-01    6.88367e-01    1.79434e+00    4.81953e-02    6.99676e+00    1.34326e+03
-BLNY -ad_c    2.28996e-02    2.61971e-01   -1.95220e-01    1.69586e+00    2.80485e-01    1.46831e-06    3.61390e-03    8.54376e-01   -9.99999e-01    6.88367e-01    1.79434e+00    4.81953e-02    6.99676e+00    1.34575e+03
+BLNY +bu_c    2.43336e-02    2.61971e-01   -1.95220e-01    1.69586e+00    3.20601e-01    1.34565e-01    3.61390e-03    8.54376e-01   -9.99999e-01    6.88367e-01    1.79434e+00    4.81953e-02    6.99676e+00    4.06034e+03
+BLNY -bu_c    2.43336e-02    2.61971e-01   -1.95220e-01    1.69586e+00    3.20601e-01   -1.34563e-01    3.61390e-03    8.54376e-01   -9.99999e-01    6.88367e-01    1.79434e+00    4.81953e-02    6.99676e+00   -1.11110e+04
-BLNY +bu_c    2.28996e-02    2.61971e-01   -1.95220e-01    1.69586e+00    3.20601e-01    1.34565e-01    3.61390e-03    8.54376e-01   -9.99999e-01    6.88367e-01    1.79434e+00    4.81953e-02    6.99676e+00    2.81940e+03
-BLNY -bu_c    2.28996e-02    2.61971e-01   -1.95220e-01    1.69586e+00    3.20601e-01   -1.34563e-01    3.61390e-03    8.54376e-01   -9.99999e-01    6.88367e-01    1.79434e+00    4.81953e-02    6.99676e+00   -1.11110e+04
+BLNY +bd_c    2.43336e-02    2.61971e-01   -1.95220e-01    1.69586e+00    3.20601e-01    1.46831e-06    2.02050e-01    8.54376e-01   -9.99999e-01    6.88367e-01    1.79434e+00    4.81953e-02    6.99676e+00    1.38722e+03
+BLNY -bd_c    2.43336e-02    2.61971e-01   -1.95220e-01    1.69586e+00    3.20601e-01    1.46831e-06   -1.94823e-01    8.54376e-01   -9.99999e-01    6.88367e-01    1.79434e+00    4.81953e-02    6.99676e+00    1.42095e+03
-BLNY +bd_c    2.28996e-02    2.61971e-01   -1.95220e-01    1.69586e+00    3.20601e-01    1.46831e-06    2.02050e-01    8.54376e-01   -9.99999e-01    6.88367e-01    1.79434e+00    4.81953e-02    6.99676e+00    1.33482e+03
-BLNY -bd_c    2.28996e-02    2.61971e-01   -1.95220e-01    1.69586e+00    3.20601e-01    1.46831e-06   -1.94823e-01    8.54376e-01   -9.99999e-01    6.88367e-01    1.79434e+00    4.81953e-02    6.99676e+00    1.32217e+03
+BLNY +Nu_T    2.43336e-02    2.61971e-01   -1.95220e-01    1.69586e+00    3.20601e-01    1.46831e-06    3.61390e-03    9.40928e-01   -9.99999e-01    6.88367e-01    1.79434e+00    4.81953e-02    6.99676e+00    2.85838e+03
+BLNY -Nu_T    2.43336e-02    2.61971e-01   -1.95220e-01    1.69586e+00    3.20601e-01    1.46831e-06    3.61390e-03    7.67824e-01   -9.99999e-01    6.88367e-01    1.79434e+00    4.81953e-02    6.99676e+00    4.42889e+03
-BLNY +Nu_T    2.28996e-02    2.61971e-01   -1.95220e-01    1.69586e+00    3.20601e-01    1.46831e-06    3.61390e-03    9.40928e-01   -9.99999e-01    6.88367e-01    1.79434e+00    4.81953e-02    6.99676e+00    4.31586e+03
-BLNY -Nu_T    2.28996e-02    2.61971e-01   -1.95220e-01    1.69586e+00    3.20601e-01    1.46831e-06    3.61390e-03    7.67824e-01   -9.99999e-01    6.88367e-01    1.79434e+00    4.81953e-02    6.99676e+00    3.17250e+03
+BLNY +Nd_T    2.43336e-02    2.61971e-01   -1.95220e-01    1.69586e+00    3.20601e-01    1.46831e-06    3.61390e-03    8.54376e-01   -8.74845e-01    6.88367e-01    1.79434e+00    4.81953e-02    6.99676e+00    1.38525e+03
+BLNY -Nd_T    2.43336e-02    2.61971e-01   -1.95220e-01    1.69586e+00    3.20601e-01    1.46831e-06    3.61390e-03    8.54376e-01   -1.12515e+00    6.88367e-01    1.79434e+00    4.81953e-02    6.99676e+00    1.37046e+03
-BLNY +Nd_T    2.28996e-02    2.61971e-01   -1.95220e-01    1.69586e+00    3.20601e-01    1.46831e-06    3.61390e-03    8.54376e-01   -8.74845e-01    6.88367e-01    1.79434e+00    4.81953e-02    6.99676e+00    1.33730e+03
-BLNY -Nd_T    2.28996e-02    2.61971e-01   -1.95220e-01    1.69586e+00    3.20601e-01    1.46831e-06    3.61390e-03    8.54376e-01   -1.12515e+00    6.88367e-01    1.79434e+00    4.81953e-02    6.99676e+00    1.35421e+03
+BLNY +au_T    2.43336e-02    2.61971e-01   -1.95220e-01    1.69586e+00    3.20601e-01    1.46831e-06    3.61390e-03    8.54376e-01   -9.99999e-01    6.91077e-01    1.79434e+00    4.81953e-02    6.99676e+00    1.39263e+03
+BLNY -au_T    2.43336e-02    2.61971e-01   -1.95220e-01    1.69586e+00    3.20601e-01    1.46831e-06    3.61390e-03    8.54376e-01   -9.99999e-01    6.85657e-01    1.79434e+00    4.81953e-02    6.99676e+00    1.36202e+03
-BLNY +au_T    2.28996e-02    2.61971e-01   -1.95220e-01    1.69586e+00    3.20601e-01    1.46831e-06    3.61390e-03    8.54376e-01   -9.99999e-01    6.91077e-01    1.79434e+00    4.81953e-02    6.99676e+00    1.33361e+03
-BLNY -au_T    2.28996e-02    2.61971e-01   -1.95220e-01    1.69586e+00    3.20601e-01    1.46831e-06    3.61390e-03    8.54376e-01   -9.99999e-01    6.85657e-01    1.79434e+00    4.81953e-02    6.99676e+00    1.35696e+03
+BLNY +ad_T    2.43336e-02    2.61971e-01   -1.95220e-01    1.69586e+00    3.20601e-01    1.46831e-06    3.61390e-03    8.54376e-01   -9.99999e-01    6.88367e-01    1.83401e+00    4.81953e-02    6.99676e+00    1.37410e+03
+BLNY -ad_T    2.43336e-02    2.61971e-01   -1.95220e-01    1.69586e+00    3.20601e-01    1.46831e-06    3.61390e-03    8.54376e-01   -9.99999e-01    6.88367e-01    1.75467e+00    4.81953e-02    6.99676e+00    1.37881e+03
-BLNY +ad_T    2.28996e-02    2.61971e-01   -1.95220e-01    1.69586e+00    3.20601e-01    1.46831e-06    3.61390e-03    8.54376e-01   -9.99999e-01    6.88367e-01    1.83401e+00    4.81953e-02    6.99676e+00    1.34607e+03
-BLNY -ad_T    2.28996e-02    2.61971e-01   -1.95220e-01    1.69586e+00    3.20601e-01    1.46831e-06    3.61390e-03    8.54376e-01   -9.99999e-01    6.88367e-01    1.75467e+00    4.81953e-02    6.99676e+00    1.34261e+03
+BLNY +bu_T    2.43336e-02    2.61971e-01   -1.95220e-01    1.69586e+00    3.20601e-01    1.46831e-06    3.61390e-03    8.54376e-01   -9.99999e-01    6.88367e-01    1.79434e+00    5.06263e-02    6.99676e+00    1.34263e+03
+BLNY -bu_T    2.43336e-02    2.61971e-01   -1.95220e-01    1.69586e+00    3.20601e-01    1.46831e-06    3.61390e-03    8.54376e-01   -9.99999e-01    6.88367e-01    1.79434e+00    4.57643e-02    6.99676e+00    1.42271e+03
-BLNY +bu_T    2.28996e-02    2.61971e-01   -1.95220e-01    1.69586e+00    3.20601e-01    1.46831e-06    3.61390e-03    8.54376e-01   -9.99999e-01    6.88367e-01    1.79434e+00    5.06263e-02    6.99676e+00    1.37952e+03
-BLNY -bu_T    2.28996e-02    2.61971e-01   -1.95220e-01    1.69586e+00    3.20601e-01    1.46831e-06    3.61390e-03    8.54376e-01   -9.99999e-01    6.88367e-01    1.79434e+00    4.57643e-02    6.99676e+00    1.32112e+03
+BLNY +bd_T    2.43336e-02    2.61971e-01   -1.95220e-01    1.69586e+00    3.20601e-01    1.46831e-06    3.61390e-03    8.54376e-01   -9.99999e-01    6.88367e-01    1.79434e+00    4.81953e-02    7.16227e+00    1.38090e+03
+BLNY -bd_T    2.43336e-02    2.61971e-01   -1.95220e-01    1.69586e+00    3.20601e-01    1.46831e-06    3.61390e-03    8.54376e-01   -9.99999e-01    6.88367e-01    1.79434e+00    4.81953e-02    6.83125e+00    1.37191e+03
-BLNY +bd_T    2.28996e-02    2.61971e-01   -1.95220e-01    1.69586e+00    3.20601e-01    1.46831e-06    3.61390e-03    8.54376e-01   -9.99999e-01    6.88367e-01    1.79434e+00    4.81953e-02    7.16227e+00    1.34122e+03
-BLNY -bd_T    2.28996e-02    2.61971e-01   -1.95220e-01    1.69586e+00    3.20601e-01    1.46831e-06    3.61390e-03    8.54376e-01   -9.99999e-01    6.88367e-01    1.79434e+00    4.81953e-02    6.83125e+00    1.34772e+03
+Nu_c +Nu_c    2.36166e-02    2.86625e-01   -1.95220e-01    1.69586e+00    3.20601e-01    1.46831e-06    3.61390e-03    8.54376e-01   -9.99999e-01    6.88367e-01    1.79434e+00    4.81953e-02    6.99676e+00    3.21414e+03
+Nu_c -Nu_c    2.36166e-02    2.86625e-01   -1.95220e-01    1.69586e+00    3.20601e-01    1.46831e-06    3.61390e-03    8.54376e-01   -9.99999e-01    6.88367e-01    1.79434e+00    4.81953e-02    6.99676e+00    3.21414e+03
-Nu_c +Nu_c    2.36166e-02    2.37317e-01   -1.95220e-01    1.69586e+00    3.20601e-01    1.46831e-06    3.61390e-03    8.54376e-01   -9.99999e-01    6.88367e-01    1.79434e+00    4.81953e-02    6.99676e+00    3.43257e+03
-Nu_c -Nu_c    2.36166e-02    2.37317e-01   -1.95220e-01    1.69586e+00    3.20601e-01    1.46831e-06    3.61390e-03    8.54376e-01   -9.99999e-01    6.88367e-01    1.79434e+00    4.81953e-02    6.99676e+00    3.43257e+03
+Nu_c +Nd_c    2.36166e-02    2.86625e-01   -1.88061e-01    1.69586e+00    3.20601e-01    1.46831e-06    3.61390e-03    8.54376e-01   -9.99999e-01    6.88367e-01    1.79434e+00    4.81953e-02    6.99676e+00    3.19756e+03
+Nu_c -Nd_c    2.36166e-02    2.86625e-01   -2.02379e-01    1.69586e+00    3.20601e-01    1.46831e-06    3.61390e-03    8.54376e-01   -9.99999e-01    6.88367e-01    1.79434e+00    4.81953e-02    6.99676e+00    3.23096e+03
-Nu_c +Nd_c    2.36166e-02    2.37317e-01   -1.88061e-01    1.69586e+00    3.20601e-01    1.46831e-06    3.61390e-03    8.54376e-01   -9.99999e-01    6.88367e-01    1.79434e+00    4.81953e-02    6.99676e+00    3.44941e+03
-Nu_c -Nd_c    2.36166e-02    2.37317e-01   -2.02379e-01    1.69586e+00    3.20601e-01    1.46831e-06    3.61390e-03    8.54376e-01   -9.99999e-01    6.88367e-01    1.79434e+00    4.81953e-02    6.99676e+00    3.41598e+03
+Nu_c +au_c    2.36166e-02    2.86625e-01   -1.95220e-01    1.70345e+00    3.20601e-01    1.46831e-06    3.61390e-03    8.54376e-01   -9.99999e-01    6.88367e-01    1.79434e+00    4.81953e-02    6.99676e+00    2.98735e+03
+Nu_c -au_c    2.36166e-02    2.86625e-01   -1.95220e-01    1.68827e+00    3.20601e-01    1.46831e-06    3.61390e-03    8.54376e-01   -9.99999e-01    6.88367e-01    1.79434e+00    4.81953e-02    6.99676e+00    3.45679e+03
-Nu_c +au_c    2.36166e-02    2.37317e-01   -1.95220e-01    1.70345e+00    3.20601e-01    1.46831e-06    3.61390e-03    8.54376e-01   -9.99999e-01    6.88367e-01    1.79434e+00    4.81953e-02    6.99676e+00    3.64224e+03
-Nu_c -au_c    2.36166e-02    2.37317e-01   -1.95220e-01    1.68827e+00    3.20601e-01    1.46831e-06    3.61390e-03    8.54376e-01   -9.99999e-01    6.88367e-01    1.79434e+00    4.81953e-02    6.99676e+00    3.23162e+03
+Nu_c +ad_c    2.36166e-02    2.86625e-01   -1.95220e-01    1.69586e+00    3.60717e-01    1.46831e-06    3.61390e-03    8.54376e-01   -9.99999e-01    6.88367e-01    1.79434e+00    4.81953e-02    6.99676e+00    3.20387e+03
+Nu_c -ad_c    2.36166e-02    2.86625e-01   -1.95220e-01    1.69586e+00    2.80485e-01    1.46831e-06    3.61390e-03    8.54376e-01   -9.99999e-01    6.88367e-01    1.79434e+00    4.81953e-02    6.99676e+00    3.22509e+03
-Nu_c +ad_c    2.36166e-02    2.37317e-01   -1.95220e-01    1.69586e+00    3.60717e-01    1.46831e-06    3.61390e-03    8.54376e-01   -9.99999e-01    6.88367e-01    1.79434e+00    4.81953e-02    6.99676e+00    3.44351e+03
-Nu_c -ad_c    2.36166e-02    2.37317e-01   -1.95220e-01    1.69586e+00    2.80485e-01    1.46831e-06    3.61390e-03    8.54376e-01   -9.99999e-01    6.88367e-01    1.79434e+00    4.81953e-02    6.99676e+00    3.42169e+03
+Nu_c +bu_c    2.36166e-02    2.86625e-01   -1.95220e-01    1.69586e+00    3.20601e-01    1.34565e-01    3.61390e-03    8.54376e-01   -9.99999e-01    6.88367e-01    1.79434e+00    4.81953e-02    6.99676e+00    1.33295e+03
+Nu_c -bu_c    2.36166e-02    2.86625e-01   -1.95220e-01    1.69586e+00    3.20601e-01   -1.34563e-01    3.61390e-03    8.54376e-01   -9.99999e-01    6.88367e-01    1.79434e+00    4.81953e-02    6.99676e+00   -1.11110e+04
-Nu_c +bu_c    2.36166e-02    2.37317e-01   -1.95220e-01    1.69586e+00    3.20601e-01    1.34565e-01    3.61390e-03    8.54376e-01   -9.99999e-01    6.88367e-01    1.79434e+00    4.81953e-02    6.99676e+00    8.76590e+03
-Nu_c -bu_c    2.36166e-02    2.37317e-01   -1.95220e-01    1.69586e+00    3.20601e-01   -1.34563e-01    3.61390e-03    8.54376e-01   -9.99999e-01    6.88367e-01    1.79434e+00    4.81953e-02    6.99676e+00   -1.11110e+04
+Nu_c +bd_c    2.36166e-02    2.86625e-01   -1.95220e-01    1.69586e+00    3.20601e-01    1.46831e-06    2.02050e-01    8.54376e-01   -9.99999e-01    6.88367e-01    1.79434e+00    4.81953e-02    6.99676e+00    3.14756e+03
+Nu_c -bd_c    2.36166e-02    2.86625e-01   -1.95220e-01    1.69586e+00    3.20601e-01    1.46831e-06   -1.94823e-01    8.54376e-01   -9.99999e-01    6.88367e-01    1.79434e+00    4.81953e-02    6.99676e+00    2.99961e+03
-Nu_c +bd_c    2.36166e-02    2.37317e-01   -1.95220e-01    1.69586e+00    3.20601e-01    1.46831e-06    2.02050e-01    8.54376e-01   -9.99999e-01    6.88367e-01    1.79434e+00    4.81953e-02    6.99676e+00    3.50128e+03
-Nu_c -bd_c    2.36166e-02    2.37317e-01   -1.95220e-01    1.69586e+00    3.20601e-01    1.46831e-06   -1.94823e-01    8.54376e-01   -9.99999e-01    6.88367e-01    1.79434e+00    4.81953e-02    6.99676e+00    3.67243e+03
+Nu_c +Nu_T    2.36166e-02    2.86625e-01   -1.95220e-01    1.69586e+00    3.20601e-01    1.46831e-06    3.61390e-03    9.40928e-01   -9.99999e-01    6.88367e-01    1.79434e+00    4.81953e-02    6.99676e+00    1.06208e+04
+Nu_c -Nu_T    2.36166e-02    2.86625e-01   -1.95220e-01    1.69586e+00    3.20601e-01    1.46831e-06    3.61390e-03    7.67824e-01   -9.99999e-01    6.88367e-01    1.79434e+00    4.81953e-02    6.99676e+00    1.39302e+03
-Nu_c +Nu_T    2.36166e-02    2.37317e-01   -1.95220e-01    1.69586e+00    3.20601e-01    1.46831e-06    3.61390e-03    9.40928e-01   -9.99999e-01    6.88367e-01    1.79434e+00    4.81953e-02    6.99676e+00    1.31394e+03
-Nu_c -Nu_T    2.36166e-02    2.37317e-01   -1.95220e-01    1.69586e+00    3.20601e-01    1.46831e-06    3.61390e-03    7.67824e-01   -9.99999e-01    6.88367e-01    1.79434e+00    4.81953e-02    6.99676e+00    9.38007e+03
+Nu_c +Nd_T    2.36166e-02    2.86625e-01   -1.95220e-01    1.69586e+00    3.20601e-01    1.46831e-06    3.61390e-03    8.54376e-01   -8.74845e-01    6.88367e-01    1.79434e+00    4.81953e-02    6.99676e+00    3.15857e+03
+Nu_c -Nd_T    2.36166e-02    2.86625e-01   -1.95220e-01    1.69586e+00    3.20601e-01    1.46831e-06    3.61390e-03    8.54376e-01   -1.12515e+00    6.88367e-01    1.79434e+00    4.81953e-02    6.99676e+00    3.27258e+03
-Nu_c +Nd_T    2.36166e-02    2.37317e-01   -1.95220e-01    1.69586e+00    3.20601e-01    1.46831e-06    3.61390e-03    8.54376e-01   -8.74845e-01    6.88367e-01    1.79434e+00    4.81953e-02    6.99676e+00    3.49105e+03
-Nu_c -Nd_T    2.36166e-02    2.37317e-01   -1.95220e-01    1.69586e+00    3.20601e-01    1.46831e-06    3.61390e-03    8.54376e-01   -1.12515e+00    6.88367e-01    1.79434e+00    4.81953e-02    6.99676e+00    3.37686e+03
+Nu_c +au_T    2.36166e-02    2.86625e-01   -1.95220e-01    1.69586e+00    3.20601e-01    1.46831e-06    3.61390e-03    8.54376e-01   -9.99999e-01    6.91077e-01    1.79434e+00    4.81953e-02    6.99676e+00    3.12318e+03
+Nu_c -au_T    2.36166e-02    2.86625e-01   -1.95220e-01    1.69586e+00    3.20601e-01    1.46831e-06    3.61390e-03    8.54376e-01   -9.99999e-01    6.85657e-01    1.79434e+00    4.81953e-02    6.99676e+00    3.30752e+03
-Nu_c +au_T    2.36166e-02    2.37317e-01   -1.95220e-01    1.69586e+00    3.20601e-01    1.46831e-06    3.61390e-03    8.54376e-01   -9.99999e-01    6.91077e-01    1.79434e+00    4.81953e-02    6.99676e+00    3.51333e+03
-Nu_c -au_T    2.36166e-02    2.37317e-01   -1.95220e-01    1.69586e+00    3.20601e-01    1.46831e-06    3.61390e-03    8.54376e-01   -9.99999e-01    6.85657e-01    1.79434e+00    4.81953e-02    6.99676e+00    3.35322e+03
+Nu_c +ad_T    2.36166e-02    2.86625e-01   -1.95220e-01    1.69586e+00    3.20601e-01    1.46831e-06    3.61390e-03    8.54376e-01   -9.99999e-01    6.88367e-01    1.83401e+00    4.81953e-02    6.99676e+00    3.22649e+03
+Nu_c -ad_T    2.36166e-02    2.86625e-01   -1.95220e-01    1.69586e+00    3.20601e-01    1.46831e-06    3.61390e-03    8.54376e-01   -9.99999e-01    6.88367e-01    1.75467e+00    4.81953e-02    6.99676e+00    3.20190e+03
-Nu_c +ad_T    2.36166e-02    2.37317e-01   -1.95220e-01    1.69586e+00    3.20601e-01    1.46831e-06    3.61390e-03    8.54376e-01   -9.99999e-01    6.88367e-01    1.83401e+00    4.81953e-02    6.99676e+00    3.41947e+03
-Nu_c -ad_T    2.36166e-02    2.37317e-01   -1.95220e-01    1.69586e+00    3.20601e-01    1.46831e-06    3.61390e-03    8.54376e-01   -9.99999e-01    6.88367e-01    1.75467e+00    4.81953e-02    6.99676e+00    3.44568e+03
+Nu_c +bu_T    2.36166e-02    2.86625e-01   -1.95220e-01    1.69586e+00    3.20601e-01    1.46831e-06    3.61390e-03    8.54376e-01   -9.99999e-01    6.88367e-01    1.79434e+00    5.06263e-02    6.99676e+00    3.45492e+03
+Nu_c -bu_T    2.36166e-02    2.86625e-01   -1.95220e-01    1.69586e+00    3.20601e-01    1.46831e-06    3.61390e-03    8.54376e-01   -9.99999e-01    6.88367e-01    1.79434e+00    4.57643e-02    6.99676e+00    2.98392e+03
-Nu_c +bu_T    2.36166e-02    2.37317e-01   -1.95220e-01    1.69586e+00    3.20601e-01    1.46831e-06    3.61390e-03    8.54376e-01   -9.99999e-01    6.88367e-01    1.79434e+00    5.06263e-02    6.99676e+00    3.23347e+03
-Nu_c -bu_T    2.36166e-02    2.37317e-01   -1.95220e-01    1.69586e+00    3.20601e-01    1.46831e-06    3.61390e-03    8.54376e-01   -9.99999e-01    6.88367e-01    1.79434e+00    4.57643e-02    6.99676e+00    3.64517e+03
+Nu_c +bd_T    2.36166e-02    2.86625e-01   -1.95220e-01    1.69586e+00    3.20601e-01    1.46831e-06    3.61390e-03    8.54376e-01   -9.99999e-01    6.88367e-01    1.79434e+00    4.81953e-02    7.16227e+00    3.19101e+03
+Nu_c -bd_T    2.36166e-02    2.86625e-01   -1.95220e-01    1.69586e+00    3.20601e-01    1.46831e-06    3.61390e-03    8.54376e-01   -9.99999e-01    6.88367e-01    1.79434e+00    4.81953e-02    6.83125e+00    3.23855e+03
-Nu_c +bd_T    2.36166e-02    2.37317e-01   -1.95220e-01    1.69586e+00    3.20601e-01    1.46831e-06    3.61390e-03    8.54376e-01   -9.99999e-01    6.88367e-01    1.79434e+00    4.81953e-02    7.16227e+00    3.45742e+03
-Nu_c -bd_T    2.36166e-02    2.37317e-01   -1.95220e-01    1.69586e+00    3.20601e-01    1.46831e-06    3.61390e-03    8.54376e-01   -9.99999e-01    6.88367e-01    1.79434e+00    4.81953e-02    6.83125e+00    3.40662e+03
+Nd_c +Nd_c    2.36166e-02    2.61971e-01   -1.88061e-01    1.69586e+00    3.20601e-01    1.46831e-06    3.61390e-03    8.54376e-01   -9.99999e-01    6.88367e-01    1.79434e+00    4.81953e-02    6.99676e+00    1.31011e+03
+Nd_c -Nd_c    2.36166e-02    2.61971e-01   -1.88061e-01    1.69586e+00    3.20601e-01    1.46831e-06    3.61390e-03    8.54376e-01   -9.99999e-01    6.88367e-01    1.79434e+00    4.81953e-02    6.99676e+00    1.31011e+03
-Nd_c +Nd_c    2.36166e-02    2.61971e-01   -2.02379e-01    1.69586e+00    3.20601e-01    1.46831e-06    3.61390e-03    8.54376e-01   -9.99999e-01    6.88367e-01    1.79434e+00    4.81953e-02    6.99676e+00    1.31011e+03
-Nd_c -Nd_c    2.36166e-02    2.61971e-01   -2.02379e-01    1.69586e+00    3.20601e-01    1.46831e-06    3.61390e-03    8.54376e-01   -9.99999e-01    6.88367e-01    1.79434e+00    4.81953e-02    6.99676e+00    1.31011e+03
+Nd_c +au_c    2.36166e-02    2.61971e-01   -1.88061e-01    1.70345e+00    3.20601e-01    1.46831e-06    3.61390e-03    8.54376e-01   -9.99999e-01    6.88367e-01    1.79434e+00    4.81953e-02    6.99676e+00    1.32314e+03
+Nd_c -au_c    2.36166e-02    2.61971e-01   -1.88061e-01    1.68827e+00    3.20601e-01    1.46831e-06    3.61390e-03    8.54376e-01   -9.99999e-01    6.88367e-01    1.79434e+00    4.81953e-02    6.99676e+00    1.30914e+03
-Nd_c +au_c    2.36166e-02    2.61971e-01   -2.02379e-01    1.70345e+00    3.20601e-01    1.46831e-06    3.61390e-03    8.54376e-01   -9.99999e-01    6.88367e-01    1.79434e+00    4.81953e-02    6.99676e+00    1.32125e+03
-Nd_c -au_c    2.36166e-02    2.61971e-01   -2.02379e-01    1.68827e+00    3.20601e-01    1.46831e-06    3.61390e-03    8.54376e-01   -9.99999e-01    6.88367e-01    1.79434e+00    4.81953e-02    6.99676e+00    1.31102e+03
+Nd_c +ad_c    2.36166e-02    2.61971e-01   -1.88061e-01    1.69586e+00    3.60717e-01    1.46831e-06    3.61390e-03    8.54376e-01   -9.99999e-01    6.88367e-01    1.79434e+00    4.81953e-02    6.99676e+00    1.31071e+03
+Nd_c -ad_c    2.36166e-02    2.61971e-01   -1.88061e-01    1.69586e+00    2.80485e-01    1.46831e-06    3.61390e-03    8.54376e-01   -9.99999e-01    6.88367e-01    1.79434e+00    4.81953e-02    6.99676e+00    1.30990e+03
-Nd_c +ad_c    2.36166e-02    2.61971e-01   -2.02379e-01    1.69586e+00    3.60717e-01    1.46831e-06    3.61390e-03    8.54376e-01   -9.99999e-01    6.88367e-01    1.79434e+00    4.81953e-02    6.99676e+00    1.31016e+03
-Nd_c -ad_c    2.36166e-02    2.61971e-01   -2.02379e-01    1.69586e+00    2.80485e-01    1.46831e-06    3.61390e-03    8.54376e-01   -9.99999e-01    6.88367e-01    1.79434e+00    4.81953e-02    6.99676e+00    1.31053e+03
+Nd_c +bu_c    2.36166e-02    2.61971e-01   -1.88061e-01    1.69586e+00    3.20601e-01    1.34565e-01    3.61390e-03    8.54376e-01   -9.99999e-01    6.88367e-01    1.79434e+00    4.81953e-02    6.99676e+00    3.41040e+03
+Nd_c -bu_c    2.36166e-02    2.61971e-01   -1.88061e-01    1.69586e+00    3.20601e-01   -1.34563e-01    3.61390e-03    8.54376e-01   -9.99999e-01    6.88367e-01    1.79434e+00    4.81953e-02    6.99676e+00   -1.11110e+04
-Nd_c +bu_c    2.36166e-02    2.61971e-01   -2.02379e-01    1.69586e+00    3.20601e-01    1.34565e-01    3.61390e-03    8.54376e-01   -9.99999e-01    6.88367e-01    1.79434e+00    4.81953e-02    6.99676e+00    3.37783e+03
-Nd_c -bu_c    2.36166e-02    2.61971e-01   -2.02379e-01    1.69586e+00    3.20601e-01   -1.34563e-01    3.61390e-03    8.54376e-01   -9.99999e-01    6.88367e-01    1.79434e+00    4.81953e-02    6.99676e+00   -1.11110e+04
+Nd_c +bd_c    2.36166e-02    2.61971e-01   -1.88061e-01    1.69586e+00    3.20601e-01    1.46831e-06    2.02050e-01    8.54376e-01   -9.99999e-01    6.88367e-01    1.79434e+00    4.81953e-02    6.99676e+00    1.31172e+03
+Nd_c -bd_c    2.36166e-02    2.61971e-01   -1.88061e-01    1.69586e+00    3.20601e-01    1.46831e-06   -1.94823e-01    8.54376e-01   -9.99999e-01    6.88367e-01    1.79434e+00    4.81953e-02    6.99676e+00    1.32407e+03
-Nd_c +bd_c    2.36166e-02    2.61971e-01   -2.02379e-01    1.69586e+00    3.20601e-01    1.46831e-06    2.02050e-01    8.54376e-01   -9.99999e-01    6.88367e-01    1.79434e+00    4.81953e-02    6.99676e+00    1.31059e+03
-Nd_c -bd_c    2.36166e-02    2.61971e-01   -2.02379e-01    1.69586e+00    3.20601e-01    1.46831e-06   -1.94823e-01    8.54376e-01   -9.99999e-01    6.88367e-01    1.79434e+00    4.81953e-02    6.99676e+00    1.32142e+03
+Nd_c +Nu_T    2.36166e-02    2.61971e-01   -1.88061e-01    1.69586e+00    3.20601e-01    1.46831e-06    3.61390e-03    9.40928e-01   -9.99999e-01    6.88367e-01    1.79434e+00    4.81953e-02    6.99676e+00    3.50754e+03
+Nd_c -Nu_T    2.36166e-02    2.61971e-01   -1.88061e-01    1.69586e+00    3.20601e-01    1.46831e-06    3.61390e-03    7.67824e-01   -9.99999e-01    6.88367e-01    1.79434e+00    4.81953e-02    6.99676e+00    3.77865e+03
-Nd_c +Nu_T    2.36166e-02    2.61971e-01   -2.02379e-01    1.69586e+00    3.20601e-01    1.46831e-06    3.61390e-03    9.40928e-01   -9.99999e-01    6.88367e-01    1.79434e+00    4.81953e-02    6.99676e+00    3.54350e+03
-Nd_c -Nu_T    2.36166e-02    2.61971e-01   -2.02379e-01    1.69586e+00    3.20601e-01    1.46831e-06    3.61390e-03    7.67824e-01   -9.99999e-01    6.88367e-01    1.79434e+00    4.81953e-02    6.99676e+00    3.74255e+03
+Nd_c +Nd_T    2.36166e-02    2.61971e-01   -1.88061e-01    1.69586e+00    3.20601e-01    1.46831e-06    3.61390e-03    8.54376e-01   -8.74845e-01    6.88367e-01    1.79434e+00    4.81953e-02    6.99676e+00    1.31227e+03
+Nd_c -Nd_T    2.36166e-02    2.61971e-01   -1.88061e-01    1.69586e+00    3.20601e-01    1.46831e-06    3.61390e-03    8.54376e-01   -1.12515e+00    6.88367e-01    1.79434e+00    4.81953e-02    6.99676e+00    1.31062e+03
-Nd_c +Nd_T    2.36166e-02    2.61971e-01   -2.02379e-01    1.69586e+00    3.20601e-01    1.46831e-06    3.61390e-03    8.54376e-01   -8.74845e-01    6.88367e-01    1.79434e+00    4.81953e-02    6.99676e+00    1.31079e+03
-Nd_c -Nd_T    2.36166e-02    2.61971e-01   -2.02379e-01    1.69586e+00    3.20601e-01    1.46831e-06    3.61390e-03    8.54376e-01   -1.12515e+00    6.88367e-01    1.79434e+00    4.81953e-02    6.99676e+00    1.31251e+03
+Nd_c +au_T    2.36166e-02    2.61971e-01   -1.88061e-01    1.69586e+00    3.20601e-01    1.46831e-06    3.61390e-03    8.54376e-01   -9.99999e-01    6.91077e-01    1.79434e+00    4.81953e-02    6.99676e+00    1.31353e+03
+Nd_c -au_T    2.36166e-02    2.61971e-01   -1.88061e-01    1.69586e+00    3.20601e-01    1.46831e-06    3.61390e-03    8.54376e-01   -9.99999e-01    6.85657e-01    1.79434e+00    4.81953e-02    6.99676e+00    1.30858e+03
-Nd_c +au_T    2.36166e-02    2.61971e-01   -2.02379e-01    1.69586e+00    3.20601e-01    1.46831e-06    3.61390e-03    8.54376e-01   -9.99999e-01    6.91077e-01    1.79434e+00    4.81953e-02    6.99676e+00    1.31270e+03
-Nd_c -au_T    2.36166e-02    2.61971e-01   -2.02379e-01    1.69586e+00    3.20601e-01    1.46831e-06    3.61390e-03    8.54376e-01   -9.99999e-01    6.85657e-01    1.79434e+00    4.81953e-02    6.99676e+00    1.30940e+03
+Nd_c +ad_T    2.36166e-02    2.61971e-01   -1.88061e-01    1.69586e+00    3.20601e-01    1.46831e-06    3.61390e-03    8.54376e-01   -9.99999e-01    6.88367e-01    1.83401e+00    4.81953e-02    6.99676e+00    1.30975e+03
+Nd_c -ad_T    2.36166e-02    2.61971e-01   -1.88061e-01    1.69586e+00    3.20601e-01    1.46831e-06    3.61390e-03    8.54376e-01   -9.99999e-01    6.88367e-01    1.75467e+00    4.81953e-02    6.99676e+00    1.31055e+03
-Nd_c +ad_T    2.36166e-02    2.61971e-01   -2.02379e-01    1.69586e+00    3.20601e-01    1.46831e-06    3.61390e-03    8.54376e-01   -9.99999e-01    6.88367e-01    1.83401e+00    4.81953e-02    6.99676e+00    1.30975e+03
-Nd_c -ad_T    2.36166e-02    2.61971e-01   -2.02379e-01    1.69586e+00    3.20601e-01    1.46831e-06    3.61390e-03    8.54376e-01   -9.99999e-01    6.88367e-01    1.75467e+00    4.81953e-02    6.99676e+00    1.31054e+03
+Nd_c +bu_T    2.36166e-02    2.61971e-01   -1.88061e-01    1.69586e+00    3.20601e-01    1.46831e-06    3.61390e-03    8.54376e-01   -9.99999e-01    6.88367e-01    1.79434e+00    5.06263e-02    6.99676e+00    1.30932e+03
+Nd_c -bu_T    2.36166e-02    2.61971e-01   -1.88061e-01    1.69586e+00    3.20601e-01    1.46831e-06    3.61390e-03    8.54376e-01   -9.99999e-01    6.88367e-01    1.79434e+00    4.57643e-02    6.99676e+00    1.32320e+03
-Nd_c +bu_T    2.36166e-02    2.61971e-01   -2.02379e-01    1.69586e+00    3.20601e-01    1.46831e-06    3.61390e-03    8.54376e-01   -9.99999e-01    6.88367e-01    1.79434e+00    5.06263e-02    6.99676e+00    1.31119e+03
-Nd_c -bu_T    2.36166e-02    2.61971e-01   -2.02379e-01    1.69586e+00    3.20601e-01    1.46831e-06    3.61390e-03    8.54376e-01   -9.99999e-01    6.88367e-01    1.79434e+00    4.57643e-02    6.99676e+00    1.32128e+03
+Nd_c +bd_T    2.36166e-02    2.61971e-01   -1.88061e-01    1.69586e+00    3.20601e-01    1.46831e-06    3.61390e-03    8.54376e-01   -9.99999e-01    6.88367e-01    1.79434e+00    4.81953e-02    7.16227e+00    1.31102e+03
+Nd_c -bd_T    2.36166e-02    2.61971e-01   -1.88061e-01    1.69586e+00    3.20601e-01    1.46831e-06    3.61390e-03    8.54376e-01   -9.99999e-01    6.88367e-01    1.79434e+00    4.81953e-02    6.83125e+00    1.30934e+03
-Nd_c +bd_T    2.36166e-02    2.61971e-01   -2.02379e-01    1.69586e+00    3.20601e-01    1.46831e-06    3.61390e-03    8.54376e-01   -9.99999e-01    6.88367e-01    1.79434e+00    4.81953e-02    7.16227e+00    1.31091e+03
-Nd_c -bd_T    2.36166e-02    2.61971e-01   -2.02379e-01    1.69586e+00    3.20601e-01    1.46831e-06    3.61390e-03    8.54376e-01   -9.99999e-01    6.88367e-01    1.79434e+00    4.81953e-02    6.83125e+00    1.30946e+03
+au_c +au_c    2.36166e-02    2.61971e-01   -1.95220e-01    1.70345e+00    3.20601e-01    1.46831e-06    3.61390e-03    8.54376e-01   -9.99999e-01    6.88367e-01    1.79434e+00    4.81953e-02    6.99676e+00    1.32207e+03
+au_c -au_c    2.36166e-02    2.61971e-01   -1.95220e-01    1.70345e+00    3.20601e-01    1.46831e-06    3.61390e-03    8.54376e-01   -9.99999e-01    6.88367e-01    1.79434e+00    4.81953e-02    6.99676e+00    1.32207e+03
-au_c +au_c    2.36166e-02    2.61971e-01   -1.95220e-01    1.68827e+00    3.20601e-01    1.46831e-06    3.61390e-03    8.54376e-01   -9.99999e-01    6.88367e-01    1.79434e+00    4.81953e-02    6.99676e+00    1.30996e+03
-au_c -au_c    2.36166e-02    2.61971e-01   -1.95220e-01    1.68827e+00    3.20601e-01    1.46831e-06    3.61390e-03    8.54376e-01   -9.99999e-01    6.88367e-01    1.79434e+00    4.81953e-02    6.99676e+00    1.30996e+03
+au_c +ad_c    2.36166e-02    2.61971e-01   -1.95220e-01    1.70345e+00    3.60717e-01    1.46831e-06    3.61390e-03    8.54376e-01   -9.99999e-01    6.88367e-01    1.79434e+00    4.81953e-02    6.99676e+00    1.32303e+03
+au_c -ad_c    2.36166e-02    2.61971e-01   -1.95220e-01    1.70345e+00    2.80485e-01    1.46831e-06    3.61390e-03    8.54376e-01   -9.99999e-01    6.88367e-01    1.79434e+00    4.81953e-02    6.99676e+00    1.32152e+03
-au_c +ad_c    2.36166e-02    2.61971e-01   -1.95220e-01    1.68827e+00    3.60717e-01    1.46831e-06    3.61390e-03    8.54376e-01   -9.99999e-01    6.88367e-01    1.79434e+00    4.81953e-02    6.99676e+00    1.30966e+03
-au_c -ad_c    2.36166e-02    2.61971e-01   -1.95220e-01    1.68827e+00    2.80485e-01    1.46831e-06    3.61390e-03    8.54376e-01   -9.99999e-01    6.88367e-01    1.79434e+00    4.81953e-02    6.99676e+00    1.31070e+03
+au_c +bu_c    2.36166e-02    2.61971e-01   -1.95220e-01    1.70345e+00    3.20601e-01    1.34565e-01    3.61390e-03    8.54376e-01   -9.99999e-01    6.88367e-01    1.79434e+00    4.81953e-02    6.99676e+00    3.60272e+03
+au_c -bu_c    2.36166e-02    2.61971e-01   -1.95220e-01    1.70345e+00    3.20601e-01   -1.34563e-01    3.61390e-03    8.54376e-01   -9.99999e-01    6.88367e-01    1.79434e+00    4.81953e-02    6.99676e+00   -1.11110e+04
-au_c +bu_c    2.36166e-02    2.61971e-01   -1.95220e-01    1.68827e+00    3.20601e-01    1.34565e-01    3.61390e-03    8.54376e-01   -9.99999e-01    6.88367e-01    1.79434e+00    4.81953e-02    6.99676e+00    3.19420e+03
-au_c -bu_c    2.36166e-02    2.61971e-01   -1.95220e-01    1.68827e+00    3.20601e-01   -1.34563e-01    3.61390e-03    8.54376e-01   -9.99999e-01    6.88367e-01    1.79434e+00    4.81953e-02    6.99676e+00   -1.11110e+04
+au_c +bd_c    2.36166e-02    2.61971e-01   -1.95220e-01    1.70345e+00    3.20601e-01    1.46831e-06    2.02050e-01    8.54376e-01   -9.99999e-01    6.88367e-01    1.79434e+00    4.81953e-02    6.99676e+00    1.32685e+03
+au_c -bd_c    2.36166e-02    2.61971e-01   -1.95220e-01    1.70345e+00    3.20601e-01    1.46831e-06   -1.94823e-01    8.54376e-01   -9.99999e-01    6.88367e-01    1.79434e+00    4.81953e-02    6.99676e+00    1.34727e+03
-au_c +bd_c    2.36166e-02    2.61971e-01   -1.95220e-01    1.68827e+00    3.20601e-01    1.46831e-06    2.02050e-01    8.54376e-01   -9.99999e-01    6.88367e-01    1.79434e+00    4.81953e-02    6.99676e+00    1.30729e+03
-au_c -bd_c    2.36166e-02    2.61971e-01   -1.95220e-01    1.68827e+00    3.20601e-01    1.46831e-06   -1.94823e-01    8.54376e-01   -9.99999e-01    6.88367e-01    1.79434e+00    4.81953e-02    6.99676e+00    1.31009e+03
+au_c +Nu_T    2.36166e-02    2.61971e-01   -1.95220e-01    1.70345e+00    3.20601e-01    1.46831e-06    3.61390e-03    9.40928e-01   -9.99999e-01    6.88367e-01    1.79434e+00    4.81953e-02    6.99676e+00    3.27865e+03
+au_c -Nu_T    2.36166e-02    2.61971e-01   -1.95220e-01    1.70345e+00    3.20601e-01    1.46831e-06    3.61390e-03    7.67824e-01   -9.99999e-01    6.88367e-01    1.79434e+00    4.81953e-02    6.99676e+00    3.98361e+03
-au_c +Nu_T    2.36166e-02    2.61971e-01   -1.95220e-01    1.68827e+00    3.20601e-01    1.46831e-06    3.61390e-03    9.40928e-01   -9.99999e-01    6.88367e-01    1.79434e+00    4.81953e-02    6.99676e+00    3.78831e+03
-au_c -Nu_T    2.36166e-02    2.61971e-01   -1.95220e-01    1.68827e+00    3.20601e-01    1.46831e-06    3.61390e-03    7.67824e-01   -9.99999e-01    6.88367e-01    1.79434e+00    4.81953e-02    6.99676e+00    3.54594e+03
+au_c +Nd_T    2.36166e-02    2.61971e-01   -1.95220e-01    1.70345e+00    3.20601e-01    1.46831e-06    3.61390e-03    8.54376e-01   -8.74845e-01    6.88367e-01    1.79434e+00    4.81953e-02    6.99676e+00    1.32672e+03
+au_c -Nd_T    2.36166e-02    2.61971e-01   -1.95220e-01    1.70345e+00    3.20601e-01    1.46831e-06    3.61390e-03    8.54376e-01   -1.12515e+00    6.88367e-01    1.79434e+00    4.81953e-02    6.99676e+00    1.32029e+03
-au_c +Nd_T    2.36166e-02    2.61971e-01   -1.95220e-01    1.68827e+00    3.20601e-01    1.46831e-06    3.61390e-03    8.54376e-01   -8.74845e-01    6.88367e-01    1.79434e+00    4.81953e-02    6.99676e+00    1.30819e+03
-au_c -Nd_T    2.36166e-02    2.61971e-01   -1.95220e-01    1.68827e+00    3.20601e-01    1.46831e-06    3.61390e-03    8.54376e-01   -1.12515e+00    6.88367e-01    1.79434e+00    4.81953e-02    6.99676e+00    1.31461e+03
+au_c +au_T    2.36166e-02    2.61971e-01   -1.95220e-01    1.70345e+00    3.20601e-01    1.46831e-06    3.61390e-03    8.54376e-01   -9.99999e-01    6.91077e-01    1.79434e+00    4.81953e-02    6.99676e+00    1.32974e+03
+au_c -au_T    2.36166e-02    2.61971e-01   -1.95220e-01    1.70345e+00    3.20601e-01    1.46831e-06    3.61390e-03    8.54376e-01   -9.99999e-01    6.85657e-01    1.79434e+00    4.81953e-02    6.99676e+00    1.31626e+03
-au_c +au_T    2.36166e-02    2.61971e-01   -1.95220e-01    1.68827e+00    3.20601e-01    1.46831e-06    3.61390e-03    8.54376e-01   -9.99999e-01    6.91077e-01    1.79434e+00    4.81953e-02    6.99676e+00    1.30823e+03
-au_c -au_T    2.36166e-02    2.61971e-01   -1.95220e-01    1.68827e+00    3.20601e-01    1.46831e-06    3.61390e-03    8.54376e-01   -9.99999e-01    6.85657e-01    1.79434e+00    4.81953e-02    6.99676e+00    1.31361e+03
+au_c +ad_T    2.36166e-02    2.61971e-01   -1.95220e-01    1.70345e+00    3.20601e-01    1.46831e-06    3.61390e-03    8.54376e-01   -9.99999e-01    6.88367e-01    1.83401e+00    4.81953e-02    6.99676e+00    1.32102e+03
+au_c -ad_T    2.36166e-02    2.61971e-01   -1.95220e-01    1.70345e+00    3.20601e-01    1.46831e-06    3.61390e-03    8.54376e-01   -9.99999e-01    6.88367e-01    1.75467e+00    4.81953e-02    6.99676e+00    1.32319e+03
-au_c +ad_T    2.36166e-02    2.61971e-01   -1.95220e-01    1.68827e+00    3.20601e-01    1.46831e-06    3.61390e-03    8.54376e-01   -9.99999e-01    6.88367e-01    1.83401e+00    4.81953e-02    6.99676e+00    1.31029e+03
-au_c -ad_T    2.36166e-02    2.61971e-01   -1.95220e-01    1.68827e+00    3.20601e-01    1.46831e-06    3.61390e-03    8.54376e-01   -9.99999e-01    6.88367e-01    1.75467e+00    4.81953e-02    6.99676e+00    1.30971e+03
+au_c +bu_T    2.36166e-02    2.61971e-01   -1.95220e-01    1.70345e+00    3.20601e-01    1.46831e-06    3.61390e-03    8.54376e-01   -9.99999e-01    6.88367e-01    1.79434e+00    5.06263e-02    6.99676e+00    1.31027e+03
+au_c -bu_T    2.36166e-02    2.61971e-01   -1.95220e-01    1.70345e+00    3.20601e-01    1.46831e-06    3.61390e-03    8.54376e-01   -9.99999e-01    6.88367e-01    1.79434e+00    4.57643e-02    6.99676e+00    1.34623e+03
-au_c +bu_T    2.36166e-02    2.61971e-01   -1.95220e-01    1.68827e+00    3.20601e-01    1.46831e-06    3.61390e-03    8.54376e-01   -9.99999e-01    6.88367e-01    1.79434e+00    5.06263e-02    6.99676e+00    1.32224e+03
-au_c -bu_T    2.36166e-02    2.61971e-01   -1.95220e-01    1.68827e+00    3.20601e-01    1.46831e-06    3.61390e-03    8.54376e-01   -9.99999e-01    6.88367e-01    1.79434e+00    4.57643e-02    6.99676e+00    1.30987e+03
+au_c +bd_T    2.36166e-02    2.61971e-01   -1.95220e-01    1.70345e+00    3.20601e-01    1.46831e-06    3.61390e-03    8.54376e-01   -9.99999e-01    6.88367e-01    1.79434e+00    4.81953e-02    7.16227e+00    1.32424e+03
+au_c -bd_T    2.36166e-02    2.61971e-01   -1.95220e-01    1.70345e+00    3.20601e-01    1.46831e-06    3.61390e-03    8.54376e-01   -9.99999e-01    6.88367e-01    1.79434e+00    4.81953e-02    6.83125e+00    1.31999e+03
-au_c +bd_T    2.36166e-02    2.61971e-01   -1.95220e-01    1.68827e+00    3.20601e-01    1.46831e-06    3.61390e-03    8.54376e-01   -9.99999e-01    6.88367e-01    1.79434e+00    4.81953e-02    7.16227e+00    1.30951e+03
-au_c -bd_T    2.36166e-02    2.61971e-01   -1.95220e-01    1.68827e+00    3.20601e-01    1.46831e-06    3.61390e-03    8.54376e-01   -9.99999e-01    6.88367e-01    1.79434e+00    4.81953e-02    6.83125e+00    1.31062e+03
+ad_c +ad_c    2.36166e-02    2.61971e-01   -1.95220e-01    1.69586e+00    3.60717e-01    1.46831e-06    3.61390e-03    8.54376e-01   -9.99999e-01    6.88367e-01    1.79434e+00    4.81953e-02    6.99676e+00    1.31032e+03
+ad_c -ad_c    2.36166e-02    2.61971e-01   -1.95220e-01    1.69586e+00    3.60717e-01    1.46831e-06    3.61390e-03    8.54376e-01   -9.99999e-01    6.88367e-01    1.79434e+00    4.81953e-02    6.99676e+00    1.31032e+03
-ad_c +ad_c    2.36166e-02    2.61971e-01   -1.95220e-01    1.69586e+00    2.80485e-01    1.46831e-06    3.61390e-03    8.54376e-01   -9.99999e-01    6.88367e-01    1.79434e+00    4.81953e-02    6.99676e+00    1.31008e+03
-ad_c -ad_c    2.36166e-02    2.61971e-01   -1.95220e-01    1.69586e+00    2.80485e-01    1.46831e-06    3.61390e-03    8.54376e-01   -9.99999e-01    6.88367e-01    1.79434e+00    4.81953e-02    6.99676e+00    1.31008e+03
+ad_c +bu_c    2.36166e-02    2.61971e-01   -1.95220e-01    1.69586e+00    3.60717e-01    1.34565e-01    3.61390e-03    8.54376e-01   -9.99999e-01    6.88367e-01    1.79434e+00    4.81953e-02    6.99676e+00    3.40435e+03
+ad_c -bu_c    2.36166e-02    2.61971e-01   -1.95220e-01    1.69586e+00    3.60717e-01   -1.34563e-01    3.61390e-03    8.54376e-01   -9.99999e-01    6.88367e-01    1.79434e+00    4.81953e-02    6.99676e+00   -1.11110e+04
-ad_c +bu_c    2.36166e-02    2.61971e-01   -1.95220e-01    1.69586e+00    2.80485e-01    1.34565e-01    3.61390e-03    8.54376e-01   -9.99999e-01    6.88367e-01    1.79434e+00    4.81953e-02    6.99676e+00    3.38384e+03
-ad_c -bu_c    2.36166e-02    2.61971e-01   -1.95220e-01    1.69586e+00    2.80485e-01   -1.34563e-01    3.61390e-03    8.54376e-01   -9.99999e-01    6.88367e-01    1.79434e+00    4.81953e-02    6.99676e+00   -1.11110e+04
+ad_c +bd_c    2.36166e-02    2.61971e-01   -1.95220e-01    1.69586e+00    3.60717e-01    1.46831e-06    2.02050e-01    8.54376e-01   -9.99999e-01    6.88367e-01    1.79434e+00    4.81953e-02    6.99676e+00    1.31185e+03
+ad_c -bd_c    2.36166e-02    2.61971e-01   -1.95220e-01    1.69586e+00    3.60717e-01    1.46831e-06   -1.94823e-01    8.54376e-01   -9.99999e-01    6.88367e-01    1.79434e+00    4.81953e-02    6.99676e+00    1.32424e+03
-ad_c +bd_c    2.36166e-02    2.61971e-01   -1.95220e-01    1.69586e+00    2.80485e-01    1.46831e-06    2.02050e-01    8.54376e-01   -9.99999e-01    6.88367e-01    1.79434e+00    4.81953e-02    6.99676e+00    1.31061e+03
-ad_c -bd_c    2.36166e-02    2.61971e-01   -1.95220e-01    1.69586e+00    2.80485e-01    1.46831e-06   -1.94823e-01    8.54376e-01   -9.99999e-01    6.88367e-01    1.79434e+00    4.81953e-02    6.99676e+00    1.32134e+03
+ad_c +Nu_T    2.36166e-02    2.61971e-01   -1.95220e-01    1.69586e+00    3.60717e-01    1.46831e-06    3.61390e-03    9.40928e-01   -9.99999e-01    6.88367e-01    1.79434e+00    4.81953e-02    6.99676e+00    3.51432e+03
+ad_c -Nu_T    2.36166e-02    2.61971e-01   -1.95220e-01    1.69586e+00    3.60717e-01    1.46831e-06    3.61390e-03    7.67824e-01   -9.99999e-01    6.88367e-01    1.79434e+00    4.81953e-02    6.99676e+00    3.77228e+03
-ad_c +Nu_T    2.36166e-02    2.61971e-01   -1.95220e-01    1.69586e+00    2.80485e-01    1.46831e-06    3.61390e-03    9.40928e-01   -9.99999e-01    6.88367e-01    1.79434e+00    4.81953e-02    6.99676e+00    3.53718e+03
-ad_c -Nu_T    2.36166e-02    2.61971e-01   -1.95220e-01    1.69586e+00    2.80485e-01    1.46831e-06    3.61390e-03    7.67824e-01   -9.99999e-01    6.88367e-01    1.79434e+00    4.81953e-02    6.99676e+00    3.74881e+03
+ad_c +Nd_T    2.36166e-02    2.61971e-01   -1.95220e-01    1.69586e+00    3.60717e-01    1.46831e-06    3.61390e-03    8.54376e-01   -8.74845e-01    6.88367e-01    1.79434e+00    4.81953e-02    6.99676e+00    1.31257e+03
+ad_c -Nd_T    2.36166e-02    2.61971e-01   -1.95220e-01    1.69586e+00    3.60717e-01    1.46831e-06    3.61390e-03    8.54376e-01   -1.12515e+00    6.88367e-01    1.79434e+00    4.81953e-02    6.99676e+00    1.31070e+03
-ad_c +Nd_T    2.36166e-02    2.61971e-01   -1.95220e-01    1.69586e+00    2.80485e-01    1.46831e-06    3.61390e-03    8.54376e-01   -8.74845e-01    6.88367e-01    1.79434e+00    4.81953e-02    6.99676e+00    1.31058e+03
-ad_c -Nd_T    2.36166e-02    2.61971e-01   -1.95220e-01    1.69586e+00    2.80485e-01    1.46831e-06    3.61390e-03    8.54376e-01   -1.12515e+00    6.88367e-01    1.79434e+00    4.81953e-02    6.99676e+00    1.31272e+03
+ad_c +au_T    2.36166e-02    2.61971e-01   -1.95220e-01    1.69586e+00    3.60717e-01    1.46831e-06    3.61390e-03    8.54376e-01   -9.99999e-01    6.91077e-01    1.79434e+00    4.81953e-02    6.99676e+00    1.31359e+03
+ad_c -au_T    2.36166e-02    2.61971e-01   -1.95220e-01    1.69586e+00    3.60717e-01    1.46831e-06    3.61390e-03    8.54376e-01   -9.99999e-01    6.85657e-01    1.79434e+00    4.81953e-02    6.99676e+00    1.30893e+03
-ad_c +au_T    2.36166e-02    2.61971e-01   -1.95220e-01    1.69586e+00    2.80485e-01    1.46831e-06    3.61390e-03    8.54376e-01   -9.99999e-01    6.91077e-01    1.79434e+00    4.81953e-02    6.99676e+00    1.31281e+03
-ad_c -au_T    2.36166e-02    2.61971e-01   -1.95220e-01    1.69586e+00    2.80485e-01    1.46831e-06    3.61390e-03    8.54376e-01   -9.99999e-01    6.85657e-01    1.79434e+00    4.81953e-02    6.99676e+00    1.30924e+03
+ad_c +ad_T    2.36166e-02    2.61971e-01   -1.95220e-01    1.69586e+00    3.60717e-01    1.46831e-06    3.61390e-03    8.54376e-01   -9.99999e-01    6.88367e-01    1.83401e+00    4.81953e-02    6.99676e+00    1.31000e+03
+ad_c -ad_T    2.36166e-02    2.61971e-01   -1.95220e-01    1.69586e+00    3.60717e-01    1.46831e-06    3.61390e-03    8.54376e-01   -9.99999e-01    6.88367e-01    1.75467e+00    4.81953e-02    6.99676e+00    1.31071e+03
-ad_c +ad_T    2.36166e-02    2.61971e-01   -1.95220e-01    1.69586e+00    2.80485e-01    1.46831e-06    3.61390e-03    8.54376e-01   -9.99999e-01    6.88367e-01    1.83401e+00    4.81953e-02    6.99676e+00    1.30967e+03
-ad_c -ad_T    2.36166e-02    2.61971e-01   -1.95220e-01    1.69586e+00    2.80485e-01    1.46831e-06    3.61390e-03    8.54376e-01   -9.99999e-01    6.88367e-01    1.75467e+00    4.81953e-02    6.99676e+00    1.31057e+03
+ad_c +bu_T    2.36166e-02    2.61971e-01   -1.95220e-01    1.69586e+00    3.60717e-01    1.46831e-06    3.61390e-03    8.54376e-01   -9.99999e-01    6.88367e-01    1.79434e+00    5.06263e-02    6.99676e+00    1.30986e+03
+ad_c -bu_T    2.36166e-02    2.61971e-01   -1.95220e-01    1.69586e+00    3.60717e-01    1.46831e-06    3.61390e-03    8.54376e-01   -9.99999e-01    6.88367e-01    1.79434e+00    4.57643e-02    6.99676e+00    1.32306e+03
-ad_c +bu_T    2.36166e-02    2.61971e-01   -1.95220e-01    1.69586e+00    2.80485e-01    1.46831e-06    3.61390e-03    8.54376e-01   -9.99999e-01    6.88367e-01    1.79434e+00    5.06263e-02    6.99676e+00    1.31083e+03
-ad_c -bu_T    2.36166e-02    2.61971e-01   -1.95220e-01    1.69586e+00    2.80485e-01    1.46831e-06    3.61390e-03    8.54376e-01   -9.99999e-01    6.88367e-01    1.79434e+00    4.57643e-02    6.99676e+00    1.32159e+03
+ad_c +bd_T    2.36166e-02    2.61971e-01   -1.95220e-01    1.69586e+00    3.60717e-01    1.46831e-06    3.61390e-03    8.54376e-01   -9.99999e-01    6.88367e-01    1.79434e+00    4.81953e-02    7.16227e+00    1.31117e+03
+ad_c -bd_T    2.36166e-02    2.61971e-01   -1.95220e-01    1.69586e+00    3.60717e-01    1.46831e-06    3.61390e-03    8.54376e-01   -9.99999e-01    6.88367e-01    1.79434e+00    4.81953e-02    6.83125e+00    1.30961e+03
-ad_c +bd_T    2.36166e-02    2.61971e-01   -1.95220e-01    1.69586e+00    2.80485e-01    1.46831e-06    3.61390e-03    8.54376e-01   -9.99999e-01    6.88367e-01    1.79434e+00    4.81953e-02    7.16227e+00    1.31095e+03
-ad_c -bd_T    2.36166e-02    2.61971e-01   -1.95220e-01    1.69586e+00    2.80485e-01    1.46831e-06    3.61390e-03    8.54376e-01   -9.99999e-01    6.88367e-01    1.79434e+00    4.81953e-02    6.83125e+00    1.30937e+03
+bu_c +bu_c    2.36166e-02    2.61971e-01   -1.95220e-01    1.69586e+00    3.20601e-01    1.34565e-01    3.61390e-03    8.54376e-01   -9.99999e-01    6.88367e-01    1.79434e+00    4.81953e-02    6.99676e+00    3.39399e+03
+bu_c -bu_c    2.36166e-02    2.61971e-01   -1.95220e-01    1.69586e+00    3.20601e-01    1.34565e-01    3.61390e-03    8.54376e-01   -9.99999e-01    6.88367e-01    1.79434e+00    4.81953e-02    6.99676e+00    3.39399e+03
-bu_c +bu_c    2.36166e-02    2.61971e-01   -1.95220e-01    1.69586e+00    3.20601e-01   -1.34563e-01    3.61390e-03    8.54376e-01   -9.99999e-01    6.88367e-01    1.79434e+00    4.81953e-02    6.99676e+00   -1.11110e+04
-bu_c -bu_c    2.36166e-02    2.61971e-01   -1.95220e-01    1.69586e+00    3.20601e-01   -1.34563e-01    3.61390e-03    8.54376e-01   -9.99999e-01    6.88367e-01    1.79434e+00    4.81953e-02    6.99676e+00   -1.11110e+04
+bu_c +bd_c    2.36166e-02    2.61971e-01   -1.95220e-01    1.69586e+00    3.20601e-01    1.34565e-01    2.02050e-01    8.54376e-01   -9.99999e-01    6.88367e-01    1.79434e+00    4.81953e-02    6.99676e+00    3.46192e+03
+bu_c -bd_c    2.36166e-02    2.61971e-01   -1.95220e-01    1.69586e+00    3.20601e-01    1.34565e-01   -1.94823e-01    8.54376e-01   -9.99999e-01    6.88367e-01    1.79434e+00    4.81953e-02    6.99676e+00    3.63094e+03
-bu_c +bd_c    2.36166e-02    2.61971e-01   -1.95220e-01    1.69586e+00    3.20601e-01   -1.34563e-01    2.02050e-01    8.54376e-01   -9.99999e-01    6.88367e-01    1.79434e+00    4.81953e-02    6.99676e+00   -1.11110e+04
-bu_c -bd_c    2.36166e-02    2.61971e-01   -1.95220e-01    1.69586e+00    3.20601e-01   -1.34563e-01   -1.94823e-01    8.54376e-01   -9.99999e-01    6.88367e-01    1.79434e+00    4.81953e-02    6.99676e+00   -1.11110e+04
+bu_c +Nu_T    2.36166e-02    2.61971e-01   -1.95220e-01    1.69586e+00    3.20601e-01    1.34565e-01    3.61390e-03    9.40928e-01   -9.99999e-01    6.88367e-01    1.79434e+00    4.81953e-02    6.99676e+00    1.31161e+03
+bu_c -Nu_T    2.36166e-02    2.61971e-01   -1.95220e-01    1.69586e+00    3.20601e-01    1.34565e-01    3.61390e-03    7.67824e-01   -9.99999e-01    6.88367e-01    1.79434e+00    4.81953e-02    6.99676e+00    9.31282e+03
-bu_c +Nu_T    2.36166e-02    2.61971e-01   -1.95220e-01    1.69586e+00    3.20601e-01   -1.34563e-01    3.61390e-03    9.40928e-01   -9.99999e-01    6.88367e-01    1.79434e+00    4.81953e-02    6.99676e+00   -1.11110e+04
-bu_c -Nu_T    2.36166e-02    2.61971e-01   -1.95220e-01    1.69586e+00    3.20601e-01   -1.34563e-01    3.61390e-03    7.67824e-01   -9.99999e-01    6.88367e-01    1.79434e+00    4.81953e-02    6.99676e+00   -1.11110e+04
+bu_c +Nd_T    2.36166e-02    2.61971e-01   -1.95220e-01    1.69586e+00    3.20601e-01    1.34565e-01    3.61390e-03    8.54376e-01   -8.74845e-01    6.88367e-01    1.79434e+00    4.81953e-02    6.99676e+00    3.45102e+03
+bu_c -Nd_T    2.36166e-02    2.61971e-01   -1.95220e-01    1.69586e+00    3.20601e-01    1.34565e-01    3.61390e-03    8.54376e-01   -1.12515e+00    6.88367e-01    1.79434e+00    4.81953e-02    6.99676e+00    3.33983e+03
-bu_c +Nd_T    2.36166e-02    2.61971e-01   -1.95220e-01    1.69586e+00    3.20601e-01   -1.34563e-01    3.61390e-03    8.54376e-01   -8.74845e-01    6.88367e-01    1.79434e+00    4.81953e-02    6.99676e+00   -1.11110e+04
-bu_c -Nd_T    2.36166e-02    2.61971e-01   -1.95220e-01    1.69586e+00    3.20601e-01   -1.34563e-01    3.61390e-03    8.54376e-01   -1.12515e+00    6.88367e-01    1.79434e+00    4.81953e-02    6.99676e+00   -1.11110e+04
+bu_c +au_T    2.36166e-02    2.61971e-01   -1.95220e-01    1.69586e+00    3.20601e-01    1.34565e-01    3.61390e-03    8.54376e-01   -9.99999e-01    6.91077e-01    1.79434e+00    4.81953e-02    6.99676e+00    3.47379e+03
+bu_c -au_T    2.36166e-02    2.61971e-01   -1.95220e-01    1.69586e+00    3.20601e-01    1.34565e-01    3.61390e-03    8.54376e-01   -9.99999e-01    6.85657e-01    1.79434e+00    4.81953e-02    6.99676e+00    3.31559e+03
-bu_c +au_T    2.36166e-02    2.61971e-01   -1.95220e-01    1.69586e+00    3.20601e-01   -1.34563e-01    3.61390e-03    8.54376e-01   -9.99999e-01    6.91077e-01    1.79434e+00    4.81953e-02    6.99676e+00   -1.11110e+04
-bu_c -au_T    2.36166e-02    2.61971e-01   -1.95220e-01    1.69586e+00    3.20601e-01   -1.34563e-01    3.61390e-03    8.54376e-01   -9.99999e-01    6.85657e-01    1.79434e+00    4.81953e-02    6.99676e+00   -1.11110e+04
+bu_c +ad_T    2.36166e-02    2.61971e-01   -1.95220e-01    1.69586e+00    3.20601e-01    1.34565e-01    3.61390e-03    8.54376e-01   -9.99999e-01    6.88367e-01    1.83401e+00    4.81953e-02    6.99676e+00    3.38090e+03
+bu_c -ad_T    2.36166e-02    2.61971e-01   -1.95220e-01    1.69586e+00    3.20601e-01    1.34565e-01    3.61390e-03    8.54376e-01   -9.99999e-01    6.88367e-01    1.75467e+00    4.81953e-02    6.99676e+00    3.40708e+03
-bu_c +ad_T    2.36166e-02    2.61971e-01   -1.95220e-01    1.69586e+00    3.20601e-01   -1.34563e-01    3.61390e-03    8.54376e-01   -9.99999e-01    6.88367e-01    1.83401e+00    4.81953e-02    6.99676e+00   -1.11110e+04
-bu_c -ad_T    2.36166e-02    2.61971e-01   -1.95220e-01    1.69586e+00    3.20601e-01   -1.34563e-01    3.61390e-03    8.54376e-01   -9.99999e-01    6.88367e-01    1.75467e+00    4.81953e-02    6.99676e+00   -1.11110e+04
+bu_c +bu_T    2.36166e-02    2.61971e-01   -1.95220e-01    1.69586e+00    3.20601e-01    1.34565e-01    3.61390e-03    8.54376e-01   -9.99999e-01    6.88367e-01    1.79434e+00    5.06263e-02    6.99676e+00    3.19677e+03
+bu_c -bu_T    2.36166e-02    2.61971e-01   -1.95220e-01    1.69586e+00    3.20601e-01    1.34565e-01    3.61390e-03    8.54376e-01   -9.99999e-01    6.88367e-01    1.79434e+00    4.57643e-02    6.99676e+00    3.60466e+03
-bu_c +bu_T    2.36166e-02    2.61971e-01   -1.95220e-01    1.69586e+00    3.20601e-01   -1.34563e-01    3.61390e-03    8.54376e-01   -9.99999e-01    6.88367e-01    1.79434e+00    5.06263e-02    6.99676e+00   -1.11110e+04
-bu_c -bu_T    2.36166e-02    2.61971e-01   -1.95220e-01    1.69586e+00    3.20601e-01   -1.34563e-01    3.61390e-03    8.54376e-01   -9.99999e-01    6.88367e-01    1.79434e+00    4.57643e-02    6.99676e+00   -1.11110e+04
+bu_c +bd_T    2.36166e-02    2.61971e-01   -1.95220e-01    1.69586e+00    3.20601e-01    1.34565e-01    3.61390e-03    8.54376e-01   -9.99999e-01    6.88367e-01    1.79434e+00    4.81953e-02    7.16227e+00    3.41869e+03
+bu_c -bd_T    2.36166e-02    2.61971e-01   -1.95220e-01    1.69586e+00    3.20601e-01    1.34565e-01    3.61390e-03    8.54376e-01   -9.99999e-01    6.88367e-01    1.79434e+00    4.81953e-02    6.83125e+00    3.36831e+03
-bu_c +bd_T    2.36166e-02    2.61971e-01   -1.95220e-01    1.69586e+00    3.20601e-01   -1.34563e-01    3.61390e-03    8.54376e-01   -9.99999e-01    6.88367e-01    1.79434e+00    4.81953e-02    7.16227e+00   -1.11110e+04
-bu_c -bd_T    2.36166e-02    2.61971e-01   -1.95220e-01    1.69586e+00    3.20601e-01   -1.34563e-01    3.61390e-03    8.54376e-01   -9.99999e-01    6.88367e-01    1.79434e+00    4.81953e-02    6.83125e+00   -1.11110e+04
+bd_c +bd_c    2.36166e-02    2.61971e-01   -1.95220e-01    1.69586e+00    3.20601e-01    1.46831e-06    2.02050e-01    8.54376e-01   -9.99999e-01    6.88367e-01    1.79434e+00    4.81953e-02    6.99676e+00    1.31105e+03
+bd_c -bd_c    2.36166e-02    2.61971e-01   -1.95220e-01    1.69586e+00    3.20601e-01    1.46831e-06    2.02050e-01    8.54376e-01   -9.99999e-01    6.88367e-01    1.79434e+00    4.81953e-02    6.99676e+00    1.31105e+03
-bd_c +bd_c    2.36166e-02    2.61971e-01   -1.95220e-01    1.69586e+00    3.20601e-01    1.46831e-06   -1.94823e-01    8.54376e-01   -9.99999e-01    6.88367e-01    1.79434e+00    4.81953e-02    6.99676e+00    1.32268e+03
-bd_c -bd_c    2.36166e-02    2.61971e-01   -1.95220e-01    1.69586e+00    3.20601e-01    1.46831e-06   -1.94823e-01    8.54376e-01   -9.99999e-01    6.88367e-01    1.79434e+00    4.81953e-02    6.99676e+00    1.32268e+03
+bd_c +Nu_T    2.36166e-02    2.61971e-01   -1.95220e-01    1.69586e+00    3.20601e-01    1.46831e-06    2.02050e-01    9.40928e-01   -9.99999e-01    6.88367e-01    1.79434e+00    4.81953e-02    6.99676e+00    3.45365e+03
+bd_c -Nu_T    2.36166e-02    2.61971e-01   -1.95220e-01    1.69586e+00    3.20601e-01    1.46831e-06    2.02050e-01    7.67824e-01   -9.99999e-01    6.88367e-01    1.79434e+00    4.81953e-02    6.99676e+00    3.83441e+03
-bd_c +Nu_T    2.36166e-02    2.61971e-01   -1.95220e-01    1.69586e+00    3.20601e-01    1.46831e-06   -1.94823e-01    9.40928e-01   -9.99999e-01    6.88367e-01    1.79434e+00    4.81953e-02    6.99676e+00    3.27870e+03
-bd_c -Nu_T    2.36166e-02    2.61971e-01   -1.95220e-01    1.69586e+00    3.20601e-01    1.46831e-06   -1.94823e-01    7.67824e-01   -9.99999e-01    6.88367e-01    1.79434e+00    4.81953e-02    6.99676e+00    3.99800e+03
+bd_c +Nd_T    2.36166e-02    2.61971e-01   -1.95220e-01    1.69586e+00    3.20601e-01    1.46831e-06    2.02050e-01    8.54376e-01   -8.74845e-01    6.88367e-01    1.79434e+00    4.81953e-02    6.99676e+00    1.31416e+03
+bd_c -Nd_T    2.36166e-02    2.61971e-01   -1.95220e-01    1.69586e+00    3.20601e-01    1.46831e-06    2.02050e-01    8.54376e-01   -1.12515e+00    6.88367e-01    1.79434e+00    4.81953e-02    6.99676e+00    1.31030e+03
-bd_c +Nd_T    2.36166e-02    2.61971e-01   -1.95220e-01    1.69586e+00    3.20601e-01    1.46831e-06   -1.94823e-01    8.54376e-01   -8.74845e-01    6.88367e-01    1.79434e+00    4.81953e-02    6.99676e+00    1.32788e+03
-bd_c -Nd_T    2.36166e-02    2.61971e-01   -1.95220e-01    1.69586e+00    3.20601e-01    1.46831e-06   -1.94823e-01    8.54376e-01   -1.12515e+00    6.88367e-01    1.79434e+00    4.81953e-02    6.99676e+00    1.31884e+03
+bd_c +au_T    2.36166e-02    2.61971e-01   -1.95220e-01    1.69586e+00    3.20601e-01    1.46831e-06    2.02050e-01    8.54376e-01   -9.99999e-01    6.91077e-01    1.79434e+00    4.81953e-02    6.99676e+00    1.31570e+03
+bd_c -au_T    2.36166e-02    2.61971e-01   -1.95220e-01    1.69586e+00    3.20601e-01    1.46831e-06    2.02050e-01    8.54376e-01   -9.99999e-01    6.85657e-01    1.79434e+00    4.81953e-02    6.99676e+00    1.30829e+03
-bd_c +au_T    2.36166e-02    2.61971e-01   -1.95220e-01    1.69586e+00    3.20601e-01    1.46831e-06   -1.94823e-01    8.54376e-01   -9.99999e-01    6.91077e-01    1.79434e+00    4.81953e-02    6.99676e+00    1.33120e+03
-bd_c -au_T    2.36166e-02    2.61971e-01   -1.95220e-01    1.69586e+00    3.20601e-01    1.46831e-06   -1.94823e-01    8.54376e-01   -9.99999e-01    6.85657e-01    1.79434e+00    4.81953e-02    6.99676e+00    1.31604e+03
+bd_c +ad_T    2.36166e-02    2.61971e-01   -1.95220e-01    1.69586e+00    3.20601e-01    1.46831e-06    2.02050e-01    8.54376e-01   -9.99999e-01    6.88367e-01    1.83401e+00    4.81953e-02    6.99676e+00    1.31058e+03
+bd_c -ad_T    2.36166e-02    2.61971e-01   -1.95220e-01    1.69586e+00    3.20601e-01    1.46831e-06    2.02050e-01    8.54376e-01   -9.99999e-01    6.88367e-01    1.75467e+00    4.81953e-02    6.99676e+00    1.31158e+03
-bd_c +ad_T    2.36166e-02    2.61971e-01   -1.95220e-01    1.69586e+00    3.20601e-01    1.46831e-06   -1.94823e-01    8.54376e-01   -9.99999e-01    6.88367e-01    1.83401e+00    4.81953e-02    6.99676e+00    1.32223e+03
-bd_c -ad_T    2.36166e-02    2.61971e-01   -1.95220e-01    1.69586e+00    3.20601e-01    1.46831e-06   -1.94823e-01    8.54376e-01   -9.99999e-01    6.88367e-01    1.75467e+00    4.81953e-02    6.99676e+00    1.32317e+03
+bd_c +bu_T    2.36166e-02    2.61971e-01   -1.95220e-01    1.69586e+00    3.20601e-01    1.46831e-06    2.02050e-01    8.54376e-01   -9.99999e-01    6.88367e-01    1.79434e+00    5.06263e-02    6.99676e+00    1.30740e+03
+bd_c -bu_T    2.36166e-02    2.61971e-01   -1.95220e-01    1.69586e+00    3.20601e-01    1.46831e-06    2.02050e-01    8.54376e-01   -9.99999e-01    6.88367e-01    1.79434e+00    4.57643e-02    6.99676e+00    1.32703e+03
-bd_c +bu_T    2.36166e-02    2.61971e-01   -1.95220e-01    1.69586e+00    3.20601e-01    1.46831e-06   -1.94823e-01    8.54376e-01   -9.99999e-01    6.88367e-01    1.79434e+00    5.06263e-02    6.99676e+00    1.31010e+03
-bd_c -bu_T    2.36166e-02    2.61971e-01   -1.95220e-01    1.69586e+00    3.20601e-01    1.46831e-06   -1.94823e-01    8.54376e-01   -9.99999e-01    6.88367e-01    1.79434e+00    4.57643e-02    6.99676e+00    1.34775e+03
+bd_c +bd_T    2.36166e-02    2.61971e-01   -1.95220e-01    1.69586e+00    3.20601e-01    1.46831e-06    2.02050e-01    8.54376e-01   -9.99999e-01    6.88367e-01    1.79434e+00    4.81953e-02    7.16227e+00    1.31215e+03
+bd_c -bd_T    2.36166e-02    2.61971e-01   -1.95220e-01    1.69586e+00    3.20601e-01    1.46831e-06    2.02050e-01    8.54376e-01   -9.99999e-01    6.88367e-01    1.79434e+00    4.81953e-02    6.83125e+00    1.31005e+03
-bd_c +bd_T    2.36166e-02    2.61971e-01   -1.95220e-01    1.69586e+00    3.20601e-01    1.46831e-06   -1.94823e-01    8.54376e-01   -9.99999e-01    6.88367e-01    1.79434e+00    4.81953e-02    7.16227e+00    1.32384e+03
-bd_c -bd_T    2.36166e-02    2.61971e-01   -1.95220e-01    1.69586e+00    3.20601e-01    1.46831e-06   -1.94823e-01    8.54376e-01   -9.99999e-01    6.88367e-01    1.79434e+00    4.81953e-02    6.83125e+00    1.32155e+03
+Nu_T +Nu_T    2.36166e-02    2.61971e-01   -1.95220e-01    1.69586e+00    3.20601e-01    1.46831e-06    3.61390e-03    9.40928e-01   -9.99999e-01    6.88367e-01    1.79434e+00    4.81953e-02    6.99676e+00    3.52540e+03
+Nu_T -Nu_T    2.36166e-02    2.61971e-01   -1.95220e-01    1.69586e+00    3.20601e-01    1.46831e-06    3.61390e-03    9.40928e-01   -9.99999e-01    6.88367e-01    1.79434e+00    4.81953e-02    6.99676e+00    3.52540e+03
-Nu_T +Nu_T    2.36166e-02    2.61971e-01   -1.95220e-01    1.69586e+00    3.20601e-01    1.46831e-06    3.61390e-03    7.67824e-01   -9.99999e-01    6.88367e-01    1.79434e+00    4.81953e-02    6.99676e+00    3.76053e+03
-Nu_T -Nu_T    2.36166e-02    2.61971e-01   -1.95220e-01    1.69586e+00    3.20601e-01    1.46831e-06    3.61390e-03    7.67824e-01   -9.99999e-01    6.88367e-01    1.79434e+00    4.81953e-02    6.99676e+00    3.76053e+03
+Nu_T +Nd_T    2.36166e-02    2.61971e-01   -1.95220e-01    1.69586e+00    3.20601e-01    1.46831e-06    3.61390e-03    9.40928e-01   -8.74845e-01    6.88367e-01    1.79434e+00    4.81953e-02    6.99676e+00    3.46547e+03
+Nu_T -Nd_T    2.36166e-02    2.61971e-01   -1.95220e-01    1.69586e+00    3.20601e-01    1.46831e-06    3.61390e-03    9.40928e-01   -1.12515e+00    6.88367e-01    1.79434e+00    4.81953e-02    6.99676e+00    3.58820e+03
-Nu_T +Nd_T    2.36166e-02    2.61971e-01   -1.95220e-01    1.69586e+00    3.20601e-01    1.46831e-06    3.61390e-03    7.67824e-01   -8.74845e-01    6.88367e-01    1.79434e+00    4.81953e-02    6.99676e+00    3.82337e+03
-Nu_T -Nd_T    2.36166e-02    2.61971e-01   -1.95220e-01    1.69586e+00    3.20601e-01    1.46831e-06    3.61390e-03    7.67824e-01   -1.12515e+00    6.88367e-01    1.79434e+00    4.81953e-02    6.99676e+00    3.70054e+03
+Nu_T +au_T    2.36166e-02    2.61971e-01   -1.95220e-01    1.69586e+00    3.20601e-01    1.46831e-06    3.61390e-03    9.40928e-01   -9.99999e-01    6.91077e-01    1.79434e+00    4.81953e-02    6.99676e+00    3.42659e+03
+Nu_T -au_T    2.36166e-02    2.61971e-01   -1.95220e-01    1.69586e+00    3.20601e-01    1.46831e-06    3.61390e-03    9.40928e-01   -9.99999e-01    6.85657e-01    1.79434e+00    4.81953e-02    6.99676e+00    3.62668e+03
-Nu_T +au_T    2.36166e-02    2.61971e-01   -1.95220e-01    1.69586e+00    3.20601e-01    1.46831e-06    3.61390e-03    7.67824e-01   -9.99999e-01    6.91077e-01    1.79434e+00    4.81953e-02    6.99676e+00    3.84657e+03
-Nu_T -au_T    2.36166e-02    2.61971e-01   -1.95220e-01    1.69586e+00    3.20601e-01    1.46831e-06    3.61390e-03    7.67824e-01   -9.99999e-01    6.85657e-01    1.79434e+00    4.81953e-02    6.99676e+00    3.67588e+03
+Nu_T +ad_T    2.36166e-02    2.61971e-01   -1.95220e-01    1.69586e+00    3.20601e-01    1.46831e-06    3.61390e-03    9.40928e-01   -9.99999e-01    6.88367e-01    1.83401e+00    4.81953e-02    6.99676e+00    3.53876e+03
+Nu_T -ad_T    2.36166e-02    2.61971e-01   -1.95220e-01    1.69586e+00    3.20601e-01    1.46831e-06    3.61390e-03    9.40928e-01   -9.99999e-01    6.88367e-01    1.75467e+00    4.81953e-02    6.99676e+00    3.51220e+03
-Nu_T +ad_T    2.36166e-02    2.61971e-01   -1.95220e-01    1.69586e+00    3.20601e-01    1.46831e-06    3.61390e-03    7.67824e-01   -9.99999e-01    6.88367e-01    1.83401e+00    4.81953e-02    6.99676e+00    3.74645e+03
-Nu_T -ad_T    2.36166e-02    2.61971e-01   -1.95220e-01    1.69586e+00    3.20601e-01    1.46831e-06    3.61390e-03    7.67824e-01   -9.99999e-01    6.88367e-01    1.75467e+00    4.81953e-02    6.99676e+00    3.77461e+03
+Nu_T +bu_T    2.36166e-02    2.61971e-01   -1.95220e-01    1.69586e+00    3.20601e-01    1.46831e-06    3.61390e-03    9.40928e-01   -9.99999e-01    6.88367e-01    1.79434e+00    5.06263e-02    6.99676e+00    3.78629e+03
+Nu_T -bu_T    2.36166e-02    2.61971e-01   -1.95220e-01    1.69586e+00    3.20601e-01    1.46831e-06    3.61390e-03    9.40928e-01   -9.99999e-01    6.88367e-01    1.79434e+00    4.57643e-02    6.99676e+00    3.27493e+03
-Nu_T +bu_T    2.36166e-02    2.61971e-01   -1.95220e-01    1.69586e+00    3.20601e-01    1.46831e-06    3.61390e-03    7.67824e-01   -9.99999e-01    6.88367e-01    1.79434e+00    5.06263e-02    6.99676e+00    3.54790e+03
-Nu_T -bu_T    2.36166e-02    2.61971e-01   -1.95220e-01    1.69586e+00    3.20601e-01    1.46831e-06    3.61390e-03    7.67824e-01   -9.99999e-01    6.88367e-01    1.79434e+00    4.57643e-02    6.99676e+00    3.98673e+03
+Nu_T +bd_T    2.36166e-02    2.61971e-01   -1.95220e-01    1.69586e+00    3.20601e-01    1.46831e-06    3.61390e-03    9.40928e-01   -9.99999e-01    6.88367e-01    1.79434e+00    4.81953e-02    7.16227e+00    3.50044e+03
+Nu_T -bd_T    2.36166e-02    2.61971e-01   -1.95220e-01    1.69586e+00    3.20601e-01    1.46831e-06    3.61390e-03    9.40928e-01   -9.99999e-01    6.88367e-01    1.79434e+00    4.81953e-02    6.83125e+00    3.55173e+03
-Nu_T +bd_T    2.36166e-02    2.61971e-01   -1.95220e-01    1.69586e+00    3.20601e-01    1.46831e-06    3.61390e-03    7.67824e-01   -9.99999e-01    6.88367e-01    1.79434e+00    4.81953e-02    7.16227e+00    3.78721e+03
-Nu_T -bd_T    2.36166e-02    2.61971e-01   -1.95220e-01    1.69586e+00    3.20601e-01    1.46831e-06    3.61390e-03    7.67824e-01   -9.99999e-01    6.88367e-01    1.79434e+00    4.81953e-02    6.83125e+00    3.73265e+03
+Nd_T +Nd_T    2.36166e-02    2.61971e-01   -1.95220e-01    1.69586e+00    3.20601e-01    1.46831e-06    3.61390e-03    8.54376e-01   -8.74845e-01    6.88367e-01    1.79434e+00    4.81953e-02    6.99676e+00    1.31144e+03
+Nd_T -Nd_T    2.36166e-02    2.61971e-01   -1.95220e-01    1.69586e+00    3.20601e-01    1.46831e-06    3.61390e-03    8.54376e-01   -8.74845e-01    6.88367e-01    1.79434e+00    4.81953e-02    6.99676e+00    1.31144e+03
-Nd_T +Nd_T    2.36166e-02    2.61971e-01   -1.95220e-01    1.69586e+00    3.20601e-01    1.46831e-06    3.61390e-03    8.54376e-01   -1.12515e+00    6.88367e-01    1.79434e+00    4.81953e-02    6.99676e+00    1.31141e+03
-Nd_T -Nd_T    2.36166e-02    2.61971e-01   -1.95220e-01    1.69586e+00    3.20601e-01    1.46831e-06    3.61390e-03    8.54376e-01   -1.12515e+00    6.88367e-01    1.79434e+00    4.81953e-02    6.99676e+00    1.31141e+03
+Nd_T +au_T    2.36166e-02    2.61971e-01   -1.95220e-01    1.69586e+00    3.20601e-01    1.46831e-06    3.61390e-03    8.54376e-01   -8.74845e-01    6.91077e-01    1.79434e+00    4.81953e-02    6.99676e+00    1.31584e+03
+Nd_T -au_T    2.36166e-02    2.61971e-01   -1.95220e-01    1.69586e+00    3.20601e-01    1.46831e-06    3.61390e-03    8.54376e-01   -8.74845e-01    6.85657e-01    1.79434e+00    4.81953e-02    6.99676e+00    1.30891e+03
-Nd_T +au_T    2.36166e-02    2.61971e-01   -1.95220e-01    1.69586e+00    3.20601e-01    1.46831e-06    3.61390e-03    8.54376e-01   -1.12515e+00    6.91077e-01    1.79434e+00    4.81953e-02    6.99676e+00    1.31302e+03
-Nd_T -au_T    2.36166e-02    2.61971e-01   -1.95220e-01    1.69586e+00    3.20601e-01    1.46831e-06    3.61390e-03    8.54376e-01   -1.12515e+00    6.85657e-01    1.79434e+00    4.81953e-02    6.99676e+00    1.31169e+03
+Nd_T +ad_T    2.36166e-02    2.61971e-01   -1.95220e-01    1.69586e+00    3.20601e-01    1.46831e-06    3.61390e-03    8.54376e-01   -8.74845e-01    6.88367e-01    1.83401e+00    4.81953e-02    6.99676e+00    1.31106e+03
+Nd_T -ad_T    2.36166e-02    2.61971e-01   -1.95220e-01    1.69586e+00    3.20601e-01    1.46831e-06    3.61390e-03    8.54376e-01   -8.74845e-01    6.88367e-01    1.75467e+00    4.81953e-02    6.99676e+00    1.31187e+03
-Nd_T +ad_T    2.36166e-02    2.61971e-01   -1.95220e-01    1.69586e+00    3.20601e-01    1.46831e-06    3.61390e-03    8.54376e-01   -1.12515e+00    6.88367e-01    1.83401e+00    4.81953e-02    6.99676e+00    1.31107e+03
-Nd_T -ad_T    2.36166e-02    2.61971e-01   -1.95220e-01    1.69586e+00    3.20601e-01    1.46831e-06    3.61390e-03    8.54376e-01   -1.12515e+00    6.88367e-01    1.75467e+00    4.81953e-02    6.99676e+00    1.31184e+03
+Nd_T +bu_T    2.36166e-02    2.61971e-01   -1.95220e-01    1.69586e+00    3.20601e-01    1.46831e-06    3.61390e-03    8.54376e-01   -8.74845e-01    6.88367e-01    1.79434e+00    5.06263e-02    6.99676e+00    1.30838e+03
+Nd_T -bu_T    2.36166e-02    2.61971e-01   -1.95220e-01    1.69586e+00    3.20601e-01    1.46831e-06    3.61390e-03    8.54376e-01   -8.74845e-01    6.88367e-01    1.79434e+00    4.57643e-02    6.99676e+00    1.32682e+03
-Nd_T +bu_T    2.36166e-02    2.61971e-01   -1.95220e-01    1.69586e+00    3.20601e-01    1.46831e-06    3.61390e-03    8.54376e-01   -1.12515e+00    6.88367e-01    1.79434e+00    5.06263e-02    6.99676e+00    1.31476e+03
-Nd_T -bu_T    2.36166e-02    2.61971e-01   -1.95220e-01    1.69586e+00    3.20601e-01    1.46831e-06    3.61390e-03    8.54376e-01   -1.12515e+00    6.88367e-01    1.79434e+00    4.57643e-02    6.99676e+00    1.32029e+03
+Nd_T +bd_T    2.36166e-02    2.61971e-01   -1.95220e-01    1.69586e+00    3.20601e-01    1.46831e-06    3.61390e-03    8.54376e-01   -8.74845e-01    6.88367e-01    1.79434e+00    4.81953e-02    7.16227e+00    1.31243e+03
+Nd_T -bd_T    2.36166e-02    2.61971e-01   -1.95220e-01    1.69586e+00    3.20601e-01    1.46831e-06    3.61390e-03    8.54376e-01   -8.74845e-01    6.88367e-01    1.79434e+00    4.81953e-02    6.83125e+00    1.31055e+03
-Nd_T +bd_T    2.36166e-02    2.61971e-01   -1.95220e-01    1.69586e+00    3.20601e-01    1.46831e-06    3.61390e-03    8.54376e-01   -1.12515e+00    6.88367e-01    1.79434e+00    4.81953e-02    7.16227e+00    1.31207e+03
-Nd_T -bd_T    2.36166e-02    2.61971e-01   -1.95220e-01    1.69586e+00    3.20601e-01    1.46831e-06    3.61390e-03    8.54376e-01   -1.12515e+00    6.88367e-01    1.79434e+00    4.81953e-02    6.83125e+00    1.31095e+03
+au_T +au_T    2.36166e-02    2.61971e-01   -1.95220e-01    1.69586e+00    3.20601e-01    1.46831e-06    3.61390e-03    8.54376e-01   -9.99999e-01    6.91077e-01    1.79434e+00    4.81953e-02    6.99676e+00    1.31299e+03
+au_T -au_T    2.36166e-02    2.61971e-01   -1.95220e-01    1.69586e+00    3.20601e-01    1.46831e-06    3.61390e-03    8.54376e-01   -9.99999e-01    6.91077e-01    1.79434e+00    4.81953e-02    6.99676e+00    1.31299e+03
-au_T +au_T    2.36166e-02    2.61971e-01   -1.95220e-01    1.69586e+00    3.20601e-01    1.46831e-06    3.61390e-03    8.54376e-01   -9.99999e-01    6.85657e-01    1.79434e+00    4.81953e-02    6.99676e+00    1.30887e+03
-au_T -au_T    2.36166e-02    2.61971e-01   -1.95220e-01    1.69586e+00    3.20601e-01    1.46831e-06    3.61390e-03    8.54376e-01   -9.99999e-01    6.85657e-01    1.79434e+00    4.81953e-02    6.99676e+00    1.30887e+03
+au_T +ad_T    2.36166e-02    2.61971e-01   -1.95220e-01    1.69586e+00    3.20601e-01    1.46831e-06    3.61390e-03    8.54376e-01   -9.99999e-01    6.91077e-01    1.83401e+00    4.81953e-02    6.99676e+00    1.31235e+03
+au_T -ad_T    2.36166e-02    2.61971e-01   -1.95220e-01    1.69586e+00    3.20601e-01    1.46831e-06    3.61390e-03    8.54376e-01   -9.99999e-01    6.91077e-01    1.75467e+00    4.81953e-02    6.99676e+00    1.31371e+03
-au_T +ad_T    2.36166e-02    2.61971e-01   -1.95220e-01    1.69586e+00    3.20601e-01    1.46831e-06    3.61390e-03    8.54376e-01   -9.99999e-01    6.85657e-01    1.83401e+00    4.81953e-02    6.99676e+00    1.30879e+03
-au_T -ad_T    2.36166e-02    2.61971e-01   -1.95220e-01    1.69586e+00    3.20601e-01    1.46831e-06    3.61390e-03    8.54376e-01   -9.99999e-01    6.85657e-01    1.75467e+00    4.81953e-02    6.99676e+00    1.30902e+03
+au_T +bu_T    2.36166e-02    2.61971e-01   -1.95220e-01    1.69586e+00    3.20601e-01    1.46831e-06    3.61390e-03    8.54376e-01   -9.99999e-01    6.91077e-01    1.79434e+00    5.06263e-02    6.99676e+00    1.30841e+03
+au_T -bu_T    2.36166e-02    2.61971e-01   -1.95220e-01    1.69586e+00    3.20601e-01    1.46831e-06    3.61390e-03    8.54376e-01   -9.99999e-01    6.91077e-01    1.79434e+00    4.57643e-02    6.99676e+00    1.32992e+03
-au_T +bu_T    2.36166e-02    2.61971e-01   -1.95220e-01    1.69586e+00    3.20601e-01    1.46831e-06    3.61390e-03    8.54376e-01   -9.99999e-01    6.85657e-01    1.79434e+00    5.06263e-02    6.99676e+00    1.31374e+03
-au_T -bu_T    2.36166e-02    2.61971e-01   -1.95220e-01    1.69586e+00    3.20601e-01    1.46831e-06    3.61390e-03    8.54376e-01   -9.99999e-01    6.85657e-01    1.79434e+00    4.57643e-02    6.99676e+00    1.31619e+03
+au_T +bd_T    2.36166e-02    2.61971e-01   -1.95220e-01    1.69586e+00    3.20601e-01    1.46831e-06    3.61390e-03    8.54376e-01   -9.99999e-01    6.91077e-01    1.79434e+00    4.81953e-02    7.16227e+00    1.31438e+03
+au_T -bd_T    2.36166e-02    2.61971e-01   -1.95220e-01    1.69586e+00    3.20601e-01    1.46831e-06    3.61390e-03    8.54376e-01   -9.99999e-01    6.91077e-01    1.79434e+00    4.81953e-02    6.83125e+00    1.31173e+03
-au_T +bd_T    2.36166e-02    2.61971e-01   -1.95220e-01    1.69586e+00    3.20601e-01    1.46831e-06    3.61390e-03    8.54376e-01   -9.99999e-01    6.85657e-01    1.79434e+00    4.81953e-02    7.16227e+00    1.30919e+03
-au_T -bd_T    2.36166e-02    2.61971e-01   -1.95220e-01    1.69586e+00    3.20601e-01    1.46831e-06    3.61390e-03    8.54376e-01   -9.99999e-01    6.85657e-01    1.79434e+00    4.81953e-02    6.83125e+00    1.30871e+03
+ad_T +ad_T    2.36166e-02    2.61971e-01   -1.95220e-01    1.69586e+00    3.20601e-01    1.46831e-06    3.61390e-03    8.54376e-01   -9.99999e-01    6.88367e-01    1.83401e+00    4.81953e-02    6.99676e+00    1.30962e+03
+ad_T -ad_T    2.36166e-02    2.61971e-01   -1.95220e-01    1.69586e+00    3.20601e-01    1.46831e-06    3.61390e-03    8.54376e-01   -9.99999e-01    6.88367e-01    1.83401e+00    4.81953e-02    6.99676e+00    1.30962e+03
-ad_T +ad_T    2.36166e-02    2.61971e-01   -1.95220e-01    1.69586e+00    3.20601e-01    1.46831e-06    3.61390e-03    8.54376e-01   -9.99999e-01    6.88367e-01    1.75467e+00    4.81953e-02    6.99676e+00    1.31042e+03
-ad_T -ad_T    2.36166e-02    2.61971e-01   -1.95220e-01    1.69586e+00    3.20601e-01    1.46831e-06    3.61390e-03    8.54376e-01   -9.99999e-01    6.88367e-01    1.75467e+00    4.81953e-02    6.99676e+00    1.31042e+03
+ad_T +bu_T    2.36166e-02    2.61971e-01   -1.95220e-01    1.69586e+00    3.20601e-01    1.46831e-06    3.61390e-03    8.54376e-01   -9.99999e-01    6.88367e-01    1.83401e+00    5.06263e-02    6.99676e+00    1.31047e+03
+ad_T -bu_T    2.36166e-02    2.61971e-01   -1.95220e-01    1.69586e+00    3.20601e-01    1.46831e-06    3.61390e-03    8.54376e-01   -9.99999e-01    6.88367e-01    1.83401e+00    4.57643e-02    6.99676e+00    1.32104e+03
-ad_T +bu_T    2.36166e-02    2.61971e-01   -1.95220e-01    1.69586e+00    3.20601e-01    1.46831e-06    3.61390e-03    8.54376e-01   -9.99999e-01    6.88367e-01    1.75467e+00    5.06263e-02    6.99676e+00    1.30987e+03
-ad_T -bu_T    2.36166e-02    2.61971e-01   -1.95220e-01    1.69586e+00    3.20601e-01    1.46831e-06    3.61390e-03    8.54376e-01   -9.99999e-01    6.88367e-01    1.75467e+00    4.57643e-02    6.99676e+00    1.32327e+03
+ad_T +bd_T    2.36166e-02    2.61971e-01   -1.95220e-01    1.69586e+00    3.20601e-01    1.46831e-06    3.61390e-03    8.54376e-01   -9.99999e-01    6.88367e-01    1.83401e+00    4.81953e-02    7.16227e+00    1.31039e+03
+ad_T -bd_T    2.36166e-02    2.61971e-01   -1.95220e-01    1.69586e+00    3.20601e-01    1.46831e-06    3.61390e-03    8.54376e-01   -9.99999e-01    6.88367e-01    1.83401e+00    4.81953e-02    6.83125e+00    1.30902e+03
-ad_T +bd_T    2.36166e-02    2.61971e-01   -1.95220e-01    1.69586e+00    3.20601e-01    1.46831e-06    3.61390e-03    8.54376e-01   -9.99999e-01    6.88367e-01    1.75467e+00    4.81953e-02    7.16227e+00    1.31144e+03
-ad_T -bd_T    2.36166e-02    2.61971e-01   -1.95220e-01    1.69586e+00    3.20601e-01    1.46831e-06    3.61390e-03    8.54376e-01   -9.99999e-01    6.88367e-01    1.75467e+00    4.81953e-02    6.83125e+00    1.30961e+03
+bu_T +bu_T    2.36166e-02    2.61971e-01   -1.95220e-01    1.69586e+00    3.20601e-01    1.46831e-06    3.61390e-03    8.54376e-01   -9.99999e-01    6.88367e-01    1.79434e+00    5.06263e-02    6.99676e+00    1.31013e+03
+bu_T -bu_T    2.36166e-02    2.61971e-01   -1.95220e-01    1.69586e+00    3.20601e-01    1.46831e-06    3.61390e-03    8.54376e-01   -9.99999e-01    6.88367e-01    1.79434e+00    5.06263e-02    6.99676e+00    1.31013e+03
-bu_T +bu_T    2.36166e-02    2.61971e-01   -1.95220e-01    1.69586e+00    3.20601e-01    1.46831e-06    3.61390e-03    8.54376e-01   -9.99999e-01    6.88367e-01    1.79434e+00    4.57643e-02    6.99676e+00    1.32212e+03
-bu_T -bu_T    2.36166e-02    2.61971e-01   -1.95220e-01    1.69586e+00    3.20601e-01    1.46831e-06    3.61390e-03    8.54376e-01   -9.99999e-01    6.88367e-01    1.79434e+00    4.57643e-02    6.99676e+00    1.32212e+03
+bu_T +bd_T    2.36166e-02    2.61971e-01   -1.95220e-01    1.69586e+00    3.20601e-01    1.46831e-06    3.61390e-03    8.54376e-01   -9.99999e-01    6.88367e-01    1.79434e+00    5.06263e-02    7.16227e+00    1.30967e+03
+bu_T -bd_T    2.36166e-02    2.61971e-01   -1.95220e-01    1.69586e+00    3.20601e-01    1.46831e-06    3.61390e-03    8.54376e-01   -9.99999e-01    6.88367e-01    1.79434e+00    5.06263e-02    6.83125e+00    1.31080e+03
-bu_T +bd_T    2.36166e-02    2.61971e-01   -1.95220e-01    1.69586e+00    3.20601e-01    1.46831e-06    3.61390e-03    8.54376e-01   -9.99999e-01    6.88367e-01    1.79434e+00    4.57643e-02    7.16227e+00    1.32432e+03
-bu_T -bd_T    2.36166e-02    2.61971e-01   -1.95220e-01    1.69586e+00    3.20601e-01    1.46831e-06    3.61390e-03    8.54376e-01   -9.99999e-01    6.88367e-01    1.79434e+00    4.57643e-02    6.83125e+00    1.32000e+03
+bd_T +bd_T    2.36166e-02    2.61971e-01   -1.95220e-01    1.69586e+00    3.20601e-01    1.46831e-06    3.61390e-03    8.54376e-01   -9.99999e-01    6.88367e-01    1.79434e+00    4.81953e-02    7.16227e+00    1.31084e+03
+bd_T -bd_T    2.36166e-02    2.61971e-01   -1.95220e-01    1.69586e+00    3.20601e-01    1.46831e-06    3.61390e-03    8.54376e-01   -9.99999e-01    6.88367e-01    1.79434e+00    4.81953e-02    7.16227e+00    1.31084e+03
-bd_T +bd_T    2.36166e-02    2.61971e-01   -1.95220e-01    1.69586e+00    3.20601e-01    1.46831e-06    3.61390e-03    8.54376e-01   -9.99999e-01    6.88367e-01    1.79434e+00    4.81953e-02    6.83125e+00    1.30927e+03
-bd_T -bd_T    2.36166e-02    2.61971e-01   -1.95220e-01    1.69586e+00    3.20601e-01    1.46831e-06    3.61390e-03    8.54376e-01   -9.99999e-01    6.88367e-01    1.79434e+00    4.81953e-02    6.83125e+00    1.30927e+03
