                   BLNY           Nu_c           Nd_c           au_c           ad_c           bu_c           bd_c           Nu_T           Nd_T           au_T           ad_T           bu_T           bd_T          ChiSQ
+BLNY +BLNY    2.43336e-02    2.61971e-01   -1.95220e-01    1.69586e+00    3.20601e-01    1.46831e-06    3.61390e-03    8.54376e-01   -9.99999e-01    6.88367e-01    1.79434e+00    4.81953e-02    6.99676e+00    2.30759e+04
+BLNY -BLNY    2.43336e-02    2.61971e-01   -1.95220e-01    1.69586e+00    3.20601e-01    1.46831e-06    3.61390e-03    8.54376e-01   -9.99999e-01    6.88367e-01    1.79434e+00    4.81953e-02    6.99676e+00    2.30759e+04
-BLNY +BLNY    2.28996e-02    2.61971e-01   -1.95220e-01    1.69586e+00    3.20601e-01    1.46831e-06    3.61390e-03    8.54376e-01   -9.99999e-01    6.88367e-01    1.79434e+00    4.81953e-02    6.99676e+00    2.20552e+04
-BLNY -BLNY    2.28996e-02    2.61971e-01   -1.95220e-01    1.69586e+00    3.20601e-01    1.46831e-06    3.61390e-03    8.54376e-01   -9.99999e-01    6.88367e-01    1.79434e+00    4.81953e-02    6.99676e+00    2.20552e+04
+BLNY +Nu_c    2.43336e-02    2.86625e-01   -1.95220e-01    1.69586e+00    3.20601e-01    1.46831e-06    3.61390e-03    8.54376e-01   -9.99999e-01    6.88367e-01    1.79434e+00    4.81953e-02    6.99676e+00    8.13228e+04
+BLNY -Nu_c    2.43336e-02    2.37317e-01   -1.95220e-01    1.69586e+00    3.20601e-01    1.46831e-06    3.61390e-03    8.54376e-01   -9.99999e-01    6.88367e-01    1.79434e+00    4.81953e-02    6.99676e+00    3.41328e+05
-BLNY +Nu_c    2.28996e-02    2.86625e-01   -1.95220e-01    1.69586e+00    3.20601e-01    1.46831e-06    3.61390e-03    8.54376e-01   -9.99999e-01    6.88367e-01    1.79434e+00    4.81953e-02    6.99676e+00    3.61606e+05
-BLNY -Nu_c    2.28996e-02    2.37317e-01   -1.95220e-01    1.69586e+00    3.20601e-01    1.46831e-06    3.61390e-03    8.54376e-01   -9.99999e-01    6.88367e-01    1.79434e+00    4.81953e-02    6.99676e+00    9.54804e+04
+BLNY +Nd_c    2.43336e-02    2.61971e-01   -1.88061e-01    1.69586e+00    3.20601e-01    1.46831e-06    3.61390e-03    8.54376e-01   -9.99999e-01    6.88367e-01    1.79434e+00    4.81953e-02    6.99676e+00    3.12250e+04
+BLNY -Nd_c    2.43336e-02    2.61971e-01   -2.02379e-01    1.69586e+00    3.20601e-01    1.46831e-06    3.61390e-03    8.54376e-01   -9.99999e-01    6.88367e-01    1.79434e+00    4.81953e-02    6.99676e+00    1.61865e+04
-BLNY +Nd_c    2.28996e-02    2.61971e-01   -1.88061e-01    1.69586e+00    3.20601e-01    1.46831e-06    3.61390e-03    8.54376e-01   -9.99999e-01    6.88367e-01    1.79434e+00    4.81953e-02    6.99676e+00    1.46480e+04
-BLNY -Nd_c    2.28996e-02    2.61971e-01   -2.02379e-01    1.69586e+00    3.20601e-01    1.46831e-06    3.61390e-03    8.54376e-01   -9.99999e-01    6.88367e-01    1.79434e+00    4.81953e-02    6.99676e+00    3.10288e+04
+BLNY +au_c    2.43336e-02    2.61971e-01   -1.95220e-01    1.70345e+00    3.20601e-01    1.46831e-06    3.61390e-03    8.54376e-01   -9.99999e-01    6.88367e-01    1.79434e+00    4.81953e-02    6.99676e+00    2.91466e+04
+BLNY -au_c    2.43336e-02    2.61971e-01   -1.95220e-01    1.68827e+00    3.20601e-01    1.46831e-06    3.61390e-03    8.54376e-01   -9.99999e-01    6.88367e-01    1.79434e+00    4.81953e-02    6.99676e+00    1.77089e+04
-BLNY +au_c    2.28996e-02    2.61971e-01   -1.95220e-01    1.70345e+00    3.20601e-01    1.46831e-06    3.61390e-03    8.54376e-01   -9.99999e-01    6.88367e-01    1.79434e+00    4.81953e-02    6.99676e+00    1.64727e+04
-BLNY -au_c    2.28996e-02    2.61971e-01   -1.95220e-01    1.68827e+00    3.20601e-01    1.46831e-06    3.61390e-03    8.54376e-01   -9.99999e-01    6.88367e-01    1.79434e+00    4.81953e-02    6.99676e+00    2.85101e+04
+BLNY +ad_c    2.43336e-02    2.61971e-01   -1.95220e-01    1.69586e+00    3.60717e-01    1.46831e-06    3.61390e-03    8.54376e-01   -9.99999e-01    6.88367e-01    1.79434e+00    4.81953e-02    6.99676e+00    2.76657e+04
+BLNY -ad_c    2.43336e-02    2.61971e-01   -1.95220e-01    1.69586e+00    2.80485e-01    1.46831e-06    3.61390e-03    8.54376e-01   -9.99999e-01    6.88367e-01    1.79434e+00    4.81953e-02    6.99676e+00    1.88263e+04
-BLNY +ad_c    2.28996e-02    2.61971e-01   -1.95220e-01    1.69586e+00    3.60717e-01    1.46831e-06    3.61390e-03    8.54376e-01   -9.99999e-01    6.88367e-01    1.79434e+00    4.81953e-02    6.99676e+00    1.74061e+04
-BLNY -ad_c    2.28996e-02    2.61971e-01   -1.95220e-01    1.69586e+00    2.80485e-01    1.46831e-06    3.61390e-03    8.54376e-01   -9.99999e-01    6.88367e-01    1.79434e+00    4.81953e-02    6.99676e+00    2.73994e+04
+BLNY +bu_c    2.43336e-02    2.61971e-01   -1.95220e-01    1.69586e+00    3.20601e-01    1.34565e-01    3.61390e-03    8.54376e-01   -9.99999e-01    6.88367e-01    1.79434e+00    4.81953e-02    6.99676e+00    4.45062e+05
+BLNY -bu_c    2.43336e-02    2.61971e-01   -1.95220e-01    1.69586e+00    3.20601e-01   -1.34563e-01    3.61390e-03    8.54376e-01   -9.99999e-01    6.88367e-01    1.79434e+00    4.81953e-02    6.99676e+00   -1.11110e+04
-BLNY +bu_c    2.28996e-02    2.61971e-01   -1.95220e-01    1.69586e+00    3.20601e-01    1.34565e-01    3.61390e-03    8.54376e-01   -9.99999e-01    6.88367e-01    1.79434e+00    4.81953e-02    6.99676e+00    1.46212e+05
-BLNY -bu_c    2.28996e-02    2.61971e-01   -1.95220e-01    1.69586e+00    3.20601e-01   -1.34563e-01    3.61390e-03    8.54376e-01   -9.99999e-01    6.88367e-01    1.79434e+00    4.81953e-02    6.99676e+00   -1.11110e+04
+BLNY +bd_c    2.43336e-02    2.61971e-01   -1.95220e-01    1.69586e+00    3.20601e-01    1.46831e-06    2.02050e-01    8.54376e-01   -9.99999e-01    6.88367e-01    1.79434e+00    4.81953e-02    6.99676e+00    6.79903e+04
+BLNY -bd_c    2.43336e-02    2.61971e-01   -1.95220e-01    1.69586e+00    3.20601e-01    1.46831e-06   -1.94823e-01    8.54376e-01   -9.99999e-01    6.88367e-01    1.79434e+00    4.81953e-02    6.99676e+00    2.60884e+05
-BLNY +bd_c    2.28996e-02    2.61971e-01   -1.95220e-01    1.69586e+00    3.20601e-01    1.46831e-06    2.02050e-01    8.54376e-01   -9.99999e-01    6.88367e-01    1.79434e+00    4.81953e-02    6.99676e+00    1.36504e+03
-BLNY -bd_c    2.28996e-02    2.61971e-01   -1.95220e-01    1.69586e+00    3.20601e-01    1.46831e-06   -1.94823e-01    8.54376e-01   -9.99999e-01    6.88367e-01    1.79434e+00    4.81953e-02    6.99676e+00    6.17567e+04
+BLNY +Nu_T    2.43336e-02    2.61971e-01   -1.95220e-01    1.69586e+00    3.20601e-01    1.46831e-06    3.61390e-03    9.40928e-01   -9.99999e-01    6.88367e-01    1.79434e+00    4.81953e-02    6.99676e+00    1.01268e+05
+BLNY -Nu_T    2.43336e-02    2.61971e-01   -1.95220e-01    1.69586e+00    3.20601e-01    1.46831e-06    3.61390e-03    7.67824e-01   -9.99999e-01    6.88367e-01    1.79434e+00    4.81953e-02    6.99676e+00    3.81150e+05
-BLNY +Nu_T    2.28996e-02    2.61971e-01   -1.95220e-01    1.69586e+00    3.20601e-01    1.46831e-06    3.61390e-03    9.40928e-01   -9.99999e-01    6.88367e-01    1.79434e+00    4.81953e-02    6.99676e+00    4.04557e+05
-BLNY -Nu_T    2.28996e-02    2.61971e-01   -1.95220e-01    1.69586e+00    3.20601e-01    1.46831e-06    3.61390e-03    7.67824e-01   -9.99999e-01    6.88367e-01    1.79434e+00    4.81953e-02    6.99676e+00    1.18086e+05
+BLNY +Nd_T    2.43336e-02    2.61971e-01   -1.95220e-01    1.69586e+00    3.20601e-01    1.46831e-06    3.61390e-03    8.54376e-01   -8.74845e-01    6.88367e-01    1.79434e+00    4.81953e-02    6.99676e+00    5.60855e+04
+BLNY -Nd_T    2.43336e-02    2.61971e-01   -1.95220e-01    1.69586e+00    3.20601e-01    1.46831e-06    3.61390e-03    8.54376e-01   -1.12515e+00    6.88367e-01    1.79434e+00    4.81953e-02    6.99676e+00    4.75422e+03
-BLNY +Nd_T    2.28996e-02    2.61971e-01   -1.95220e-01    1.69586e+00    3.20601e-01    1.46831e-06    3.61390e-03    8.54376e-01   -8.74845e-01    6.88367e-01    1.79434e+00    4.81953e-02    6.99676e+00    3.21514e+03
-BLNY -Nd_T    2.28996e-02    2.61971e-01   -1.95220e-01    1.69586e+00    3.20601e-01    1.46831e-06    3.61390e-03    8.54376e-01   -1.12515e+00    6.88367e-01    1.79434e+00    4.81953e-02    6.99676e+00    5.91205e+04
+BLNY +au_T    2.43336e-02    2.61971e-01   -1.95220e-01    1.69586e+00    3.20601e-01    1.46831e-06    3.61390e-03    8.54376e-01   -9.99999e-01    6.91077e-01    1.79434e+00    4.81953e-02    6.99676e+00    3.16746e+04
+BLNY -au_T    2.43336e-02    2.61971e-01   -1.95220e-01    1.69586e+00    3.20601e-01    1.46831e-06    3.61390e-03    8.54376e-01   -9.99999e-01    6.85657e-01    1.79434e+00    4.81953e-02    6.99676e+00    1.58321e+04
-BLNY +au_T    2.28996e-02    2.61971e-01   -1.95220e-01    1.69586e+00    3.20601e-01    1.46831e-06    3.61390e-03    8.54376e-01   -9.99999e-01    6.91077e-01    1.79434e+00    4.81953e-02    6.99676e+00    1.46649e+04
-BLNY -au_T    2.28996e-02    2.61971e-01   -1.95220e-01    1.69586e+00    3.20601e-01    1.46831e-06    3.61390e-03    8.54376e-01   -9.99999e-01    6.85657e-01    1.79434e+00    4.81953e-02    6.99676e+00    3.10580e+04
+BLNY +ad_T    2.43336e-02    2.61971e-01   -1.95220e-01    1.69586e+00    3.20601e-01    1.46831e-06    3.61390e-03    8.54376e-01   -9.99999e-01    6.88367e-01    1.83401e+00    4.81953e-02    6.99676e+00    2.70395e+04
+BLNY -ad_T    2.43336e-02    2.61971e-01   -1.95220e-01    1.69586e+00    3.20601e-01    1.46831e-06    3.61390e-03    8.54376e-01   -9.99999e-01    6.88367e-01    1.75467e+00    4.81953e-02    6.99676e+00    1.94984e+04
-BLNY +ad_T    2.28996e-02    2.61971e-01   -1.95220e-01    1.69586e+00    3.20601e-01    1.46831e-06    3.61390e-03    8.54376e-01   -9.99999e-01    6.88367e-01    1.83401e+00    4.81953e-02    6.99676e+00    1.77327e+04
-BLNY -ad_T    2.28996e-02    2.61971e-01   -1.95220e-01    1.69586e+00    3.20601e-01    1.46831e-06    3.61390e-03    8.54376e-01   -9.99999e-01    6.88367e-01    1.75467e+00    4.81953e-02    6.99676e+00    2.68053e+04
+BLNY +bu_T    2.43336e-02    2.61971e-01   -1.95220e-01    1.69586e+00    3.20601e-01    1.46831e-06    3.61390e-03    8.54376e-01   -9.99999e-01    6.88367e-01    1.79434e+00    5.06263e-02    6.99676e+00    1.52327e+04
+BLNY -bu_T    2.43336e-02    2.61971e-01   -1.95220e-01    1.69586e+00    3.20601e-01    1.46831e-06    3.61390e-03    8.54376e-01   -9.99999e-01    6.88367e-01    1.79434e+00    4.57643e-02    6.99676e+00    3.27220e+04
-BLNY +bu_T    2.28996e-02    2.61971e-01   -1.95220e-01    1.69586e+00    3.20601e-01    1.46831e-06    3.61390e-03    8.54376e-01   -9.99999e-01    6.88367e-01    1.79434e+00    5.06263e-02    6.99676e+00    3.18773e+04
-BLNY -bu_T    2.28996e-02    2.61971e-01   -1.95220e-01    1.69586e+00    3.20601e-01    1.46831e-06    3.61390e-03    8.54376e-01   -9.99999e-01    6.88367e-01    1.79434e+00    4.57643e-02    6.99676e+00    1.39967e+04
+BLNY +bd_T    2.43336e-02    2.61971e-01   -1.95220e-01    1.69586e+00    3.20601e-01    1.46831e-06    3.61390e-03    8.54376e-01   -9.99999e-01    6.88367e-01    1.79434e+00    4.81953e-02    7.16227e+00    2.02186e+04
+BLNY -bd_T    2.43336e-02    2.61971e-01   -1.95220e-01    1.69586e+00    3.20601e-01    1.46831e-06    3.61390e-03    8.54376e-01   -9.99999e-01    6.88367e-01    1.79434e+00    4.81953e-02    6.83125e+00    2.62476e+04
-BLNY +bd_T    2.28996e-02    2.61971e-01   -1.95220e-01    1.69586e+00    3.20601e-01    1.46831e-06    3.61390e-03    8.54376e-01   -9.99999e-01    6.88367e-01    1.79434e+00    4.81953e-02    7.16227e+00    2.56576e+04
-BLNY -bd_T    2.28996e-02    2.61971e-01   -1.95220e-01    1.69586e+00    3.20601e-01    1.46831e-06    3.61390e-03    8.54376e-01   -9.99999e-01    6.88367e-01    1.79434e+00    4.81953e-02    6.83125e+00    1.86283e+04
+Nu_c +Nu_c    2.36166e-02    2.86625e-01   -1.95220e-01    1.69586e+00    3.20601e-01    1.46831e-06    3.61390e-03    8.54376e-01   -9.99999e-01    6.88367e-01    1.79434e+00    4.81953e-02    6.99676e+00    1.97140e+05
+Nu_c -Nu_c    2.36166e-02    2.86625e-01   -1.95220e-01    1.69586e+00    3.20601e-01    1.46831e-06    3.61390e-03    8.54376e-01   -9.99999e-01    6.88367e-01    1.79434e+00    4.81953e-02    6.99676e+00    1.97140e+05
-Nu_c +Nu_c    2.36166e-02    2.37317e-01   -1.95220e-01    1.69586e+00    3.20601e-01    1.46831e-06    3.61390e-03    8.54376e-01   -9.99999e-01    6.88367e-01    1.79434e+00    4.81953e-02    6.99676e+00    1.98724e+05
-Nu_c -Nu_c    2.36166e-02    2.37317e-01   -1.95220e-01    1.69586e+00    3.20601e-01    1.46831e-06    3.61390e-03    8.54376e-01   -9.99999e-01    6.88367e-01    1.79434e+00    4.81953e-02    6.99676e+00    1.98724e+05
+Nu_c +Nd_c    2.36166e-02    2.86625e-01   -1.88061e-01    1.69586e+00    3.20601e-01    1.46831e-06    3.61390e-03    8.54376e-01   -9.99999e-01    6.88367e-01    1.79434e+00    4.81953e-02    6.99676e+00    1.74309e+05
+Nu_c -Nd_c    2.36166e-02    2.86625e-01   -2.02379e-01    1.69586e+00    3.20601e-01    1.46831e-06    3.61390e-03    8.54376e-01   -9.99999e-01    6.88367e-01    1.79434e+00    4.81953e-02    6.99676e+00    2.21378e+05
-Nu_c +Nd_c    2.36166e-02    2.37317e-01   -1.88061e-01    1.69586e+00    3.20601e-01    1.46831e-06    3.61390e-03    8.54376e-01   -9.99999e-01    6.88367e-01    1.79434e+00    4.81953e-02    6.99676e+00    2.23056e+05
-Nu_c -Nd_c    2.36166e-02    2.37317e-01   -2.02379e-01    1.69586e+00    3.20601e-01    1.46831e-06    3.61390e-03    8.54376e-01   -9.99999e-01    6.88367e-01    1.79434e+00    4.81953e-02    6.99676e+00    1.75803e+05
+Nu_c +au_c    2.36166e-02    2.86625e-01   -1.95220e-01    1.70345e+00    3.20601e-01    1.46831e-06    3.61390e-03    8.54376e-01   -9.99999e-01    6.88367e-01    1.79434e+00    4.81953e-02    6.99676e+00    1.78414e+05
+Nu_c -au_c    2.36166e-02    2.86625e-01   -1.95220e-01    1.68827e+00    3.20601e-01    1.46831e-06    3.61390e-03    8.54376e-01   -9.99999e-01    6.88367e-01    1.79434e+00    4.81953e-02    6.99676e+00    2.16889e+05
-Nu_c +au_c    2.36166e-02    2.37317e-01   -1.95220e-01    1.70345e+00    3.20601e-01    1.46831e-06    3.61390e-03    8.54376e-01   -9.99999e-01    6.88367e-01    1.79434e+00    4.81953e-02    6.99676e+00    2.15000e+05
-Nu_c -au_c    2.36166e-02    2.37317e-01   -1.95220e-01    1.68827e+00    3.20601e-01    1.46831e-06    3.61390e-03    8.54376e-01   -9.99999e-01    6.88367e-01    1.79434e+00    4.81953e-02    6.99676e+00    1.83025e+05
+Nu_c +ad_c    2.36166e-02    2.86625e-01   -1.95220e-01    1.69586e+00    3.60717e-01    1.46831e-06    3.61390e-03    8.54376e-01   -9.99999e-01    6.88367e-01    1.79434e+00    4.81953e-02    6.99676e+00    1.83422e+05
+Nu_c -ad_c    2.36166e-02    2.86625e-01   -1.95220e-01    1.69586e+00    2.80485e-01    1.46831e-06    3.61390e-03    8.54376e-01   -9.99999e-01    6.88367e-01    1.79434e+00    4.81953e-02    6.99676e+00    2.11666e+05
-Nu_c +ad_c    2.36166e-02    2.37317e-01   -1.95220e-01    1.69586e+00    3.60717e-01    1.46831e-06    3.61390e-03    8.54376e-01   -9.99999e-01    6.88367e-01    1.79434e+00    4.81953e-02    6.99676e+00    2.12982e+05
-Nu_c -ad_c    2.36166e-02    2.37317e-01   -1.95220e-01    1.69586e+00    2.80485e-01    1.46831e-06    3.61390e-03    8.54376e-01   -9.99999e-01    6.88367e-01    1.79434e+00    4.81953e-02    6.99676e+00    1.84663e+05
+Nu_c +bu_c    2.36166e-02    2.86625e-01   -1.95220e-01    1.69586e+00    3.20601e-01    1.34565e-01    3.61390e-03    8.54376e-01   -9.99999e-01    6.88367e-01    1.79434e+00    4.81953e-02    6.99676e+00    1.71017e+04
+Nu_c -bu_c    2.36166e-02    2.86625e-01   -1.95220e-01    1.69586e+00    3.20601e-01   -1.34563e-01    3.61390e-03    8.54376e-01   -9.99999e-01    6.88367e-01    1.79434e+00    4.81953e-02    6.99676e+00   -1.11110e+04
-Nu_c +bu_c    2.36166e-02    2.37317e-01   -1.95220e-01    1.69586e+00    3.20601e-01    1.34565e-01    3.61390e-03    8.54376e-01   -9.99999e-01    6.88367e-01    1.79434e+00    4.81953e-02    6.99676e+00    8.44025e+05
-Nu_c -bu_c    2.36166e-02    2.37317e-01   -1.95220e-01    1.69586e+00    3.20601e-01   -1.34563e-01    3.61390e-03    8.54376e-01   -9.99999e-01    6.88367e-01    1.79434e+00    4.81953e-02    6.99676e+00   -1.11110e+04
+Nu_c +bd_c    2.36166e-02    2.86625e-01   -1.95220e-01    1.69586e+00    3.20601e-01    1.46831e-06    2.02050e-01    8.54376e-01   -9.99999e-01    6.88367e-01    1.79434e+00    4.81953e-02    6.99676e+00    1.08779e+05
+Nu_c -bd_c    2.36166e-02    2.86625e-01   -1.95220e-01    1.69586e+00    3.20601e-01    1.46831e-06   -1.94823e-01    8.54376e-01   -9.99999e-01    6.88367e-01    1.79434e+00    4.81953e-02    6.99676e+00    5.03388e+03
-Nu_c +bd_c    2.36166e-02    2.37317e-01   -1.95220e-01    1.69586e+00    3.20601e-01    1.46831e-06    2.02050e-01    8.54376e-01   -9.99999e-01    6.88367e-01    1.79434e+00    4.81953e-02    6.99676e+00    3.13679e+05
-Nu_c -bd_c    2.36166e-02    2.37317e-01   -1.95220e-01    1.69586e+00    3.20601e-01    1.46831e-06   -1.94823e-01    8.54376e-01   -9.99999e-01    6.88367e-01    1.79434e+00    4.81953e-02    6.99676e+00    6.76545e+05
+Nu_c +Nu_T    2.36166e-02    2.86625e-01   -1.95220e-01    1.69586e+00    3.20601e-01    1.46831e-06    3.61390e-03    9.40928e-01   -9.99999e-01    6.88367e-01    1.79434e+00    4.81953e-02    6.99676e+00    9.34665e+05
+Nu_c -Nu_T    2.36166e-02    2.86625e-01   -1.95220e-01    1.69586e+00    3.20601e-01    1.46831e-06    3.61390e-03    7.67824e-01   -9.99999e-01    6.88367e-01    1.79434e+00    4.81953e-02    6.99676e+00    6.99254e+03
-Nu_c +Nu_T    2.36166e-02    2.37317e-01   -1.95220e-01    1.69586e+00    3.20601e-01    1.46831e-06    3.61390e-03    9.40928e-01   -9.99999e-01    6.88367e-01    1.79434e+00    4.81953e-02    6.99676e+00    7.58455e+02
-Nu_c -Nu_T    2.36166e-02    2.37317e-01   -1.95220e-01    1.69586e+00    3.20601e-01    1.46831e-06    3.61390e-03    7.67824e-01   -9.99999e-01    6.88367e-01    1.79434e+00    4.81953e-02    6.99676e+00    7.71945e+05
+Nu_c +Nd_T    2.36166e-02    2.86625e-01   -1.95220e-01    1.69586e+00    3.20601e-01    1.46831e-06    3.61390e-03    8.54376e-01   -8.74845e-01    6.88367e-01    1.79434e+00    4.81953e-02    6.99676e+00    1.25026e+05
+Nu_c -Nd_T    2.36166e-02    2.86625e-01   -1.95220e-01    1.69586e+00    3.20601e-01    1.46831e-06    3.61390e-03    8.54376e-01   -1.12515e+00    6.88367e-01    1.79434e+00    4.81953e-02    6.99676e+00    2.85659e+05
-Nu_c +Nd_T    2.36166e-02    2.37317e-01   -1.95220e-01    1.69586e+00    3.20601e-01    1.46831e-06    3.61390e-03    8.54376e-01   -8.74845e-01    6.88367e-01    1.79434e+00    4.81953e-02    6.99676e+00    2.87561e+05
-Nu_c -Nd_T    2.36166e-02    2.37317e-01   -1.95220e-01    1.69586e+00    3.20601e-01    1.46831e-06    3.61390e-03    8.54376e-01   -1.12515e+00    6.88367e-01    1.79434e+00    4.81953e-02    6.99676e+00    1.26303e+05
+Nu_c +au_T    2.36166e-02    2.86625e-01   -1.95220e-01    1.69586e+00    3.20601e-01    1.46831e-06    3.61390e-03    8.54376e-01   -9.99999e-01    6.91077e-01    1.79434e+00    4.81953e-02    6.99676e+00    1.71696e+05
+Nu_c -au_T    2.36166e-02    2.86625e-01   -1.95220e-01    1.69586e+00    3.20601e-01    1.46831e-06    3.61390e-03    8.54376e-01   -9.99999e-01    6.85657e-01    1.79434e+00    4.81953e-02    6.99676e+00    2.24508e+05
-Nu_c +au_T    2.36166e-02    2.37317e-01   -1.95220e-01    1.69586e+00    3.20601e-01    1.46831e-06    3.61390e-03    8.54376e-01   -9.99999e-01    6.91077e-01    1.79434e+00    4.81953e-02    6.99676e+00    2.21213e+05
-Nu_c -au_T    2.36166e-02    2.37317e-01   -1.95220e-01    1.69586e+00    3.20601e-01    1.46831e-06    3.61390e-03    8.54376e-01   -9.99999e-01    6.85657e-01    1.79434e+00    4.81953e-02    6.99676e+00    1.77326e+05
+Nu_c +ad_T    2.36166e-02    2.86625e-01   -1.95220e-01    1.69586e+00    3.20601e-01    1.46831e-06    3.61390e-03    8.54376e-01   -9.99999e-01    6.88367e-01    1.83401e+00    4.81953e-02    6.99676e+00    1.84794e+05
+Nu_c -ad_T    2.36166e-02    2.86625e-01   -1.95220e-01    1.69586e+00    3.20601e-01    1.46831e-06    3.61390e-03    8.54376e-01   -9.99999e-01    6.88367e-01    1.75467e+00    4.81953e-02    6.99676e+00    2.09692e+05
-Nu_c +ad_T    2.36166e-02    2.37317e-01   -1.95220e-01    1.69586e+00    3.20601e-01    1.46831e-06    3.61390e-03    8.54376e-01   -9.99999e-01    6.88367e-01    1.83401e+00    4.81953e-02    6.99676e+00    2.11520e+05
-Nu_c -ad_T    2.36166e-02    2.37317e-01   -1.95220e-01    1.69586e+00    3.20601e-01    1.46831e-06    3.61390e-03    8.54376e-01   -9.99999e-01    6.88367e-01    1.75467e+00    4.81953e-02    6.99676e+00    1.86514e+05
+Nu_c +bu_T    2.36166e-02    2.86625e-01   -1.95220e-01    1.69586e+00    3.20601e-01    1.46831e-06    3.61390e-03    8.54376e-01   -9.99999e-01    6.88367e-01    1.79434e+00    5.06263e-02    6.99676e+00    2.26994e+05
+Nu_c -bu_T    2.36166e-02    2.86625e-01   -1.95220e-01    1.69586e+00    3.20601e-01    1.46831e-06    3.61390e-03    8.54376e-01   -9.99999e-01    6.88367e-01    1.79434e+00    4.57643e-02    6.99676e+00    1.69080e+05
-Nu_c +bu_T    2.36166e-02    2.37317e-01   -1.95220e-01    1.69586e+00    3.20601e-01    1.46831e-06    3.61390e-03    8.54376e-01   -9.99999e-01    6.88367e-01    1.79434e+00    5.06263e-02    6.99676e+00    1.75507e+05
-Nu_c -bu_T    2.36166e-02    2.37317e-01   -1.95220e-01    1.69586e+00    3.20601e-01    1.46831e-06    3.61390e-03    8.54376e-01   -9.99999e-01    6.88367e-01    1.79434e+00    4.57643e-02    6.99676e+00    2.23689e+05
+Nu_c +bd_T    2.36166e-02    2.86625e-01   -1.95220e-01    1.69586e+00    3.20601e-01    1.46831e-06    3.61390e-03    8.54376e-01   -9.99999e-01    6.88367e-01    1.79434e+00    4.81953e-02    7.16227e+00    2.06872e+05
+Nu_c -bd_T    2.36166e-02    2.86625e-01   -1.95220e-01    1.69586e+00    3.20601e-01    1.46831e-06    3.61390e-03    8.54376e-01   -9.99999e-01    6.88367e-01    1.79434e+00    4.81953e-02    6.83125e+00    1.87308e+05
-Nu_c +bd_T    2.36166e-02    2.37317e-01   -1.95220e-01    1.69586e+00    3.20601e-01    1.46831e-06    3.61390e-03    8.54376e-01   -9.99999e-01    6.88367e-01    1.79434e+00    4.81953e-02    7.16227e+00    1.89190e+05
-Nu_c -bd_T    2.36166e-02    2.37317e-01   -1.95220e-01    1.69586e+00    3.20601e-01    1.46831e-06    3.61390e-03    8.54376e-01   -9.99999e-01    6.88367e-01    1.79434e+00    4.81953e-02    6.83125e+00    2.08846e+05
+Nd_c +Nd_c    2.36166e-02    2.61971e-01   -1.88061e-01    1.69586e+00    3.20601e-01    1.46831e-06    3.61390e-03    8.54376e-01   -9.99999e-01    6.88367e-01    1.79434e+00    4.81953e-02    6.99676e+00    1.36733e+03
+Nd_c -Nd_c    2.36166e-02    2.61971e-01   -1.88061e-01    1.69586e+00    3.20601e-01    1.46831e-06    3.61390e-03    8.54376e-01   -9.99999e-01    6.88367e-01    1.79434e+00    4.81953e-02    6.99676e+00    1.36733e+03
-Nd_c +Nd_c    2.36166e-02    2.61971e-01   -2.02379e-01    1.69586e+00    3.20601e-01    1.46831e-06    3.61390e-03    8.54376e-01   -9.99999e-01    6.88367e-01    1.79434e+00    4.81953e-02    6.99676e+00    1.27554e+03
-Nd_c -Nd_c    2.36166e-02    2.61971e-01   -2.02379e-01    1.69586e+00    3.20601e-01    1.46831e-06    3.61390e-03    8.54376e-01   -9.99999e-01    6.88367e-01    1.79434e+00    4.81953e-02    6.99676e+00    1.27554e+03
+Nd_c +au_c    2.36166e-02    2.61971e-01   -1.88061e-01    1.70345e+00    3.20601e-01    1.46831e-06    3.61390e-03    8.54376e-01   -9.99999e-01    6.88367e-01    1.79434e+00    4.81953e-02    6.99676e+00    2.84375e+03
+Nd_c -au_c    2.36166e-02    2.61971e-01   -1.88061e-01    1.68827e+00    3.20601e-01    1.46831e-06    3.61390e-03    8.54376e-01   -9.99999e-01    6.88367e-01    1.79434e+00    4.81953e-02    6.99676e+00    6.72595e+02
-Nd_c +au_c    2.36166e-02    2.61971e-01   -2.02379e-01    1.70345e+00    3.20601e-01    1.46831e-06    3.61390e-03    8.54376e-01   -9.99999e-01    6.88367e-01    1.79434e+00    4.81953e-02    6.99676e+00    6.51685e+02
-Nd_c -au_c    2.36166e-02    2.61971e-01   -2.02379e-01    1.68827e+00    3.20601e-01    1.46831e-06    3.61390e-03    8.54376e-01   -9.99999e-01    6.88367e-01    1.79434e+00    4.81953e-02    6.99676e+00    2.69017e+03
+Nd_c +ad_c    2.36166e-02    2.61971e-01   -1.88061e-01    1.69586e+00    3.60717e-01    1.46831e-06    3.61390e-03    8.54376e-01   -9.99999e-01    6.88367e-01    1.79434e+00    4.81953e-02    6.99676e+00    2.42769e+03
+Nd_c -ad_c    2.36166e-02    2.61971e-01   -1.88061e-01    1.69586e+00    2.80485e-01    1.46831e-06    3.61390e-03    8.54376e-01   -9.99999e-01    6.88367e-01    1.79434e+00    4.81953e-02    6.99676e+00    7.58981e+02
-Nd_c +ad_c    2.36166e-02    2.61971e-01   -2.02379e-01    1.69586e+00    3.60717e-01    1.46831e-06    3.61390e-03    8.54376e-01   -9.99999e-01    6.88367e-01    1.79434e+00    4.81953e-02    6.99676e+00    7.02726e+02
-Nd_c -ad_c    2.36166e-02    2.61971e-01   -2.02379e-01    1.69586e+00    2.80485e-01    1.46831e-06    3.61390e-03    8.54376e-01   -9.99999e-01    6.88367e-01    1.79434e+00    4.81953e-02    6.99676e+00    2.41219e+03
+Nd_c +bu_c    2.36166e-02    2.61971e-01   -1.88061e-01    1.69586e+00    3.20601e-01    1.34565e-01    3.61390e-03    8.54376e-01   -9.99999e-01    6.88367e-01    1.79434e+00    4.81953e-02    6.99676e+00    3.02997e+05
+Nd_c -bu_c    2.36166e-02    2.61971e-01   -1.88061e-01    1.69586e+00    3.20601e-01   -1.34563e-01    3.61390e-03    8.54376e-01   -9.99999e-01    6.88367e-01    1.79434e+00    4.81953e-02    6.99676e+00   -1.11110e+04
-Nd_c +bu_c    2.36166e-02    2.61971e-01   -2.02379e-01    1.69586e+00    3.20601e-01    1.34565e-01    3.61390e-03    8.54376e-01   -9.99999e-01    6.88367e-01    1.79434e+00    4.81953e-02    6.99676e+00    2.47436e+05
-Nd_c -bu_c    2.36166e-02    2.61971e-01   -2.02379e-01    1.69586e+00    3.20601e-01   -1.34563e-01    3.61390e-03    8.54376e-01   -9.99999e-01    6.88367e-01    1.79434e+00    4.81953e-02    6.99676e+00   -1.11110e+04
+Nd_c +bd_c    2.36166e-02    2.61971e-01   -1.88061e-01    1.69586e+00    3.20601e-01    1.46831e-06    2.02050e-01    8.54376e-01   -9.99999e-01    6.88367e-01    1.79434e+00    4.81953e-02    6.99676e+00    1.95674e+04
+Nd_c -bd_c    2.36166e-02    2.61971e-01   -1.88061e-01    1.69586e+00    3.20601e-01    1.46831e-06   -1.94823e-01    8.54376e-01   -9.99999e-01    6.88367e-01    1.79434e+00    4.81953e-02    6.99676e+00    1.53256e+05
-Nd_c +bd_c    2.36166e-02    2.61971e-01   -2.02379e-01    1.69586e+00    3.20601e-01    1.46831e-06    2.02050e-01    8.54376e-01   -9.99999e-01    6.88367e-01    1.79434e+00    4.81953e-02    6.99676e+00    9.26049e+03
-Nd_c -bd_c    2.36166e-02    2.61971e-01   -2.02379e-01    1.69586e+00    3.20601e-01    1.46831e-06   -1.94823e-01    8.54376e-01   -9.99999e-01    6.88367e-01    1.79434e+00    4.81953e-02    6.99676e+00    1.34027e+05
+Nd_c +Nu_T    2.36166e-02    2.61971e-01   -1.88061e-01    1.69586e+00    3.20601e-01    1.46831e-06    3.61390e-03    9.40928e-01   -9.99999e-01    6.88367e-01    1.79434e+00    4.81953e-02    6.99676e+00    2.03764e+05
+Nd_c -Nu_T    2.36166e-02    2.61971e-01   -1.88061e-01    1.69586e+00    3.20601e-01    1.46831e-06    3.61390e-03    7.67824e-01   -9.99999e-01    6.88367e-01    1.79434e+00    4.81953e-02    6.99676e+00    2.56242e+05
-Nd_c +Nu_T    2.36166e-02    2.61971e-01   -2.02379e-01    1.69586e+00    3.20601e-01    1.46831e-06    3.61390e-03    9.40928e-01   -9.99999e-01    6.88367e-01    1.79434e+00    4.81953e-02    6.99676e+00    2.54443e+05
-Nd_c -Nu_T    2.36166e-02    2.61971e-01   -2.02379e-01    1.69586e+00    3.20601e-01    1.46831e-06    3.61390e-03    7.67824e-01   -9.99999e-01    6.88367e-01    1.79434e+00    4.81953e-02    6.99676e+00    2.05384e+05
+Nd_c +Nd_T    2.36166e-02    2.61971e-01   -1.88061e-01    1.69586e+00    3.20601e-01    1.46831e-06    3.61390e-03    8.54376e-01   -8.74845e-01    6.88367e-01    1.79434e+00    4.81953e-02    6.99676e+00    1.37700e+04
+Nd_c -Nd_T    2.36166e-02    2.61971e-01   -1.88061e-01    1.69586e+00    3.20601e-01    1.46831e-06    3.61390e-03    8.54376e-01   -1.12515e+00    6.88367e-01    1.79434e+00    4.81953e-02    6.99676e+00    4.19973e+03
-Nd_c +Nd_T    2.36166e-02    2.61971e-01   -2.02379e-01    1.69586e+00    3.20601e-01    1.46831e-06    3.61390e-03    8.54376e-01   -8.74845e-01    6.88367e-01    1.79434e+00    4.81953e-02    6.99676e+00    5.27228e+03
-Nd_c -Nd_T    2.36166e-02    2.61971e-01   -2.02379e-01    1.69586e+00    3.20601e-01    1.46831e-06    3.61390e-03    8.54376e-01   -1.12515e+00    6.88367e-01    1.79434e+00    4.81953e-02    6.99676e+00    1.49203e+04
+Nd_c +au_T    2.36166e-02    2.61971e-01   -1.88061e-01    1.69586e+00    3.20601e-01    1.46831e-06    3.61390e-03    8.54376e-01   -9.99999e-01    6.91077e-01    1.79434e+00    4.81953e-02    6.99676e+00    3.59284e+03
+Nd_c -au_T    2.36166e-02    2.61971e-01   -1.88061e-01    1.69586e+00    3.20601e-01    1.46831e-06    3.61390e-03    8.54376e-01   -9.99999e-01    6.85657e-01    1.79434e+00    4.81953e-02    6.99676e+00    6.14887e+02
-Nd_c +au_T    2.36166e-02    2.61971e-01   -2.02379e-01    1.69586e+00    3.20601e-01    1.46831e-06    3.61390e-03    8.54376e-01   -9.99999e-01    6.91077e-01    1.79434e+00    4.81953e-02    6.99676e+00    6.19628e+02
-Nd_c -au_T    2.36166e-02    2.61971e-01   -2.02379e-01    1.69586e+00    3.20601e-01    1.46831e-06    3.61390e-03    8.54376e-01   -9.99999e-01    6.85657e-01    1.79434e+00    4.81953e-02    6.99676e+00    3.42088e+03
+Nd_c +ad_T    2.36166e-02    2.61971e-01   -1.88061e-01    1.69586e+00    3.20601e-01    1.46831e-06    3.61390e-03    8.54376e-01   -9.99999e-01    6.88367e-01    1.83401e+00    4.81953e-02    6.99676e+00    2.30107e+03
+Nd_c -ad_T    2.36166e-02    2.61971e-01   -1.88061e-01    1.69586e+00    3.20601e-01    1.46831e-06    3.61390e-03    8.54376e-01   -9.99999e-01    6.88367e-01    1.75467e+00    4.81953e-02    6.99676e+00    8.11840e+02
-Nd_c +ad_T    2.36166e-02    2.61971e-01   -2.02379e-01    1.69586e+00    3.20601e-01    1.46831e-06    3.61390e-03    8.54376e-01   -9.99999e-01    6.88367e-01    1.83401e+00    4.81953e-02    6.99676e+00    7.37367e+02
-Nd_c -ad_T    2.36166e-02    2.61971e-01   -2.02379e-01    1.69586e+00    3.20601e-01    1.46831e-06    3.61390e-03    8.54376e-01   -9.99999e-01    6.88367e-01    1.75467e+00    4.81953e-02    6.99676e+00    2.22765e+03
+Nd_c +bu_T    2.36166e-02    2.61971e-01   -1.88061e-01    1.69586e+00    3.20601e-01    1.46831e-06    3.61390e-03    8.54376e-01   -9.99999e-01    6.88367e-01    1.79434e+00    5.06263e-02    6.99676e+00    6.19842e+02
+Nd_c -bu_T    2.36166e-02    2.61971e-01   -1.88061e-01    1.69586e+00    3.20601e-01    1.46831e-06    3.61390e-03    8.54376e-01   -9.99999e-01    6.88367e-01    1.79434e+00    4.57643e-02    6.99676e+00    3.91789e+03
-Nd_c +bu_T    2.36166e-02    2.61971e-01   -2.02379e-01    1.69586e+00    3.20601e-01    1.46831e-06    3.61390e-03    8.54376e-01   -9.99999e-01    6.88367e-01    1.79434e+00    5.06263e-02    6.99676e+00    3.67958e+03
-Nd_c -bu_T    2.36166e-02    2.61971e-01   -2.02379e-01    1.69586e+00    3.20601e-01    1.46831e-06    3.61390e-03    8.54376e-01   -9.99999e-01    6.88367e-01    1.79434e+00    4.57643e-02    6.99676e+00    6.37016e+02
+Nd_c +bd_T    2.36166e-02    2.61971e-01   -1.88061e-01    1.69586e+00    3.20601e-01    1.46831e-06    3.61390e-03    8.54376e-01   -9.99999e-01    6.88367e-01    1.79434e+00    4.81953e-02    7.16227e+00    9.04376e+02
+Nd_c -bd_T    2.36166e-02    2.61971e-01   -1.88061e-01    1.69586e+00    3.20601e-01    1.46831e-06    3.61390e-03    8.54376e-01   -9.99999e-01    6.88367e-01    1.79434e+00    4.81953e-02    6.83125e+00    2.07806e+03
-Nd_c +bd_T    2.36166e-02    2.61971e-01   -2.02379e-01    1.69586e+00    3.20601e-01    1.46831e-06    3.61390e-03    8.54376e-01   -9.99999e-01    6.88367e-01    1.79434e+00    4.81953e-02    7.16227e+00    1.98003e+03
-Nd_c -bd_T    2.36166e-02    2.61971e-01   -2.02379e-01    1.69586e+00    3.20601e-01    1.46831e-06    3.61390e-03    8.54376e-01   -9.99999e-01    6.88367e-01    1.79434e+00    4.81953e-02    6.83125e+00    8.13146e+02
+au_c +au_c    2.36166e-02    2.61971e-01   -1.95220e-01    1.70345e+00    3.20601e-01    1.46831e-06    3.61390e-03    8.54376e-01   -9.99999e-01    6.88367e-01    1.79434e+00    4.81953e-02    6.99676e+00    1.04303e+03
+au_c -au_c    2.36166e-02    2.61971e-01   -1.95220e-01    1.70345e+00    3.20601e-01    1.46831e-06    3.61390e-03    8.54376e-01   -9.99999e-01    6.88367e-01    1.79434e+00    4.81953e-02    6.99676e+00    1.04303e+03
-au_c +au_c    2.36166e-02    2.61971e-01   -1.95220e-01    1.68827e+00    3.20601e-01    1.46831e-06    3.61390e-03    8.54376e-01   -9.99999e-01    6.88367e-01    1.79434e+00    4.81953e-02    6.99676e+00    9.76726e+02
-au_c -au_c    2.36166e-02    2.61971e-01   -1.95220e-01    1.68827e+00    3.20601e-01    1.46831e-06    3.61390e-03    8.54376e-01   -9.99999e-01    6.88367e-01    1.79434e+00    4.81953e-02    6.99676e+00    9.76726e+02
+au_c +ad_c    2.36166e-02    2.61971e-01   -1.95220e-01    1.70345e+00    3.60717e-01    1.46831e-06    3.61390e-03    8.54376e-01   -9.99999e-01    6.88367e-01    1.79434e+00    4.81953e-02    6.99676e+00    1.93982e+03
+au_c -ad_c    2.36166e-02    2.61971e-01   -1.95220e-01    1.70345e+00    2.80485e-01    1.46831e-06    3.61390e-03    8.54376e-01   -9.99999e-01    6.88367e-01    1.79434e+00    4.81953e-02    6.99676e+00    6.38782e+02
-au_c +ad_c    2.36166e-02    2.61971e-01   -1.95220e-01    1.68827e+00    3.60717e-01    1.46831e-06    3.61390e-03    8.54376e-01   -9.99999e-01    6.88367e-01    1.79434e+00    4.81953e-02    6.99676e+00    6.25414e+02
-au_c -ad_c    2.36166e-02    2.61971e-01   -1.95220e-01    1.68827e+00    2.80485e-01    1.46831e-06    3.61390e-03    8.54376e-01   -9.99999e-01    6.88367e-01    1.79434e+00    4.81953e-02    6.99676e+00    1.84859e+03
+au_c +bu_c    2.36166e-02    2.61971e-01   -1.95220e-01    1.70345e+00    3.20601e-01    1.34565e-01    3.61390e-03    8.54376e-01   -9.99999e-01    6.88367e-01    1.79434e+00    4.81953e-02    6.99676e+00    2.93302e+05
+au_c -bu_c    2.36166e-02    2.61971e-01   -1.95220e-01    1.70345e+00    3.20601e-01   -1.34563e-01    3.61390e-03    8.54376e-01   -9.99999e-01    6.88367e-01    1.79434e+00    4.81953e-02    6.99676e+00   -1.11110e+04
-au_c +bu_c    2.36166e-02    2.61971e-01   -1.95220e-01    1.68827e+00    3.20601e-01    1.34565e-01    3.61390e-03    8.54376e-01   -9.99999e-01    6.88367e-01    1.79434e+00    4.81953e-02    6.99676e+00    2.56268e+05
-au_c -bu_c    2.36166e-02    2.61971e-01   -1.95220e-01    1.68827e+00    3.20601e-01   -1.34563e-01    3.61390e-03    8.54376e-01   -9.99999e-01    6.88367e-01    1.79434e+00    4.81953e-02    6.99676e+00   -1.11110e+04
+au_c +bd_c    2.36166e-02    2.61971e-01   -1.95220e-01    1.70345e+00    3.20601e-01    1.46831e-06    2.02050e-01    8.54376e-01   -9.99999e-01    6.88367e-01    1.79434e+00    4.81953e-02    6.99676e+00    1.88679e+04
+au_c -bd_c    2.36166e-02    2.61971e-01   -1.95220e-01    1.70345e+00    3.20601e-01    1.46831e-06   -1.94823e-01    8.54376e-01   -9.99999e-01    6.88367e-01    1.79434e+00    4.81953e-02    6.99676e+00    1.58824e+05
-au_c +bd_c    2.36166e-02    2.61971e-01   -1.95220e-01    1.68827e+00    3.20601e-01    1.46831e-06    2.02050e-01    8.54376e-01   -9.99999e-01    6.88367e-01    1.79434e+00    4.81953e-02    6.99676e+00    9.72754e+03
-au_c -bd_c    2.36166e-02    2.61971e-01   -1.95220e-01    1.68827e+00    3.20601e-01    1.46831e-06   -1.94823e-01    8.54376e-01   -9.99999e-01    6.88367e-01    1.79434e+00    4.81953e-02    6.99676e+00    1.28857e+05
+au_c +Nu_T    2.36166e-02    2.61971e-01   -1.95220e-01    1.70345e+00    3.20601e-01    1.46831e-06    3.61390e-03    9.40928e-01   -9.99999e-01    6.88367e-01    1.79434e+00    4.81953e-02    6.99676e+00    2.08076e+05
+au_c -Nu_T    2.36166e-02    2.61971e-01   -1.95220e-01    1.70345e+00    3.20601e-01    1.46831e-06    3.61390e-03    7.67824e-01   -9.99999e-01    6.88367e-01    1.79434e+00    4.81953e-02    6.99676e+00    2.47459e+05
-au_c +Nu_T    2.36166e-02    2.61971e-01   -1.95220e-01    1.68827e+00    3.20601e-01    1.46831e-06    3.61390e-03    9.40928e-01   -9.99999e-01    6.88367e-01    1.79434e+00    4.81953e-02    6.99676e+00    2.49770e+05
-au_c -Nu_T    2.36166e-02    2.61971e-01   -1.95220e-01    1.68827e+00    3.20601e-01    1.46831e-06    3.61390e-03    7.67824e-01   -9.99999e-01    6.88367e-01    1.79434e+00    4.81953e-02    6.99676e+00    2.13318e+05
+au_c +Nd_T    2.36166e-02    2.61971e-01   -1.95220e-01    1.70345e+00    3.20601e-01    1.46831e-06    3.61390e-03    8.54376e-01   -8.74845e-01    6.88367e-01    1.79434e+00    4.81953e-02    6.99676e+00    1.29929e+04
+au_c -Nd_T    2.36166e-02    2.61971e-01   -1.95220e-01    1.70345e+00    3.20601e-01    1.46831e-06    3.61390e-03    8.54376e-01   -1.12515e+00    6.88367e-01    1.79434e+00    4.81953e-02    6.99676e+00    5.50999e+03
-au_c +Nd_T    2.36166e-02    2.61971e-01   -1.95220e-01    1.68827e+00    3.20601e-01    1.46831e-06    3.61390e-03    8.54376e-01   -8.74845e-01    6.88367e-01    1.79434e+00    4.81953e-02    6.99676e+00    5.74140e+03
-au_c -Nd_T    2.36166e-02    2.61971e-01   -1.95220e-01    1.68827e+00    3.20601e-01    1.46831e-06    3.61390e-03    8.54376e-01   -1.12515e+00    6.88367e-01    1.79434e+00    4.81953e-02    6.99676e+00    1.26275e+04
+au_c +au_T    2.36166e-02    2.61971e-01   -1.95220e-01    1.70345e+00    3.20601e-01    1.46831e-06    3.61390e-03    8.54376e-01   -9.99999e-01    6.91077e-01    1.79434e+00    4.81953e-02    6.99676e+00    2.89211e+03
+au_c -au_T    2.36166e-02    2.61971e-01   -1.95220e-01    1.70345e+00    3.20601e-01    1.46831e-06    3.61390e-03    8.54376e-01   -9.99999e-01    6.85657e-01    1.79434e+00    4.81953e-02    6.99676e+00    6.58377e+02
-au_c +au_T    2.36166e-02    2.61971e-01   -1.95220e-01    1.68827e+00    3.20601e-01    1.46831e-06    3.61390e-03    8.54376e-01   -9.99999e-01    6.91077e-01    1.79434e+00    4.81953e-02    6.99676e+00    6.85037e+02
-au_c -au_T    2.36166e-02    2.61971e-01   -1.95220e-01    1.68827e+00    3.20601e-01    1.46831e-06    3.61390e-03    8.54376e-01   -9.99999e-01    6.85657e-01    1.79434e+00    4.81953e-02    6.99676e+00    2.76778e+03
+au_c +ad_T    2.36166e-02    2.61971e-01   -1.95220e-01    1.70345e+00    3.20601e-01    1.46831e-06    3.61390e-03    8.54376e-01   -9.99999e-01    6.88367e-01    1.83401e+00    4.81953e-02    6.99676e+00    1.82772e+03
+au_c -ad_T    2.36166e-02    2.61971e-01   -1.95220e-01    1.70345e+00    3.20601e-01    1.46831e-06    3.61390e-03    8.54376e-01   -9.99999e-01    6.88367e-01    1.75467e+00    4.81953e-02    6.99676e+00    6.62586e+02
-au_c +ad_T    2.36166e-02    2.61971e-01   -1.95220e-01    1.68827e+00    3.20601e-01    1.46831e-06    3.61390e-03    8.54376e-01   -9.99999e-01    6.88367e-01    1.83401e+00    4.81953e-02    6.99676e+00    6.39796e+02
-au_c -ad_T    2.36166e-02    2.61971e-01   -1.95220e-01    1.68827e+00    3.20601e-01    1.46831e-06    3.61390e-03    8.54376e-01   -9.99999e-01    6.88367e-01    1.75467e+00    4.81953e-02    6.99676e+00    1.70108e+03
+au_c +bu_T    2.36166e-02    2.61971e-01   -1.95220e-01    1.70345e+00    3.20601e-01    1.46831e-06    3.61390e-03    8.54376e-01   -9.99999e-01    6.88367e-01    1.79434e+00    5.06263e-02    6.99676e+00    6.94585e+02
+au_c -bu_T    2.36166e-02    2.61971e-01   -1.95220e-01    1.70345e+00    3.20601e-01    1.46831e-06    3.61390e-03    8.54376e-01   -9.99999e-01    6.88367e-01    1.79434e+00    4.57643e-02    6.99676e+00    3.17658e+03
-au_c +bu_T    2.36166e-02    2.61971e-01   -1.95220e-01    1.68827e+00    3.20601e-01    1.46831e-06    3.61390e-03    8.54376e-01   -9.99999e-01    6.88367e-01    1.79434e+00    5.06263e-02    6.99676e+00    2.99692e+03
-au_c -bu_T    2.36166e-02    2.61971e-01   -1.95220e-01    1.68827e+00    3.20601e-01    1.46831e-06    3.61390e-03    8.54376e-01   -9.99999e-01    6.88367e-01    1.79434e+00    4.57643e-02    6.99676e+00    7.41866e+02
+au_c +bd_T    2.36166e-02    2.61971e-01   -1.95220e-01    1.70345e+00    3.20601e-01    1.46831e-06    3.61390e-03    8.54376e-01   -9.99999e-01    6.88367e-01    1.79434e+00    4.81953e-02    7.16227e+00    7.13405e+02
+au_c -bd_T    2.36166e-02    2.61971e-01   -1.95220e-01    1.70345e+00    3.20601e-01    1.46831e-06    3.61390e-03    8.54376e-01   -9.99999e-01    6.88367e-01    1.79434e+00    4.81953e-02    6.83125e+00    1.63304e+03
-au_c +bd_T    2.36166e-02    2.61971e-01   -1.95220e-01    1.68827e+00    3.20601e-01    1.46831e-06    3.61390e-03    8.54376e-01   -9.99999e-01    6.88367e-01    1.79434e+00    4.81953e-02    7.16227e+00    1.50662e+03
-au_c -bd_T    2.36166e-02    2.61971e-01   -1.95220e-01    1.68827e+00    3.20601e-01    1.46831e-06    3.61390e-03    8.54376e-01   -9.99999e-01    6.88367e-01    1.79434e+00    4.81953e-02    6.83125e+00    6.76508e+02
+ad_c +ad_c    2.36166e-02    2.61971e-01   -1.95220e-01    1.69586e+00    3.60717e-01    1.46831e-06    3.61390e-03    8.54376e-01   -9.99999e-01    6.88367e-01    1.79434e+00    4.81953e-02    6.99676e+00    8.90848e+02
+ad_c -ad_c    2.36166e-02    2.61971e-01   -1.95220e-01    1.69586e+00    3.60717e-01    1.46831e-06    3.61390e-03    8.54376e-01   -9.99999e-01    6.88367e-01    1.79434e+00    4.81953e-02    6.99676e+00    8.90848e+02
-ad_c +ad_c    2.36166e-02    2.61971e-01   -1.95220e-01    1.69586e+00    2.80485e-01    1.46831e-06    3.61390e-03    8.54376e-01   -9.99999e-01    6.88367e-01    1.79434e+00    4.81953e-02    6.99676e+00    8.49115e+02
-ad_c -ad_c    2.36166e-02    2.61971e-01   -1.95220e-01    1.69586e+00    2.80485e-01    1.46831e-06    3.61390e-03    8.54376e-01   -9.99999e-01    6.88367e-01    1.79434e+00    4.81953e-02    6.99676e+00    8.49115e+02
+ad_c +bu_c    2.36166e-02    2.61971e-01   -1.95220e-01    1.69586e+00    3.60717e-01    1.34565e-01    3.61390e-03    8.54376e-01   -9.99999e-01    6.88367e-01    1.79434e+00    4.81953e-02    6.99676e+00    2.91230e+05
+ad_c -bu_c    2.36166e-02    2.61971e-01   -1.95220e-01    1.69586e+00    3.60717e-01   -1.34563e-01    3.61390e-03    8.54376e-01   -9.99999e-01    6.88367e-01    1.79434e+00    4.81953e-02    6.99676e+00   -1.11110e+04
-ad_c +bu_c    2.36166e-02    2.61971e-01   -1.95220e-01    1.69586e+00    2.80485e-01    1.34565e-01    3.61390e-03    8.54376e-01   -9.99999e-01    6.88367e-01    1.79434e+00    4.81953e-02    6.99676e+00    2.57933e+05
-ad_c -bu_c    2.36166e-02    2.61971e-01   -1.95220e-01    1.69586e+00    2.80485e-01   -1.34563e-01    3.61390e-03    8.54376e-01   -9.99999e-01    6.88367e-01    1.79434e+00    4.81953e-02    6.99676e+00   -1.11110e+04
+ad_c +bd_c    2.36166e-02    2.61971e-01   -1.95220e-01    1.69586e+00    3.60717e-01    1.46831e-06    2.02050e-01    8.54376e-01   -9.99999e-01    6.88367e-01    1.79434e+00    4.81953e-02    6.99676e+00    1.71497e+04
+ad_c -bd_c    2.36166e-02    2.61971e-01   -1.95220e-01    1.69586e+00    3.60717e-01    1.46831e-06   -1.94823e-01    8.54376e-01   -9.99999e-01    6.88367e-01    1.79434e+00    4.81953e-02    6.99676e+00    1.49266e+05
-ad_c +bd_c    2.36166e-02    2.61971e-01   -1.95220e-01    1.69586e+00    2.80485e-01    1.46831e-06    2.02050e-01    8.54376e-01   -9.99999e-01    6.88367e-01    1.79434e+00    4.81953e-02    6.99676e+00    1.09714e+04
-ad_c -bd_c    2.36166e-02    2.61971e-01   -1.95220e-01    1.69586e+00    2.80485e-01    1.46831e-06   -1.94823e-01    8.54376e-01   -9.99999e-01    6.88367e-01    1.79434e+00    4.81953e-02    6.99676e+00    1.37684e+05
+ad_c +Nu_T    2.36166e-02    2.61971e-01   -1.95220e-01    1.69586e+00    3.60717e-01    1.46831e-06    3.61390e-03    9.40928e-01   -9.99999e-01    6.88367e-01    1.79434e+00    4.81953e-02    6.99676e+00    2.13620e+05
+ad_c -Nu_T    2.36166e-02    2.61971e-01   -1.95220e-01    1.69586e+00    3.60717e-01    1.46831e-06    3.61390e-03    7.67824e-01   -9.99999e-01    6.88367e-01    1.79434e+00    4.81953e-02    6.99676e+00    2.45434e+05
-ad_c +Nu_T    2.36166e-02    2.61971e-01   -1.95220e-01    1.69586e+00    2.80485e-01    1.46831e-06    3.61390e-03    9.40928e-01   -9.99999e-01    6.88367e-01    1.79434e+00    4.81953e-02    6.99676e+00    2.44021e+05
-ad_c -Nu_T    2.36166e-02    2.61971e-01   -1.95220e-01    1.69586e+00    2.80485e-01    1.46831e-06    3.61390e-03    7.67824e-01   -9.99999e-01    6.88367e-01    1.79434e+00    4.81953e-02    6.99676e+00    2.14953e+05
+ad_c +Nd_T    2.36166e-02    2.61971e-01   -1.95220e-01    1.69586e+00    3.60717e-01    1.46831e-06    3.61390e-03    8.54376e-01   -8.74845e-01    6.88367e-01    1.79434e+00    4.81953e-02    6.99676e+00    1.16904e+04
+ad_c -Nd_T    2.36166e-02    2.61971e-01   -1.95220e-01    1.69586e+00    3.60717e-01    1.46831e-06    3.61390e-03    8.54376e-01   -1.12515e+00    6.88367e-01    1.79434e+00    4.81953e-02    6.99676e+00    5.80140e+03
-ad_c +Nd_T    2.36166e-02    2.61971e-01   -1.95220e-01    1.69586e+00    2.80485e-01    1.46831e-06    3.61390e-03    8.54376e-01   -8.74845e-01    6.88367e-01    1.79434e+00    4.81953e-02    6.99676e+00    6.60477e+03
-ad_c -Nd_T    2.36166e-02    2.61971e-01   -1.95220e-01    1.69586e+00    2.80485e-01    1.46831e-06    3.61390e-03    8.54376e-01   -1.12515e+00    6.88367e-01    1.79434e+00    4.81953e-02    6.99676e+00    1.22469e+04
+ad_c +au_T    2.36166e-02    2.61971e-01   -1.95220e-01    1.69586e+00    3.60717e-01    1.46831e-06    3.61390e-03    8.54376e-01   -9.99999e-01    6.91077e-01    1.79434e+00    4.81953e-02    6.99676e+00    2.52981e+03
+ad_c -au_T    2.36166e-02    2.61971e-01   -1.95220e-01    1.69586e+00    3.60717e-01    1.46831e-06    3.61390e-03    8.54376e-01   -9.99999e-01    6.85657e-01    1.79434e+00    4.81953e-02    6.99676e+00    7.28312e+02
-ad_c +au_T    2.36166e-02    2.61971e-01   -1.95220e-01    1.69586e+00    2.80485e-01    1.46831e-06    3.61390e-03    8.54376e-01   -9.99999e-01    6.91077e-01    1.79434e+00    4.81953e-02    6.99676e+00    7.60639e+02
-ad_c -au_T    2.36166e-02    2.61971e-01   -1.95220e-01    1.69586e+00    2.80485e-01    1.46831e-06    3.61390e-03    8.54376e-01   -9.99999e-01    6.85657e-01    1.79434e+00    4.81953e-02    6.99676e+00    2.42393e+03
+ad_c +ad_T    2.36166e-02    2.61971e-01   -1.95220e-01    1.69586e+00    3.60717e-01    1.46831e-06    3.61390e-03    8.54376e-01   -9.99999e-01    6.88367e-01    1.83401e+00    4.81953e-02    6.99676e+00    1.54631e+03
+ad_c -ad_T    2.36166e-02    2.61971e-01   -1.95220e-01    1.69586e+00    3.60717e-01    1.46831e-06    3.61390e-03    8.54376e-01   -9.99999e-01    6.88367e-01    1.75467e+00    4.81953e-02    6.99676e+00    6.23997e+02
-ad_c +ad_T    2.36166e-02    2.61971e-01   -1.95220e-01    1.69586e+00    2.80485e-01    1.46831e-06    3.61390e-03    8.54376e-01   -9.99999e-01    6.88367e-01    1.83401e+00    4.81953e-02    6.99676e+00    6.18128e+02
-ad_c -ad_T    2.36166e-02    2.61971e-01   -1.95220e-01    1.69586e+00    2.80485e-01    1.46831e-06    3.61390e-03    8.54376e-01   -9.99999e-01    6.88367e-01    1.75467e+00    4.81953e-02    6.99676e+00    1.48316e+03
+ad_c +bu_T    2.36166e-02    2.61971e-01   -1.95220e-01    1.69586e+00    3.60717e-01    1.46831e-06    3.61390e-03    8.54376e-01   -9.99999e-01    6.88367e-01    1.79434e+00    5.06263e-02    6.99676e+00    7.84900e+02
+ad_c -bu_T    2.36166e-02    2.61971e-01   -1.95220e-01    1.69586e+00    3.60717e-01    1.46831e-06    3.61390e-03    8.54376e-01   -9.99999e-01    6.88367e-01    1.79434e+00    4.57643e-02    6.99676e+00    2.79225e+03
-ad_c +bu_T    2.36166e-02    2.61971e-01   -1.95220e-01    1.69586e+00    2.80485e-01    1.46831e-06    3.61390e-03    8.54376e-01   -9.99999e-01    6.88367e-01    1.79434e+00    5.06263e-02    6.99676e+00    2.63269e+03
-ad_c -bu_T    2.36166e-02    2.61971e-01   -1.95220e-01    1.69586e+00    2.80485e-01    1.46831e-06    3.61390e-03    8.54376e-01   -9.99999e-01    6.88367e-01    1.79434e+00    4.57643e-02    6.99676e+00    8.38592e+02
+ad_c +bd_T    2.36166e-02    2.61971e-01   -1.95220e-01    1.69586e+00    3.60717e-01    1.46831e-06    3.61390e-03    8.54376e-01   -9.99999e-01    6.88367e-01    1.79434e+00    4.81953e-02    7.16227e+00    6.50856e+02
+ad_c -bd_T    2.36166e-02    2.61971e-01   -1.95220e-01    1.69586e+00    3.60717e-01    1.46831e-06    3.61390e-03    8.54376e-01   -9.99999e-01    6.88367e-01    1.79434e+00    4.81953e-02    6.83125e+00    1.37869e+03
-ad_c +bd_T    2.36166e-02    2.61971e-01   -1.95220e-01    1.69586e+00    2.80485e-01    1.46831e-06    3.61390e-03    8.54376e-01   -9.99999e-01    6.88367e-01    1.79434e+00    4.81953e-02    7.16227e+00    1.30839e+03
-ad_c -bd_T    2.36166e-02    2.61971e-01   -1.95220e-01    1.69586e+00    2.80485e-01    1.46831e-06    3.61390e-03    8.54376e-01   -9.99999e-01    6.88367e-01    1.79434e+00    4.81953e-02    6.83125e+00    6.31701e+02
+bu_c +bu_c    2.36166e-02    2.61971e-01   -1.95220e-01    1.69586e+00    3.20601e-01    1.34565e-01    3.61390e-03    8.54376e-01   -9.99999e-01    6.88367e-01    1.79434e+00    4.81953e-02    6.99676e+00    2.74513e+05
+bu_c -bu_c    2.36166e-02    2.61971e-01   -1.95220e-01    1.69586e+00    3.20601e-01    1.34565e-01    3.61390e-03    8.54376e-01   -9.99999e-01    6.88367e-01    1.79434e+00    4.81953e-02    6.99676e+00    2.74513e+05
-bu_c +bu_c    2.36166e-02    2.61971e-01   -1.95220e-01    1.69586e+00    3.20601e-01   -1.34563e-01    3.61390e-03    8.54376e-01   -9.99999e-01    6.88367e-01    1.79434e+00    4.81953e-02    6.99676e+00   -1.11110e+04
-bu_c -bu_c    2.36166e-02    2.61971e-01   -1.95220e-01    1.69586e+00    3.20601e-01   -1.34563e-01    3.61390e-03    8.54376e-01   -9.99999e-01    6.88367e-01    1.79434e+00    4.81953e-02    6.99676e+00   -1.11110e+04
+bu_c +bd_c    2.36166e-02    2.61971e-01   -1.95220e-01    1.69586e+00    3.20601e-01    1.34565e-01    2.02050e-01    8.54376e-01   -9.99999e-01    6.88367e-01    1.79434e+00    4.81953e-02    6.99676e+00    4.07378e+05
+bu_c -bd_c    2.36166e-02    2.61971e-01   -1.95220e-01    1.69586e+00    3.20601e-01    1.34565e-01   -1.94823e-01    8.54376e-01   -9.99999e-01    6.88367e-01    1.79434e+00    4.81953e-02    6.99676e+00   -1.11110e+04
-bu_c +bd_c    2.36166e-02    2.61971e-01   -1.95220e-01    1.69586e+00    3.20601e-01   -1.34563e-01    2.02050e-01    8.54376e-01   -9.99999e-01    6.88367e-01    1.79434e+00    4.81953e-02    6.99676e+00   -1.11110e+04
-bu_c -bd_c    2.36166e-02    2.61971e-01   -1.95220e-01    1.69586e+00    3.20601e-01   -1.34563e-01   -1.94823e-01    8.54376e-01   -9.99999e-01    6.88367e-01    1.79434e+00    4.81953e-02    6.99676e+00   -1.11110e+04
+bu_c +Nu_T    2.36166e-02    2.61971e-01   -1.95220e-01    1.69586e+00    3.20601e-01    1.34565e-01    3.61390e-03    9.40928e-01   -9.99999e-01    6.88367e-01    1.79434e+00    4.81953e-02    6.99676e+00    1.02649e+04
+bu_c -Nu_T    2.36166e-02    2.61971e-01   -1.95220e-01    1.69586e+00    3.20601e-01    1.34565e-01    3.61390e-03    7.67824e-01   -9.99999e-01    6.88367e-01    1.79434e+00    4.81953e-02    6.99676e+00    9.00406e+05
-bu_c +Nu_T    2.36166e-02    2.61971e-01   -1.95220e-01    1.69586e+00    3.20601e-01   -1.34563e-01    3.61390e-03    9.40928e-01   -9.99999e-01    6.88367e-01    1.79434e+00    4.81953e-02    6.99676e+00   -1.11110e+04
-bu_c -Nu_T    2.36166e-02    2.61971e-01   -1.95220e-01    1.69586e+00    3.20601e-01   -1.34563e-01    3.61390e-03    7.67824e-01   -9.99999e-01    6.88367e-01    1.79434e+00    4.81953e-02    6.99676e+00   -1.11110e+04
+bu_c +Nd_T    2.36166e-02    2.61971e-01   -1.95220e-01    1.69586e+00    3.20601e-01    1.34565e-01    3.61390e-03    8.54376e-01   -8.74845e-01    6.88367e-01    1.79434e+00    4.81953e-02    6.99676e+00    3.77528e+05
+bu_c -Nd_T    2.36166e-02    2.61971e-01   -1.95220e-01    1.69586e+00    3.20601e-01    1.34565e-01    3.61390e-03    8.54376e-01   -1.12515e+00    6.88367e-01    1.79434e+00    4.81953e-02    6.99676e+00    1.87914e+05
-bu_c +Nd_T    2.36166e-02    2.61971e-01   -1.95220e-01    1.69586e+00    3.20601e-01   -1.34563e-01    3.61390e-03    8.54376e-01   -8.74845e-01    6.88367e-01    1.79434e+00    4.81953e-02    6.99676e+00   -1.11110e+04
-bu_c -Nd_T    2.36166e-02    2.61971e-01   -1.95220e-01    1.69586e+00    3.20601e-01   -1.34563e-01    3.61390e-03    8.54376e-01   -1.12515e+00    6.88367e-01    1.79434e+00    4.81953e-02    6.99676e+00   -1.11110e+04
+bu_c +au_T    2.36166e-02    2.61971e-01   -1.95220e-01    1.69586e+00    3.20601e-01    1.34565e-01    3.61390e-03    8.54376e-01   -9.99999e-01    6.91077e-01    1.79434e+00    4.81953e-02    6.99676e+00    3.00184e+05
+bu_c -au_T    2.36166e-02    2.61971e-01   -1.95220e-01    1.69586e+00    3.20601e-01    1.34565e-01    3.61390e-03    8.54376e-01   -9.99999e-01    6.85657e-01    1.79434e+00    4.81953e-02    6.99676e+00    2.49853e+05
-bu_c +au_T    2.36166e-02    2.61971e-01   -1.95220e-01    1.69586e+00    3.20601e-01   -1.34563e-01    3.61390e-03    8.54376e-01   -9.99999e-01    6.91077e-01    1.79434e+00    4.81953e-02    6.99676e+00   -1.11110e+04
-bu_c -au_T    2.36166e-02    2.61971e-01   -1.95220e-01    1.69586e+00    3.20601e-01   -1.34563e-01    3.61390e-03    8.54376e-01   -9.99999e-01    6.85657e-01    1.79434e+00    4.81953e-02    6.99676e+00   -1.11110e+04
+bu_c +ad_T    2.36166e-02    2.61971e-01   -1.95220e-01    1.69586e+00    3.20601e-01    1.34565e-01    3.61390e-03    8.54376e-01   -9.99999e-01    6.88367e-01    1.83401e+00    4.81953e-02    6.99676e+00    2.89525e+05
+bu_c -ad_T    2.36166e-02    2.61971e-01   -1.95220e-01    1.69586e+00    3.20601e-01    1.34565e-01    3.61390e-03    8.54376e-01   -9.99999e-01    6.88367e-01    1.75467e+00    4.81953e-02    6.99676e+00    2.60116e+05
-bu_c +ad_T    2.36166e-02    2.61971e-01   -1.95220e-01    1.69586e+00    3.20601e-01   -1.34563e-01    3.61390e-03    8.54376e-01   -9.99999e-01    6.88367e-01    1.83401e+00    4.81953e-02    6.99676e+00   -1.11110e+04
-bu_c -ad_T    2.36166e-02    2.61971e-01   -1.95220e-01    1.69586e+00    3.20601e-01   -1.34563e-01    3.61390e-03    8.54376e-01   -9.99999e-01    6.88367e-01    1.75467e+00    4.81953e-02    6.99676e+00   -1.11110e+04
+bu_c +bu_T    2.36166e-02    2.61971e-01   -1.95220e-01    1.69586e+00    3.20601e-01    1.34565e-01    3.61390e-03    8.54376e-01   -9.99999e-01    6.88367e-01    1.79434e+00    5.06263e-02    6.99676e+00    2.47598e+05
+bu_c -bu_T    2.36166e-02    2.61971e-01   -1.95220e-01    1.69586e+00    3.20601e-01    1.34565e-01    3.61390e-03    8.54376e-01   -9.99999e-01    6.88367e-01    1.79434e+00    4.57643e-02    6.99676e+00    3.03162e+05
-bu_c +bu_T    2.36166e-02    2.61971e-01   -1.95220e-01    1.69586e+00    3.20601e-01   -1.34563e-01    3.61390e-03    8.54376e-01   -9.99999e-01    6.88367e-01    1.79434e+00    5.06263e-02    6.99676e+00   -1.11110e+04
-bu_c -bu_T    2.36166e-02    2.61971e-01   -1.95220e-01    1.69586e+00    3.20601e-01   -1.34563e-01    3.61390e-03    8.54376e-01   -9.99999e-01    6.88367e-01    1.79434e+00    4.57643e-02    6.99676e+00   -1.11110e+04
+bu_c +bd_T    2.36166e-02    2.61971e-01   -1.95220e-01    1.69586e+00    3.20601e-01    1.34565e-01    3.61390e-03    8.54376e-01   -9.99999e-01    6.88367e-01    1.79434e+00    4.81953e-02    7.16227e+00    2.63277e+05
+bu_c -bd_T    2.36166e-02    2.61971e-01   -1.95220e-01    1.69586e+00    3.20601e-01    1.34565e-01    3.61390e-03    8.54376e-01   -9.99999e-01    6.88367e-01    1.79434e+00    4.81953e-02    6.83125e+00    2.86395e+05
-bu_c +bd_T    2.36166e-02    2.61971e-01   -1.95220e-01    1.69586e+00    3.20601e-01   -1.34563e-01    3.61390e-03    8.54376e-01   -9.99999e-01    6.88367e-01    1.79434e+00    4.81953e-02    7.16227e+00   -1.11110e+04
-bu_c -bd_T    2.36166e-02    2.61971e-01   -1.95220e-01    1.69586e+00    3.20601e-01   -1.34563e-01    3.61390e-03    8.54376e-01   -9.99999e-01    6.88367e-01    1.79434e+00    4.81953e-02    6.83125e+00   -1.11110e+04
+bd_c +bd_c    2.36166e-02    2.61971e-01   -1.95220e-01    1.69586e+00    3.20601e-01    1.46831e-06    2.02050e-01    8.54376e-01   -9.99999e-01    6.88367e-01    1.79434e+00    4.81953e-02    6.99676e+00    1.39144e+04
+bd_c -bd_c    2.36166e-02    2.61971e-01   -1.95220e-01    1.69586e+00    3.20601e-01    1.46831e-06    2.02050e-01    8.54376e-01   -9.99999e-01    6.88367e-01    1.79434e+00    4.81953e-02    6.99676e+00    1.39144e+04
-bd_c +bd_c    2.36166e-02    2.61971e-01   -1.95220e-01    1.69586e+00    3.20601e-01    1.46831e-06   -1.94823e-01    8.54376e-01   -9.99999e-01    6.88367e-01    1.79434e+00    4.81953e-02    6.99676e+00   -1.11110e+04
-bd_c -bd_c    2.36166e-02    2.61971e-01   -1.95220e-01    1.69586e+00    3.20601e-01    1.46831e-06   -1.94823e-01    8.54376e-01   -9.99999e-01    6.88367e-01    1.79434e+00    4.81953e-02    6.99676e+00   -1.11110e+04
+bd_c +Nu_T    2.36166e-02    2.61971e-01   -1.95220e-01    1.69586e+00    3.20601e-01    1.46831e-06    2.02050e-01    9.40928e-01   -9.99999e-01    6.88367e-01    1.79434e+00    4.81953e-02    6.99676e+00    1.32269e+05
+bd_c -Nu_T    2.36166e-02    2.61971e-01   -1.95220e-01    1.69586e+00    3.20601e-01    1.46831e-06    2.02050e-01    7.67824e-01   -9.99999e-01    6.88367e-01    1.79434e+00    4.81953e-02    6.99676e+00    3.52834e+05
-bd_c +Nu_T    2.36166e-02    2.61971e-01   -1.95220e-01    1.69586e+00    3.20601e-01    1.46831e-06   -1.94823e-01    9.40928e-01   -9.99999e-01    6.88367e-01    1.79434e+00    4.81953e-02    6.99676e+00   -1.11110e+04
-bd_c -Nu_T    2.36166e-02    2.61971e-01   -1.95220e-01    1.69586e+00    3.20601e-01    1.46831e-06   -1.94823e-01    7.67824e-01   -9.99999e-01    6.88367e-01    1.79434e+00    4.81953e-02    6.99676e+00   -1.11110e+04
+bd_c +Nd_T    2.36166e-02    2.61971e-01   -1.95220e-01    1.69586e+00    3.20601e-01    1.46831e-06    2.02050e-01    8.54376e-01   -8.74845e-01    6.88367e-01    1.79434e+00    4.81953e-02    6.99676e+00    3.73228e+04
+bd_c -Nd_T    2.36166e-02    2.61971e-01   -1.95220e-01    1.69586e+00    3.20601e-01    1.46831e-06    2.02050e-01    8.54376e-01   -1.12515e+00    6.88367e-01    1.79434e+00    4.81953e-02    6.99676e+00    2.14481e+03
-bd_c +Nd_T    2.36166e-02    2.61971e-01   -1.95220e-01    1.69586e+00    3.20601e-01    1.46831e-06   -1.94823e-01    8.54376e-01   -8.74845e-01    6.88367e-01    1.79434e+00    4.81953e-02    6.99676e+00   -1.11110e+04
-bd_c -Nd_T    2.36166e-02    2.61971e-01   -1.95220e-01    1.69586e+00    3.20601e-01    1.46831e-06   -1.94823e-01    8.54376e-01   -1.12515e+00    6.88367e-01    1.79434e+00    4.81953e-02    6.99676e+00   -1.11110e+04
+bd_c +au_T    2.36166e-02    2.61971e-01   -1.95220e-01    1.69586e+00    3.20601e-01    1.46831e-06    2.02050e-01    8.54376e-01   -9.99999e-01    6.91077e-01    1.79434e+00    4.81953e-02    6.99676e+00    2.09106e+04
+bd_c -au_T    2.36166e-02    2.61971e-01   -1.95220e-01    1.69586e+00    3.20601e-01    1.46831e-06    2.02050e-01    8.54376e-01   -9.99999e-01    6.85657e-01    1.79434e+00    4.81953e-02    6.99676e+00    8.36374e+03
-bd_c +au_T    2.36166e-02    2.61971e-01   -1.95220e-01    1.69586e+00    3.20601e-01    1.46831e-06   -1.94823e-01    8.54376e-01   -9.99999e-01    6.91077e-01    1.79434e+00    4.81953e-02    6.99676e+00   -1.11110e+04
-bd_c -au_T    2.36166e-02    2.61971e-01   -1.95220e-01    1.69586e+00    3.20601e-01    1.46831e-06   -1.94823e-01    8.54376e-01   -9.99999e-01    6.85657e-01    1.79434e+00    4.81953e-02    6.99676e+00   -1.11110e+04
+bd_c +ad_T    2.36166e-02    2.61971e-01   -1.95220e-01    1.69586e+00    3.20601e-01    1.46831e-06    2.02050e-01    8.54376e-01   -9.99999e-01    6.88367e-01    1.83401e+00    4.81953e-02    6.99676e+00    1.67209e+04
+bd_c -ad_T    2.36166e-02    2.61971e-01   -1.95220e-01    1.69586e+00    3.20601e-01    1.46831e-06    2.02050e-01    8.54376e-01   -9.99999e-01    6.88367e-01    1.75467e+00    4.81953e-02    6.99676e+00    1.14171e+04
-bd_c +ad_T    2.36166e-02    2.61971e-01   -1.95220e-01    1.69586e+00    3.20601e-01    1.46831e-06   -1.94823e-01    8.54376e-01   -9.99999e-01    6.88367e-01    1.83401e+00    4.81953e-02    6.99676e+00   -1.11110e+04
-bd_c -ad_T    2.36166e-02    2.61971e-01   -1.95220e-01    1.69586e+00    3.20601e-01    1.46831e-06   -1.94823e-01    8.54376e-01   -9.99999e-01    6.88367e-01    1.75467e+00    4.81953e-02    6.99676e+00   -1.11110e+04
+bd_c +bu_T    2.36166e-02    2.61971e-01   -1.95220e-01    1.69586e+00    3.20601e-01    1.46831e-06    2.02050e-01    8.54376e-01   -9.99999e-01    6.88367e-01    1.79434e+00    5.06263e-02    6.99676e+00    7.94870e+03
+bd_c -bu_T    2.36166e-02    2.61971e-01   -1.95220e-01    1.69586e+00    3.20601e-01    1.46831e-06    2.02050e-01    8.54376e-01   -9.99999e-01    6.88367e-01    1.79434e+00    4.57643e-02    6.99676e+00    2.17449e+04
-bd_c +bu_T    2.36166e-02    2.61971e-01   -1.95220e-01    1.69586e+00    3.20601e-01    1.46831e-06   -1.94823e-01    8.54376e-01   -9.99999e-01    6.88367e-01    1.79434e+00    5.06263e-02    6.99676e+00   -1.11110e+04
-bd_c -bu_T    2.36166e-02    2.61971e-01   -1.95220e-01    1.69586e+00    3.20601e-01    1.46831e-06   -1.94823e-01    8.54376e-01   -9.99999e-01    6.88367e-01    1.79434e+00    4.57643e-02    6.99676e+00   -1.11110e+04
+bd_c +bd_T    2.36166e-02    2.61971e-01   -1.95220e-01    1.69586e+00    3.20601e-01    1.46831e-06    2.02050e-01    8.54376e-01   -9.99999e-01    6.88367e-01    1.79434e+00    4.81953e-02    7.16227e+00    1.19317e+04
+bd_c -bd_T    2.36166e-02    2.61971e-01   -1.95220e-01    1.69586e+00    3.20601e-01    1.46831e-06    2.02050e-01    8.54376e-01   -9.99999e-01    6.88367e-01    1.79434e+00    4.81953e-02    6.83125e+00    1.61398e+04
-bd_c +bd_T    2.36166e-02    2.61971e-01   -1.95220e-01    1.69586e+00    3.20601e-01    1.46831e-06   -1.94823e-01    8.54376e-01   -9.99999e-01    6.88367e-01    1.79434e+00    4.81953e-02    7.16227e+00   -1.11110e+04
-bd_c -bd_T    2.36166e-02    2.61971e-01   -1.95220e-01    1.69586e+00    3.20601e-01    1.46831e-06   -1.94823e-01    8.54376e-01   -9.99999e-01    6.88367e-01    1.79434e+00    4.81953e-02    6.83125e+00   -1.11110e+04
+Nu_T +Nu_T    2.36166e-02    2.61971e-01   -1.95220e-01    1.69586e+00    3.20601e-01    1.46831e-06    3.61390e-03    9.40928e-01   -9.99999e-01    6.88367e-01    1.79434e+00    4.81953e-02    6.99676e+00    2.28402e+05
+Nu_T -Nu_T    2.36166e-02    2.61971e-01   -1.95220e-01    1.69586e+00    3.20601e-01    1.46831e-06    3.61390e-03    9.40928e-01   -9.99999e-01    6.88367e-01    1.79434e+00    4.81953e-02    6.99676e+00    2.28402e+05
-Nu_T +Nu_T    2.36166e-02    2.61971e-01   -1.95220e-01    1.69586e+00    3.20601e-01    1.46831e-06    3.61390e-03    7.67824e-01   -9.99999e-01    6.88367e-01    1.79434e+00    4.81953e-02    6.99676e+00    2.30108e+05
-Nu_T -Nu_T    2.36166e-02    2.61971e-01   -1.95220e-01    1.69586e+00    3.20601e-01    1.46831e-06    3.61390e-03    7.67824e-01   -9.99999e-01    6.88367e-01    1.79434e+00    4.81953e-02    6.99676e+00    2.30108e+05
+Nu_T +Nd_T    2.36166e-02    2.61971e-01   -1.95220e-01    1.69586e+00    3.20601e-01    1.46831e-06    3.61390e-03    9.40928e-01   -8.74845e-01    6.88367e-01    1.79434e+00    4.81953e-02    6.99676e+00    1.50135e+05
+Nu_T -Nd_T    2.36166e-02    2.61971e-01   -1.95220e-01    1.69586e+00    3.20601e-01    1.46831e-06    3.61390e-03    9.40928e-01   -1.12515e+00    6.88367e-01    1.79434e+00    4.81953e-02    6.99676e+00    3.23073e+05
-Nu_T +Nd_T    2.36166e-02    2.61971e-01   -1.95220e-01    1.69586e+00    3.20601e-01    1.46831e-06    3.61390e-03    7.67824e-01   -8.74845e-01    6.88367e-01    1.79434e+00    4.81953e-02    6.99676e+00    3.25096e+05
-Nu_T -Nd_T    2.36166e-02    2.61971e-01   -1.95220e-01    1.69586e+00    3.20601e-01    1.46831e-06    3.61390e-03    7.67824e-01   -1.12515e+00    6.88367e-01    1.79434e+00    4.81953e-02    6.99676e+00    1.51534e+05
+Nu_T +au_T    2.36166e-02    2.61971e-01   -1.95220e-01    1.69586e+00    3.20601e-01    1.46831e-06    3.61390e-03    9.40928e-01   -9.99999e-01    6.91077e-01    1.79434e+00    4.81953e-02    6.99676e+00    2.00767e+05
+Nu_T -au_T    2.36166e-02    2.61971e-01   -1.95220e-01    1.69586e+00    3.20601e-01    1.46831e-06    3.61390e-03    9.40928e-01   -9.99999e-01    6.85657e-01    1.79434e+00    4.81953e-02    6.99676e+00    2.57998e+05
-Nu_T +au_T    2.36166e-02    2.61971e-01   -1.95220e-01    1.69586e+00    3.20601e-01    1.46831e-06    3.61390e-03    7.67824e-01   -9.99999e-01    6.91077e-01    1.79434e+00    4.81953e-02    6.99676e+00    2.54069e+05
-Nu_T -au_T    2.36166e-02    2.61971e-01   -1.95220e-01    1.69586e+00    3.20601e-01    1.46831e-06    3.61390e-03    7.67824e-01   -9.99999e-01    6.85657e-01    1.79434e+00    4.81953e-02    6.99676e+00    2.07209e+05
+Nu_T +ad_T    2.36166e-02    2.61971e-01   -1.95220e-01    1.69586e+00    3.20601e-01    1.46831e-06    3.61390e-03    9.40928e-01   -9.99999e-01    6.88367e-01    1.83401e+00    4.81953e-02    6.99676e+00    2.15091e+05
+Nu_T -ad_T    2.36166e-02    2.61971e-01   -1.95220e-01    1.69586e+00    3.20601e-01    1.46831e-06    3.61390e-03    9.40928e-01   -9.99999e-01    6.88367e-01    1.75467e+00    4.81953e-02    6.99676e+00    2.41900e+05
-Nu_T +ad_T    2.36166e-02    2.61971e-01   -1.95220e-01    1.69586e+00    3.20601e-01    1.46831e-06    3.61390e-03    7.67824e-01   -9.99999e-01    6.88367e-01    1.83401e+00    4.81953e-02    6.99676e+00    2.43865e+05
-Nu_T -ad_T    2.36166e-02    2.61971e-01   -1.95220e-01    1.69586e+00    3.20601e-01    1.46831e-06    3.61390e-03    7.67824e-01   -9.99999e-01    6.88367e-01    1.75467e+00    4.81953e-02    6.99676e+00    2.16950e+05
+Nu_T +bu_T    2.36166e-02    2.61971e-01   -1.95220e-01    1.69586e+00    3.20601e-01    1.46831e-06    3.61390e-03    9.40928e-01   -9.99999e-01    6.88367e-01    1.79434e+00    5.06263e-02    6.99676e+00    2.60680e+05
+Nu_T -bu_T    2.36166e-02    2.61971e-01   -1.95220e-01    1.69586e+00    3.20601e-01    1.46831e-06    3.61390e-03    9.40928e-01   -9.99999e-01    6.88367e-01    1.79434e+00    4.57643e-02    6.99676e+00    1.97918e+05
-Nu_T +bu_T    2.36166e-02    2.61971e-01   -1.95220e-01    1.69586e+00    3.20601e-01    1.46831e-06    3.61390e-03    7.67824e-01   -9.99999e-01    6.88367e-01    1.79434e+00    5.06263e-02    6.99676e+00    2.05257e+05
-Nu_T -bu_T    2.36166e-02    2.61971e-01   -1.95220e-01    1.69586e+00    3.20601e-01    1.46831e-06    3.61390e-03    7.67824e-01   -9.99999e-01    6.88367e-01    1.79434e+00    4.57643e-02    6.99676e+00    2.56702e+05
+Nu_T +bd_T    2.36166e-02    2.61971e-01   -1.95220e-01    1.69586e+00    3.20601e-01    1.46831e-06    3.61390e-03    9.40928e-01   -9.99999e-01    6.88367e-01    1.79434e+00    4.81953e-02    7.16227e+00    2.38870e+05
+Nu_T -bd_T    2.36166e-02    2.61971e-01   -1.95220e-01    1.69586e+00    3.20601e-01    1.46831e-06    3.61390e-03    9.40928e-01   -9.99999e-01    6.88367e-01    1.79434e+00    4.81953e-02    6.83125e+00    2.17807e+05
-Nu_T +bd_T    2.36166e-02    2.61971e-01   -1.95220e-01    1.69586e+00    3.20601e-01    1.46831e-06    3.61390e-03    7.67824e-01   -9.99999e-01    6.88367e-01    1.79434e+00    4.81953e-02    7.16227e+00    2.19837e+05
-Nu_T -bd_T    2.36166e-02    2.61971e-01   -1.95220e-01    1.69586e+00    3.20601e-01    1.46831e-06    3.61390e-03    7.67824e-01   -9.99999e-01    6.88367e-01    1.79434e+00    4.81953e-02    6.83125e+00    2.40992e+05
+Nd_T +Nd_T    2.36166e-02    2.61971e-01   -1.95220e-01    1.69586e+00    3.20601e-01    1.46831e-06    3.61390e-03    8.54376e-01   -8.74845e-01    6.88367e-01    1.79434e+00    4.81953e-02    6.99676e+00    8.98267e+03
+Nd_T -Nd_T    2.36166e-02    2.61971e-01   -1.95220e-01    1.69586e+00    3.20601e-01    1.46831e-06    3.61390e-03    8.54376e-01   -8.74845e-01    6.88367e-01    1.79434e+00    4.81953e-02    6.99676e+00    8.98267e+03
-Nd_T +Nd_T    2.36166e-02    2.61971e-01   -1.95220e-01    1.69586e+00    3.20601e-01    1.46831e-06    3.61390e-03    8.54376e-01   -1.12515e+00    6.88367e-01    1.79434e+00    4.81953e-02    6.99676e+00    8.66791e+03
-Nd_T -Nd_T    2.36166e-02    2.61971e-01   -1.95220e-01    1.69586e+00    3.20601e-01    1.46831e-06    3.61390e-03    8.54376e-01   -1.12515e+00    6.88367e-01    1.79434e+00    4.81953e-02    6.99676e+00    8.66791e+03
+Nd_T +au_T    2.36166e-02    2.61971e-01   -1.95220e-01    1.69586e+00    3.20601e-01    1.46831e-06    3.61390e-03    8.54376e-01   -8.74845e-01    6.91077e-01    1.79434e+00    4.81953e-02    6.99676e+00    1.46835e+04
+Nd_T -au_T    2.36166e-02    2.61971e-01   -1.95220e-01    1.69586e+00    3.20601e-01    1.46831e-06    3.61390e-03    8.54376e-01   -8.74845e-01    6.85657e-01    1.79434e+00    4.81953e-02    6.99676e+00    4.73303e+03
-Nd_T +au_T    2.36166e-02    2.61971e-01   -1.95220e-01    1.69586e+00    3.20601e-01    1.46831e-06    3.61390e-03    8.54376e-01   -1.12515e+00    6.91077e-01    1.79434e+00    4.81953e-02    6.99676e+00    4.53553e+03
-Nd_T -au_T    2.36166e-02    2.61971e-01   -1.95220e-01    1.69586e+00    3.20601e-01    1.46831e-06    3.61390e-03    8.54376e-01   -1.12515e+00    6.85657e-01    1.79434e+00    4.81953e-02    6.99676e+00    1.43098e+04
+Nd_T +ad_T    2.36166e-02    2.61971e-01   -1.95220e-01    1.69586e+00    3.20601e-01    1.46831e-06    3.61390e-03    8.54376e-01   -8.74845e-01    6.88367e-01    1.83401e+00    4.81953e-02    6.99676e+00    1.14014e+04
+Nd_T -ad_T    2.36166e-02    2.61971e-01   -1.95220e-01    1.69586e+00    3.20601e-01    1.46831e-06    3.61390e-03    8.54376e-01   -8.74845e-01    6.88367e-01    1.75467e+00    4.81953e-02    6.99676e+00    6.89849e+03
-Nd_T +ad_T    2.36166e-02    2.61971e-01   -1.95220e-01    1.69586e+00    3.20601e-01    1.46831e-06    3.61390e-03    8.54376e-01   -1.12515e+00    6.88367e-01    1.83401e+00    4.81953e-02    6.99676e+00    6.06322e+03
-Nd_T -ad_T    2.36166e-02    2.61971e-01   -1.95220e-01    1.69586e+00    3.20601e-01    1.46831e-06    3.61390e-03    8.54376e-01   -1.12515e+00    6.88367e-01    1.75467e+00    4.81953e-02    6.99676e+00    1.17305e+04
+Nd_T +bu_T    2.36166e-02    2.61971e-01   -1.95220e-01    1.69586e+00    3.20601e-01    1.46831e-06    3.61390e-03    8.54376e-01   -8.74845e-01    6.88367e-01    1.79434e+00    5.06263e-02    6.99676e+00    4.43179e+03
+Nd_T -bu_T    2.36166e-02    2.61971e-01   -1.95220e-01    1.69586e+00    3.20601e-01    1.46831e-06    3.61390e-03    8.54376e-01   -8.74845e-01    6.88367e-01    1.79434e+00    4.57643e-02    6.99676e+00    1.53798e+04
-Nd_T +bu_T    2.36166e-02    2.61971e-01   -1.95220e-01    1.69586e+00    3.20601e-01    1.46831e-06    3.61390e-03    8.54376e-01   -1.12515e+00    6.88367e-01    1.79434e+00    5.06263e-02    6.99676e+00    1.48747e+04
-Nd_T -bu_T    2.36166e-02    2.61971e-01   -1.95220e-01    1.69586e+00    3.20601e-01    1.46831e-06    3.61390e-03    8.54376e-01   -1.12515e+00    6.88367e-01    1.79434e+00    4.57643e-02    6.99676e+00    4.18171e+03
+Nd_T +bd_T    2.36166e-02    2.61971e-01   -1.95220e-01    1.69586e+00    3.20601e-01    1.46831e-06    3.61390e-03    8.54376e-01   -8.74845e-01    6.88367e-01    1.79434e+00    4.81953e-02    7.16227e+00    7.33521e+03
+Nd_T -bd_T    2.36166e-02    2.61971e-01   -1.95220e-01    1.69586e+00    3.20601e-01    1.46831e-06    3.61390e-03    8.54376e-01   -8.74845e-01    6.88367e-01    1.79434e+00    4.81953e-02    6.83125e+00    1.08773e+04
-Nd_T +bd_T    2.36166e-02    2.61971e-01   -1.95220e-01    1.69586e+00    3.20601e-01    1.46831e-06    3.61390e-03    8.54376e-01   -1.12515e+00    6.88367e-01    1.79434e+00    4.81953e-02    7.16227e+00    1.10082e+04
-Nd_T -bd_T    2.36166e-02    2.61971e-01   -1.95220e-01    1.69586e+00    3.20601e-01    1.46831e-06    3.61390e-03    8.54376e-01   -1.12515e+00    6.88367e-01    1.79434e+00    4.81953e-02    6.83125e+00    6.55897e+03
+au_T +au_T    2.36166e-02    2.61971e-01   -1.95220e-01    1.69586e+00    3.20601e-01    1.46831e-06    3.61390e-03    8.54376e-01   -9.99999e-01    6.91077e-01    1.79434e+00    4.81953e-02    6.99676e+00    1.40171e+03
+au_T -au_T    2.36166e-02    2.61971e-01   -1.95220e-01    1.69586e+00    3.20601e-01    1.46831e-06    3.61390e-03    8.54376e-01   -9.99999e-01    6.91077e-01    1.79434e+00    4.81953e-02    6.99676e+00    1.40171e+03
-au_T +au_T    2.36166e-02    2.61971e-01   -1.95220e-01    1.69586e+00    3.20601e-01    1.46831e-06    3.61390e-03    8.54376e-01   -9.99999e-01    6.85657e-01    1.79434e+00    4.81953e-02    6.99676e+00    1.31329e+03
-au_T -au_T    2.36166e-02    2.61971e-01   -1.95220e-01    1.69586e+00    3.20601e-01    1.46831e-06    3.61390e-03    8.54376e-01   -9.99999e-01    6.85657e-01    1.79434e+00    4.81953e-02    6.99676e+00    1.31329e+03
+au_T +ad_T    2.36166e-02    2.61971e-01   -1.95220e-01    1.69586e+00    3.20601e-01    1.46831e-06    3.61390e-03    8.54376e-01   -9.99999e-01    6.91077e-01    1.83401e+00    4.81953e-02    6.99676e+00    2.39495e+03
+au_T -ad_T    2.36166e-02    2.61971e-01   -1.95220e-01    1.69586e+00    3.20601e-01    1.46831e-06    3.61390e-03    8.54376e-01   -9.99999e-01    6.91077e-01    1.75467e+00    4.81953e-02    6.99676e+00    8.15539e+02
-au_T +ad_T    2.36166e-02    2.61971e-01   -1.95220e-01    1.69586e+00    3.20601e-01    1.46831e-06    3.61390e-03    8.54376e-01   -9.99999e-01    6.85657e-01    1.83401e+00    4.81953e-02    6.99676e+00    7.65691e+02
-au_T -ad_T    2.36166e-02    2.61971e-01   -1.95220e-01    1.69586e+00    3.20601e-01    1.46831e-06    3.61390e-03    8.54376e-01   -9.99999e-01    6.85657e-01    1.75467e+00    4.81953e-02    6.99676e+00    2.24510e+03
+au_T +bu_T    2.36166e-02    2.61971e-01   -1.95220e-01    1.69586e+00    3.20601e-01    1.46831e-06    3.61390e-03    8.54376e-01   -9.99999e-01    6.91077e-01    1.79434e+00    5.06263e-02    6.99676e+00    6.18244e+02
+au_T -bu_T    2.36166e-02    2.61971e-01   -1.95220e-01    1.69586e+00    3.20601e-01    1.46831e-06    3.61390e-03    8.54376e-01   -9.99999e-01    6.91077e-01    1.79434e+00    4.57643e-02    6.99676e+00    3.97302e+03
-au_T +bu_T    2.36166e-02    2.61971e-01   -1.95220e-01    1.69586e+00    3.20601e-01    1.46831e-06    3.61390e-03    8.54376e-01   -9.99999e-01    6.85657e-01    1.79434e+00    5.06263e-02    6.99676e+00    3.77712e+03
-au_T -bu_T    2.36166e-02    2.61971e-01   -1.95220e-01    1.69586e+00    3.20601e-01    1.46831e-06    3.61390e-03    8.54376e-01   -9.99999e-01    6.85657e-01    1.79434e+00    4.57643e-02    6.99676e+00    6.30552e+02
+au_T +bd_T    2.36166e-02    2.61971e-01   -1.95220e-01    1.69586e+00    3.20601e-01    1.46831e-06    3.61390e-03    8.54376e-01   -9.99999e-01    6.91077e-01    1.79434e+00    4.81953e-02    7.16227e+00    9.12024e+02
+au_T -bd_T    2.36166e-02    2.61971e-01   -1.95220e-01    1.69586e+00    3.20601e-01    1.46831e-06    3.61390e-03    8.54376e-01   -9.99999e-01    6.91077e-01    1.79434e+00    4.81953e-02    6.83125e+00    2.15721e+03
-au_T +bd_T    2.36166e-02    2.61971e-01   -1.95220e-01    1.69586e+00    3.20601e-01    1.46831e-06    3.61390e-03    8.54376e-01   -9.99999e-01    6.85657e-01    1.79434e+00    4.81953e-02    7.16227e+00    2.00476e+03
-au_T -bd_T    2.36166e-02    2.61971e-01   -1.95220e-01    1.69586e+00    3.20601e-01    1.46831e-06    3.61390e-03    8.54376e-01   -9.99999e-01    6.85657e-01    1.79434e+00    4.81953e-02    6.83125e+00    8.45898e+02
+ad_T +ad_T    2.36166e-02    2.61971e-01   -1.95220e-01    1.69586e+00    3.20601e-01    1.46831e-06    3.61390e-03    8.54376e-01   -9.99999e-01    6.88367e-01    1.83401e+00    4.81953e-02    6.99676e+00    8.41854e+02
+ad_T -ad_T    2.36166e-02    2.61971e-01   -1.95220e-01    1.69586e+00    3.20601e-01    1.46831e-06    3.61390e-03    8.54376e-01   -9.99999e-01    6.88367e-01    1.83401e+00    4.81953e-02    6.99676e+00    8.41854e+02
-ad_T +ad_T    2.36166e-02    2.61971e-01   -1.95220e-01    1.69586e+00    3.20601e-01    1.46831e-06    3.61390e-03    8.54376e-01   -9.99999e-01    6.88367e-01    1.75467e+00    4.81953e-02    6.99676e+00    7.87545e+02
-ad_T -ad_T    2.36166e-02    2.61971e-01   -1.95220e-01    1.69586e+00    3.20601e-01    1.46831e-06    3.61390e-03    8.54376e-01   -9.99999e-01    6.88367e-01    1.75467e+00    4.81953e-02    6.99676e+00    7.87545e+02
+ad_T +bu_T    2.36166e-02    2.61971e-01   -1.95220e-01    1.69586e+00    3.20601e-01    1.46831e-06    3.61390e-03    8.54376e-01   -9.99999e-01    6.88367e-01    1.83401e+00    5.06263e-02    6.99676e+00    8.30194e+02
+ad_T -bu_T    2.36166e-02    2.61971e-01   -1.95220e-01    1.69586e+00    3.20601e-01    1.46831e-06    3.61390e-03    8.54376e-01   -9.99999e-01    6.88367e-01    1.83401e+00    4.57643e-02    6.99676e+00    2.64787e+03
-ad_T +bu_T    2.36166e-02    2.61971e-01   -1.95220e-01    1.69586e+00    3.20601e-01    1.46831e-06    3.61390e-03    8.54376e-01   -9.99999e-01    6.88367e-01    1.75467e+00    5.06263e-02    6.99676e+00    2.44324e+03
-ad_T -bu_T    2.36166e-02    2.61971e-01   -1.95220e-01    1.69586e+00    3.20601e-01    1.46831e-06    3.61390e-03    8.54376e-01   -9.99999e-01    6.88367e-01    1.75467e+00    4.57643e-02    6.99676e+00    9.06290e+02
+ad_T +bd_T    2.36166e-02    2.61971e-01   -1.95220e-01    1.69586e+00    3.20601e-01    1.46831e-06    3.61390e-03    8.54376e-01   -9.99999e-01    6.88367e-01    1.83401e+00    4.81953e-02    7.16227e+00    6.31164e+02
+ad_T -bd_T    2.36166e-02    2.61971e-01   -1.95220e-01    1.69586e+00    3.20601e-01    1.46831e-06    3.61390e-03    8.54376e-01   -9.99999e-01    6.88367e-01    1.83401e+00    4.81953e-02    6.83125e+00    1.32118e+03
-ad_T +bd_T    2.36166e-02    2.61971e-01   -1.95220e-01    1.69586e+00    3.20601e-01    1.46831e-06    3.61390e-03    8.54376e-01   -9.99999e-01    6.88367e-01    1.75467e+00    4.81953e-02    7.16227e+00    1.17449e+03
-ad_T -bd_T    2.36166e-02    2.61971e-01   -1.95220e-01    1.69586e+00    3.20601e-01    1.46831e-06    3.61390e-03    8.54376e-01   -9.99999e-01    6.88367e-01    1.75467e+00    4.81953e-02    6.83125e+00    6.20809e+02
+bu_T +bu_T    2.36166e-02    2.61971e-01   -1.95220e-01    1.69586e+00    3.20601e-01    1.46831e-06    3.61390e-03    8.54376e-01   -9.99999e-01    6.88367e-01    1.79434e+00    5.06263e-02    6.99676e+00    1.44512e+03
+bu_T -bu_T    2.36166e-02    2.61971e-01   -1.95220e-01    1.69586e+00    3.20601e-01    1.46831e-06    3.61390e-03    8.54376e-01   -9.99999e-01    6.88367e-01    1.79434e+00    5.06263e-02    6.99676e+00    1.44512e+03
-bu_T +bu_T    2.36166e-02    2.61971e-01   -1.95220e-01    1.69586e+00    3.20601e-01    1.46831e-06    3.61390e-03    8.54376e-01   -9.99999e-01    6.88367e-01    1.79434e+00    4.57643e-02    6.99676e+00    1.57294e+03
-bu_T -bu_T    2.36166e-02    2.61971e-01   -1.95220e-01    1.69586e+00    3.20601e-01    1.46831e-06    3.61390e-03    8.54376e-01   -9.99999e-01    6.88367e-01    1.79434e+00    4.57643e-02    6.99676e+00    1.57294e+03
+bu_T +bd_T    2.36166e-02    2.61971e-01   -1.95220e-01    1.69586e+00    3.20601e-01    1.46831e-06    3.61390e-03    8.54376e-01   -9.99999e-01    6.88367e-01    1.79434e+00    5.06263e-02    7.16227e+00    2.18818e+03
+bu_T -bd_T    2.36166e-02    2.61971e-01   -1.95220e-01    1.69586e+00    3.20601e-01    1.46831e-06    3.61390e-03    8.54376e-01   -9.99999e-01    6.88367e-01    1.79434e+00    5.06263e-02    6.83125e+00    9.24306e+02
-bu_T +bd_T    2.36166e-02    2.61971e-01   -1.95220e-01    1.69586e+00    3.20601e-01    1.46831e-06    3.61390e-03    8.54376e-01   -9.99999e-01    6.88367e-01    1.79434e+00    4.57643e-02    7.16227e+00    1.02067e+03
-bu_T -bd_T    2.36166e-02    2.61971e-01   -1.95220e-01    1.69586e+00    3.20601e-01    1.46831e-06    3.61390e-03    8.54376e-01   -9.99999e-01    6.88367e-01    1.79434e+00    4.57643e-02    6.83125e+00    2.39326e+03
+bd_T +bd_T    2.36166e-02    2.61971e-01   -1.95220e-01    1.69586e+00    3.20601e-01    1.46831e-06    3.61390e-03    8.54376e-01   -9.99999e-01    6.88367e-01    1.79434e+00    4.81953e-02    7.16227e+00    7.16001e+02
+bd_T -bd_T    2.36166e-02    2.61971e-01   -1.95220e-01    1.69586e+00    3.20601e-01    1.46831e-06    3.61390e-03    8.54376e-01   -9.99999e-01    6.88367e-01    1.79434e+00    4.81953e-02    7.16227e+00    7.16001e+02
-bd_T +bd_T    2.36166e-02    2.61971e-01   -1.95220e-01    1.69586e+00    3.20601e-01    1.46831e-06    3.61390e-03    8.54376e-01   -9.99999e-01    6.88367e-01    1.79434e+00    4.81953e-02    6.83125e+00    7.62643e+02
-bd_T -bd_T    2.36166e-02    2.61971e-01   -1.95220e-01    1.69586e+00    3.20601e-01    1.46831e-06    3.61390e-03    8.54376e-01   -9.99999e-01    6.88367e-01    1.79434e+00    4.81953e-02    6.83125e+00    7.62643e+02
