2
0	5
0 	0 	0.374103 	5.21269 	0.222636 	0.385488 	0.655043 	0.0100369 	2.40244e+06 	6.24828 	1.16031 	1.0807 	1.0807
0 	1 	0.374044 	5.38679 	0.215005 	0.414565 	0.6293 	0.010366 	2.40849e+06 	6.24828 	1.15045 	1.07526 	1.07526
0 	2 	0.374436 	5.46525 	0.199063 	0.439458 	0.602317 	0.0107712 	2.361e+06 	6.28319 	1.14563 	1.07365 	1.07365
0 	3 	0.37383 	5.50269 	0.206978 	0.470778 	0.566355 	0.0111706 	2.35918e+06 	6.17847 	1.08756 	1.0507 	1.0507
0 	4 	0.374319 	5.58035 	0.215135 	0.520832 	0.526224 	0.0134531 	1.84564e+06 	6.28319 	1.00104 	1.02664 	1.02664
1	2
1 	0 	0.374579 	5.30856 	0.599902 	0.401616 	0.640828 	0.0102672 	2.3916e+06 	4.32842 	1.19663 	1.12522 	1.12522
1 	1 	0.374041 	5.52493 	0.551986 	0.474453 	0.567583 	0.011331 	2.32181e+06 	3.59538 	1.11266 	1.28874 	1.28874
